1194
0.852678
1	1	1	1	1	10000001011101	00000000000000	10101010100001	0	0
1	2	1	1	2	10011111111101	10000000000000	00011110011101	0	0
1	3	2	1	3	10100100011011	10000000000101	11101001001101	0	0
1	4	2	1	4	01101001101001	01010100010100	10111000101111	0	1
1	5	3	2	1	01011011111111	01000010010100	00101011010011	0	0
1	6	2	2	2	11101110110110	00111111100100	10010101110001	0	0
1	7	2	2	3	10001111110001	00111001101111	00010010011010	0	0
1	8	2	2	4	10111010100100	10000011010000	00100011111100	0	1
1	9	2	3	1	00001000001001	10000000110010	01111111010010	0	0
1	10	2	3	2	11101001110101	11111111000110	11101101010110	0	1
1	11	3	3	3	10000101000001	01011110110100	11010100101111	0	0
1	12	3	3	4	11100011110011	00011111101101	11110000001010	0	0
1	13	2	4	1	00101001100001	10111001000010	11100010001110	0	0
1	14	2	4	2	01010101010000	11000100011010	10001111110111	0	0
1	15	3	4	3	11111111010100	00001111101001	00000000101111	0	0
1	16	2	4	4	00110100011111	10011011110000	01101111000101	0	0
1	17	1	5	1	00111001011111	01000000000000	01011100101010	0	1
1	18	2	5	2	10011001010100	11010101100010	10011110110001	0	0
1	19	2	5	3	11111011001100	11011111110100	11111000010110	0	0
1	20	1	5	4	11010010100000	11000000000000	10001000111111	0	0
2	1	2	1	1	10100100011001	01000101001001	10100010000100	0	1
2	2	3	1	2	01001101101101	00100010111111	10001011110111	0	0
2	3	3	1	3	11001100001111	01101001100000	10011011001010	0	0
2	4	1	1	4	10000000001010	00000000000000	11010010111000	0	0
2	5	2	2	1	11010110000110	10110011001010	11001101001101	0	0
2	6	3	2	2	10011111011001	11011010110110	11010101001001	0	1
2	7	2	2	3	00111110110110	11010101110011	10011110011010	0	0
2	8	2	2	4	11011000101011	00110010110110	00100100001110	0	0
2	9	2	3	1	11010111000111	01111010011000	01010111111110	0	1
2	10	1	3	2	00001001100111	10000000000000	11000110101101	0	0
2	11	1	3	3	00011100100100	01000000000000	10010100100100	0	0
2	12	2	3	4	00101110000100	10001001110111	00111000110001	0	0
2	13	3	4	1	11101111101111	00010000001111	10101011111011	0	1
2	14	2	4	2	11110101001111	11101101100010	11011001010001	0	0
2	15	2	4	3	11110111110000	00011000010101	10110010111110	0	0
2	16	2	4	4	00111000100010	00010010001110	00111110111010	0	0
2	17	1	5	1	01010011101111	11000000000000	11110111000000	0	0
2	18	2	5	2	11010100100011	10001100010000	11111011011100	0	0
2	19	2	5	3	11011110101010	10010101000000	11000101001010	0	0
2	20	2	5	4	11000110000101	00100111110010	10111100011111	0	0
3	1	2	1	1	11000111010110	01111010011110	01100001110101	0	0
3	2	1	1	2	00101001101111	00000000000000	01110111101111	0	0
3	3	2	1	3	10110110011101	10111011010110	00010101100000	0	0
3	4	2	1	4	11111011101101	00101111111010	00111010100000	0	1
3	5	2	2	1	10010000101101	01001101001001	11010000001101	0	0
3	6	1	2	2	01010110010011	10000000000000	00001110100110	0	0
3	7	2	2	3	00010011001000	10101101100001	01100010011010	0	0
3	8	2	2	4	01001100110001	00110101100101	10111111000001	0	0
3	9	2	3	1	10101110111101	01010010100000	01001111001010	0	0
3	10	2	3	2	01001101010011	00101101101110	00100111111000	0	0
3	11	3	3	3	00110100010100	01010100011001	01011011100101	0	0
3	12	3	3	4	11111111011111	11101101111111	10011011000010	0	0
3	13	2	4	1	10111101001011	11111011000111	10110011110111	0	0
3	14	3	4	2	11000010001100	10100100111100	01000111000001	0	0
3	15	2	4	3	10010000100000	01110110010000	00000110111011	0	0
3	16	1	4	4	11010101001100	01000000000000	01100010010001	0	1
3	17	2	5	1	00000100001101	11011001001001	00010101100000	0	0
3	18	2	5	2	11011011110010	10111000101011	00111011011001	0	1
3	19	1	5	3	00010001101001	11000000000000	00111101000111	0	0
3	20	3	5	4	10011000011000	01001111110010	11111000000111	0	1
4	1	2	1	1	10001000011111	11011110110011	01110000101010	0	1
4	2	2	1	2	10001010110010	11100110101001	11111100011111	0	0
4	3	2	1	3	11110000011001	10011100101111	00011011000001	0	0
4	4	2	1	4	01111111011001	11111111111101	11011111000110	0	0
4	5	3	2	1	00111110011101	11000001100011	01110100110100	0	0
4	6	2	2	2	11010110100000	11011001000101	01110100011011	0	1
4	7	1	2	3	00101000000001	00000000000000	01110010110110	0	0
4	8	1	2	4	01001000100011	10000000000000	10101111001011	0	0
4	9	2	3	1	01100011110010	11101111000010	00111100010101	0	0
4	10	2	3	2	01100000001010	00100010011011	00001011111100	0	0
4	11	3	3	3	11001011110110	00011110110001	00110010001001	0	0
4	12	3	3	4	00010000101010	01001111011011	01001001000011	0	0
4	13	2	4	1	01110110010101	00001001000000	01011101100111	0	0
4	14	2	4	2	00111100100011	11111100100111	11100011101110	0	1
4	15	2	4	3	01011000011100	00111001110111	10110110010000	0	0
4	16	1	4	4	10110101101001	01000000000000	01001111000010	0	0
4	17	2	5	1	01010010011101	10111110011110	11100000110000	0	1
4	18	3	5	2	01001011001001	01000100110100	10110000101000	0	0
4	19	2	5	3	00100010101111	11001101101110	00110001001011	0	0
4	20	1	5	4	11100110101100	11000000000000	00110001001110	0	0
5	1	3	1	1	10011010000101	11010100010000	01010111001100	0	1
5	2	2	1	2	10000011111100	10111000011100	00001011110101	0	0
5	3	2	1	3	00000001111110	00000000010000	10000100011000	0	0
5	4	2	1	4	10010010000110	00010110100011	10111111010100	0	0
5	5	1	2	1	01101111110010	00000000000000	00101101111000	0	0
5	6	2	2	2	11011111111100	00000101101110	10110001011010	0	0
5	7	3	2	3	00111000011010	01100010110011	01100111000011	0	0
5	8	2	2	4	11010101001100	10100011001101	00100111001110	0	1
5	9	1	3	1	11110111010110	10000000000000	11111001100011	0	0
5	10	2	3	2	00001101000111	01111001000110	01111101111010	0	0
5	11	1	3	3	11001100101101	01000000000000	01001111001110	0	0
5	12	2	3	4	01110101100110	00011001101111	01101100110100	0	0
5	13	2	4	1	01000011010111	11010001010010	01100011000100	0	1
5	14	2	4	2	10000111001001	11010101001101	00100100001100	0	1
5	15	2	4	3	10110100101101	00100101111100	10110100100000	0	0
5	16	2	4	4	01001101001011	01010100101101	10001011001010	0	0
5	17	3	5	1	01000010011101	00100000011000	01101100011001	0	0
5	18	2	5	2	00100011100110	10010011001100	01100010010001	0	0
5	19	3	5	3	00001000100001	00111100101010	01001000100011	0	0
5	20	1	5	4	00011010011101	11000000000000	01001100100110	0	0
6	1	1	1	1	00101000100011	00011111011011	00001011001101	0	0
6	2	2	1	2	10001111001111	11001100101001	11011000001110	0	0
6	3	2	1	3	10011001011100	01000001100001	00001011011000	0	0
6	4	2	1	4	00110101111011	00110110110111	11111110101101	0	0
6	5	1	2	1	10101110000011	11100101001010	00010010001011	0	0
6	6	1	2	2	00100001011111	00101100010111	01010010010101	0	1
6	7	2	2	3	11010010010110	11110010100101	10110100011110	0	1
6	8	2	2	4	10101101000111	10011011001110	01011001110101	0	0
6	9	2	3	1	01100000010000	01100110110111	10001101101000	0	0
6	10	3	3	2	11000011101100	10101011010000	01100010100110	0	1
6	11	2	3	3	11111101110000	01001000011110	10000011011010	0	0
6	12	3	3	4	00110000010000	10110010010010	00010010111110	0	0
6	13	2	4	1	01110010001010	10100000011111	11011111011001	0	0
6	14	2	4	2	01100111001000	11111111111101	10001000100000	0	0
6	15	1	4	3	11100001101101	10011110110110	01001010000110	0	0
6	16	2	4	4	11001100111100	00010000010100	11100001001110	0	0
6	17	3	5	1	10111000011011	10011010011101	00010001111111	0	0
6	18	2	5	2	00100101010101	00100110010110	11010100011000	0	0
6	19	3	5	3	11000100010001	00011001101101	11111001111010	0	1
6	20	2	5	4	01100000000111	11101101100101	00110111011011	0	0
7	1	1	1	1	11011010001101	00011000000110	00101010100011	0	0
7	2	3	1	2	01110111001010	00011011110010	10111000111110	0	0
7	3	2	1	3	00010010100111	11011101001010	00101101100101	0	1
7	4	2	1	4	01110101100010	10101010000111	10101011110110	0	1
7	5	3	2	1	00011010011010	10110001010000	00011010101111	0	0
7	6	2	2	2	00010101011100	11110101111011	01100011100000	0	0
7	7	3	2	3	00010111100100	01101100100110	00100001111001	0	0
7	8	2	2	4	00000010010110	00011010011000	00011100111111	0	0
7	9	1	3	1	11101110000100	01011101100011	00101001000110	0	0
7	10	2	3	2	00010000100000	01000011110000	00111010010100	0	0
7	11	2	3	3	10001111100010	11000101011111	01010101111010	0	0
7	12	2	3	4	11010101101110	11010001001000	11101011000100	0	1
7	13	2	4	1	11100001001110	01111001100000	11010100110110	0	0
7	14	1	4	2	01001010110010	00011100101101	01011101101111	0	0
7	15	2	4	3	11001110010101	10101101110001	01100110100000	0	0
7	16	2	4	4	10000111000000	11001010000010	01110110111011	0	0
7	17	3	5	1	11100011111101	11110111000011	00000100011010	0	0
7	18	1	5	2	10000000100010	00010010110110	10010110101100	0	0
7	19	2	5	3	10110000111001	01100001111010	10101100000011	0	0
7	20	2	5	4	01000000110111	00000000010100	11101011100000	0	1
8	1	2	1	1	01110001001111	10000111001111	00000011100010	0	0
8	2	3	1	2	11011111101110	10001110001111	01011001101100	0	0
8	3	3	1	3	01110000111100	00111101110100	00000110110111	0	0
8	4	1	1	4	00101110001101	01111000011110	11010010000111	0	0
8	5	2	2	1	00001110011111	01111000010100	01001011011111	0	0
8	6	2	2	2	00000100000110	01011001000110	00111101001001	0	0
8	7	2	2	3	10010000100000	11111111001001	11011100001000	0	0
8	8	1	2	4	01101011001010	10000100110010	10001010110111	0	0
8	9	2	3	1	11000100110100	11011111100101	10011100001011	0	0
8	10	1	3	2	10100001001111	00100000010011	00000011100000	0	1
8	11	2	3	3	11000111100000	01100010010001	10010101111000	0	0
8	12	2	3	4	10001110011011	00111010111001	01000111001000	0	0
8	13	2	4	1	00011011111100	10001001001001	10101111100100	0	1
8	14	3	4	2	00000011001100	11000110001110	00000010101011	0	0
8	15	1	4	3	01101000101101	11101010011110	01111111110110	0	1
8	16	2	4	4	10000101101010	01011011101001	11110001110111	0	0
8	17	2	5	1	10101001011100	11101111010100	11000001011110	0	0
8	18	3	5	2	00000111111011	11011110111001	10011011010111	0	0
8	19	2	5	3	00111001110111	01011011010101	11101011111010	0	0
8	20	2	5	4	00011101011100	10100000001011	10001010011001	0	1
9	1	2	1	1	00100110110001	00000000001111	00101001011001	0	1
9	2	2	1	2	11011011011001	01110111011110	10000001011000	0	0
9	3	1	1	3	11000010110001	10010011011000	11010100110110	0	1
9	4	2	1	4	01001000111111	01011111001110	11010001000010	0	0
9	5	3	2	1	11111011100000	00101100101000	11100101111010	0	0
9	6	2	2	2	10111111011001	11101110010010	10011011001010	0	0
9	7	2	2	3	01001011100111	00000000101111	01001010001100	0	0
9	8	2	2	4	01100010111010	01101000011110	10000001000100	0	1
9	9	3	3	1	10011100100000	10011011010011	11011001010110	0	0
9	10	2	3	2	11001100100111	00010100010110	00000110100101	0	0
9	11	2	3	3	11111001111001	11000101011111	01001001011111	0	1
9	12	3	3	4	11011100011010	01110110010100	11111000000000	0	0
9	13	2	4	1	00011111010001	01010001110110	11010010110100	0	0
9	14	2	4	2	11101100110100	10000110111100	01110110110100	0	0
9	15	3	4	3	11111010111110	00010010101100	11001100101111	0	0
9	16	1	4	4	10111010100011	01000110000100	00010101000110	0	0
9	17	1	5	1	01011100100010	10011110001101	11001110011000	0	0
9	18	1	5	2	10101110000001	00111101010001	01100011011000	0	0
9	19	2	5	3	00000101110000	11100101110011	10011110011111	0	0
9	20	2	5	4	01101011001101	11011000001100	01011011110001	0	0
10	1	2	1	1	11111111100101	10001010010000	01011001010101	0	0
10	2	1	1	2	00100111100001	01010110000000	11110011111010	0	0
10	3	3	1	3	11000011001111	01111110010101	01111101111011	0	0
10	4	1	1	4	01101000010110	00110100111110	01011011000111	0	1
10	5	3	2	1	00000100001100	00000110011100	10000100101101	0	0
10	6	2	2	2	10111001110100	10011100100010	11110100100101	0	0
10	7	2	2	3	10001101110100	10111101100110	11000101111101	0	0
10	8	2	2	4	00000110000101	00100000111000	00011101101110	0	1
10	9	2	3	1	01101111111000	01010100000100	10111001101001	0	0
10	10	2	3	2	10110000100000	10100001101011	01010100101001	0	1
10	11	3	3	3	10001101010011	11111101000000	10000001010011	0	0
10	12	2	3	4	10101000111011	10101001111110	11111011011000	0	0
10	13	2	4	1	10101101001100	10010100000101	10000100100110	0	0
10	14	2	4	2	01100001000000	01010000111001	10101010111011	0	0
10	15	2	4	3	11100010011011	01100010011101	01011100000110	0	0
10	16	1	4	4	11100101000101	11101010110011	11100101111111	0	0
10	17	3	5	1	01001111111000	00111010000000	11101100011100	0	1
10	18	1	5	2	11001011101010	01111101101110	11011100000111	0	0
10	19	2	5	3	01110001011110	01110010100001	01100010101100	0	0
10	20	2	5	4	11010011100110	01100101010000	11111010101011	0	0
11	1	2	1	1	01001100101110	00000011010010	00101011000000	0	0
11	2	2	1	2	01001111111100	00110001100111	01001011101010	0	0
11	3	3	1	3	11110110010110	10001100110100	10000101100001	0	0
11	4	1	1	4	11011011110111	11101000100010	00110100001010	0	0
11	5	2	2	1	00000011011101	00110101110010	11111001101111	0	0
11	6	2	2	2	11100001110101	10100111000010	11100010010111	0	0
11	7	3	2	3	00110111101111	10011010011010	00110011110000	0	1
11	8	1	2	4	00111000001010	01101101100000	00111001110000	0	0
11	9	2	3	1	01011100111111	01110001111001	11001111110001	0	1
11	10	2	3	2	01111101110101	11101001010100	00011100011001	0	0
11	11	2	3	3	11111111100110	01010101001111	00100100101101	0	0
11	12	2	3	4	11001010000001	11001000010110	01001011001101	0	0
11	13	2	4	1	01001011011100	10101010101101	00011110100011	0	0
11	14	1	4	2	11000010101111	01110011101101	00100110100100	0	1
11	15	2	4	3	11100001001101	01010000111000	00001110001111	0	0
11	16	2	4	4	11010000101100	00111010110110	11011001010100	0	0
11	17	2	5	1	00010110111100	00100101011110	11010010000000	0	0
11	18	3	5	2	00100101100101	00001110111111	00101000101100	0	0
11	19	3	5	3	11100000101111	10101000001010	01000001111001	0	0
11	20	1	5	4	10111011001110	01111010101100	11111100100011	0	1
12	1	1	1	1	00110110000001	10110111001110	00011010101001	0	0
12	2	2	1	2	10001111001011	11100010001011	00000000011010	0	0
12	3	2	1	3	10100001100000	01000100101111	00011000101110	0	0
12	4	2	1	4	00100010100101	01010001101001	10011000100100	0	0
12	5	3	1	5	00111100111101	11000010010010	10010101010000	0	0
12	6	3	2	1	10110100111111	11100101000101	10110101001100	0	1
12	7	2	2	2	10010011111100	00000010101010	00001001010100	1	0
12	8	1	2	3	00010010000101	01100100111011	01110011000100	0	0
12	9	3	2	4	00001111111000	00010101011010	01110011110110	0	0
12	10	2	2	5	00001011111011	11010110011101	00001101000110	0	0
12	11	2	3	1	01001011001110	01010111101010	11110100101000	0	0
12	12	2	3	2	11100001110001	00010101111111	00001000000010	1	0
12	13	2	3	3	00111111000010	11110110111010	10001001001111	1	0
12	14	2	3	4	11001101111111	01101001010001	10000111110110	0	1
12	15	2	3	5	01100011000011	10100101011111	01001111001100	0	1
12	16	2	4	1	01010000101000	10100101010111	10001110111110	0	0
12	17	3	4	2	10010101110001	01011010000010	00000111000110	0	0
12	18	1	4	3	11011011111010	00011011110110	10010111000101	0	1
12	19	2	4	4	10110010111001	00111011011111	10111001000111	0	1
12	20	2	4	5	01000000101010	11101000011111	11000111101000	0	0
12	21	2	5	1	10111010000010	00000111110001	11010110010010	0	1
12	22	2	5	2	11011111001110	01000011101111	10100110001011	1	1
12	23	2	5	3	01111011111010	00110100001110	01001011010001	0	0
12	24	2	5	4	11100111110010	10011011000100	01100011111001	1	1
12	25	1	5	5	00100110011011	10101100000110	10010010100001	0	0
13	1	2	1	1	10100110001000	11010100101101	00101110000100	0	1
13	2	1	1	2	00001101010111	01100000101010	00110000011100	0	0
13	3	2	1	3	00011000011001	10000010100101	01000101001101	1	1
13	4	1	1	4	11101101011110	01011111100110	01000101110011	0	0
13	5	2	1	5	10011101101000	01010100111110	11001110100010	0	0
13	6	2	2	1	10010000011101	01001111110001	01011101101010	1	0
13	7	2	2	2	10101011001001	01110111010101	00001101000001	0	1
13	8	2	2	3	00010100010111	11011100010011	11000110101010	0	0
13	9	2	2	4	10011111010000	10010001011011	01001110100001	0	0
13	10	3	2	5	10001100000010	00110000111010	10100111111001	0	0
13	11	1	3	1	01000101100100	10000100010001	10010000100010	0	0
13	12	2	3	2	11001110011100	11111100101111	00011000001011	0	0
13	13	2	3	3	01011000101011	00001000001000	11101011100111	1	0
13	14	2	3	4	10100011101001	00111111100011	11100011110110	0	1
13	15	2	3	5	01000111011101	00011100010100	11100011111100	1	0
13	16	1	4	1	11110110011110	10111000101101	11111101100101	0	0
13	17	2	4	2	10101000001011	00011110000000	11011101000100	0	1
13	18	3	4	3	00111001111110	00010001011100	11011100011010	0	0
13	19	2	4	4	11000100011011	11100111110111	11001110001000	0	0
13	20	2	4	5	11011011101000	01010001001000	01110101111000	0	0
13	21	2	5	1	00011100101110	10010001110010	10011010111010	0	1
13	22	3	5	2	10000010010001	00000010101010	10110010001011	0	1
13	23	3	5	3	01001010100001	01001010010110	10010111100011	0	0
13	24	2	5	4	01110110111101	00010110010110	10101111111011	1	1
13	25	2	5	5	01010000111101	01000101101101	00100000001111	0	0
14	1	3	1	1	11011011000101	00011111001110	10001000001100	0	1
14	2	2	1	2	10100010101011	11111111001001	01101011000101	0	0
14	3	3	1	3	01001010001000	11100000010101	11001101011111	0	0
14	4	2	1	4	11111100100000	01010100010110	00111000111001	0	0
14	5	2	1	5	01111011111000	10001111010011	00101011011100	0	1
14	6	2	2	1	00111101011111	00110011101111	10110010110111	0	0
14	7	2	2	2	10000100101111	11001000001111	10111110101001	1	1
14	8	2	2	3	01111101100101	10011001100010	00111001000010	0	1
14	9	2	2	4	01110101001010	10010011011100	01100111001101	0	0
14	10	2	2	5	01110100000111	00111110110110	10010111001101	0	0
14	11	1	3	1	01100100001110	11011110100111	00101010111111	0	0
14	12	1	3	2	01111010110011	00001101100111	11101100001101	0	0
14	13	3	3	3	00000000000011	10010101010011	10011110100100	0	0
14	14	2	3	4	11111110000111	10100101001111	10000000101111	0	1
14	15	2	3	5	10111100101111	10101101111111	10000111000110	1	1
14	16	1	4	1	01100010010111	10011100111100	11110000101110	0	0
14	17	2	4	2	00000000110101	01110000010000	10111100111111	0	0
14	18	3	4	3	10101101000010	10001000100010	01100111100100	0	0
14	19	2	4	4	10010000110110	01100010100010	01101000101011	1	0
14	20	1	4	5	11010111001110	00000100110110	11010111001011	0	0
14	21	2	5	1	10001001001000	01100100101001	00110001110001	1	0
14	22	2	5	2	00110000101000	10110110110010	00001110111011	1	1
14	23	2	5	3	01010100001010	11101110010011	10111100111010	0	0
14	24	2	5	4	10010010111100	01010010101111	00111011110101	0	0
14	25	2	5	5	11010011100100	00100111100001	00001110100100	0	1
15	1	1	1	1	10110001010101	11011001101111	01010011100101	0	1
15	2	2	1	2	01010111000011	10011111010110	01111001100101	0	0
15	3	2	1	3	11111010110111	00100110011101	10110010010010	0	0
15	4	3	1	4	01100101001001	11000100100010	01001001010101	0	0
15	5	2	1	5	00011110010110	00100000111100	01001110111010	0	1
15	6	2	2	1	01011100100101	10110100100101	11111100100010	1	0
15	7	2	2	2	01001000000011	11000001001011	11110000101011	1	0
15	8	2	2	3	10100111000111	11000100111101	01010011010000	1	0
15	9	1	2	4	00001001111011	00000011101100	01110100110111	0	0
15	10	2	2	5	10110011010101	10101100000110	01010011110111	1	0
15	11	1	3	1	01000010000101	11111111011000	00100010010111	0	0
15	12	2	3	2	00101100001001	11000111111011	01111100101100	0	1
15	13	2	3	3	00010100010011	01110001101100	11111111101111	1	0
15	14	2	3	4	01001011011111	00101100001010	11111000101001	0	0
15	15	2	3	5	00011110110011	01111000000111	01101100011011	0	0
15	16	2	4	1	11011110101010	10110011111100	11101101111110	0	1
15	17	2	4	2	01111000001011	00000100101010	00010010100001	0	0
15	18	3	4	3	10101011010101	00000101011000	11101000010100	0	0
15	19	3	4	4	01011111001011	10110011111000	00000011100010	0	1
15	20	1	4	5	11011100101000	11100101000111	00101001110100	0	1
15	21	2	5	1	10101010110100	11011101100110	01101101100000	0	1
15	22	3	5	2	11101010001000	01000001001000	10101101100100	0	0
15	23	2	5	3	01110111000010	01000011010010	11011001000011	0	0
15	24	2	5	4	11111010011100	10101101011101	00101001110000	0	1
15	25	2	5	5	01101000010000	00110111101010	01101111110110	0	0
16	1	3	1	1	10000011011100	10111101110100	01111100011101	0	0
16	2	3	1	2	11010000100000	00110000011010	11101000000101	0	1
16	3	2	1	3	01100100110000	10001110010001	01011100011011	1	1
16	4	2	1	4	00010101100010	11100110110001	01000111100011	1	0
16	5	2	1	5	11100101000010	01101111101110	10110001100111	0	0
16	6	2	2	1	11110011101010	11010000011011	11100101010101	1	0
16	7	2	2	2	01010011100011	10010011110000	10101001111000	0	1
16	8	2	2	3	00011110010101	11001111111001	10010101111011	0	1
16	9	2	2	4	01111110000111	01001011011101	00110110101000	0	0
16	10	2	2	5	11101001101010	11010010110001	00010111011111	0	0
16	11	1	3	1	11000011000110	10010001000011	11011001100010	0	0
16	12	2	3	2	01000110010111	10101101110111	10101100111111	0	0
16	13	2	3	3	01100000101011	00100000110011	10110010010001	1	0
16	14	2	3	4	00010111000010	10001010110111	01101000011110	0	0
16	15	2	3	5	11111110101010	10110000100111	00100101001011	0	1
16	16	2	4	1	00100110101011	10111101100000	10100110011000	0	0
16	17	1	4	2	10000001101111	10000110000110	01101101001011	0	0
16	18	2	4	3	01100100111100	01001100110100	10101010101010	0	0
16	19	3	4	4	11110111110110	00000110101010	10011100001110	0	1
16	20	1	4	5	11010100000001	01100110111100	01011000110010	0	0
16	21	3	5	1	11010110110110	10100001111101	00011001010011	0	0
16	22	2	5	2	00000100001011	00101101010000	10010000100001	0	0
16	23	2	5	3	01101001001010	01110000011111	11101000101000	0	0
16	24	1	5	4	10000011010101	01011011110100	00100001110101	0	1
16	25	2	5	5	10110010010001	01001000001101	10011010110101	1	1
17	1	1	1	1	10000001010011	01010100111010	00010100000100	0	0
17	2	2	1	2	11101101101110	01110000111001	01001110101100	0	0
17	3	2	1	3	11101111010110	11011101000010	01100010010010	0	0
17	4	3	1	4	10001000010101	11111100010101	00001111100011	0	1
17	5	1	1	5	10111010001101	01011101011111	00001011100000	0	1
17	6	2	2	1	01110001110100	01111011100110	01101011101000	0	0
17	7	2	2	2	10110010101000	11000111011010	10111110011100	0	0
17	8	1	2	3	01111001110000	01000011111111	01111110000100	0	0
17	9	2	2	4	10010100001110	00011111111010	10101100101110	1	0
17	10	2	2	5	11110001010100	00111011101010	00100110101000	0	0
17	11	2	3	1	11011100100010	01110110010100	01100001011101	1	0
17	12	2	3	2	00110101100110	00111101001011	01001000010010	0	1
17	13	3	3	3	01010100101101	11011101100111	00100000011110	0	1
17	14	2	3	4	00011011011100	01011110011000	10110010111010	0	0
17	15	2	3	5	00110010010000	10011000000011	00111101001000	0	1
17	16	2	4	1	00101101010111	00010001011111	10111110100011	0	1
17	17	2	4	2	10101111110000	10011011010101	01111110110100	0	1
17	18	1	4	3	11010001100010	11001110101001	11000100011110	0	0
17	19	2	4	4	00111101011000	10001010011100	11110100110011	1	0
17	20	2	4	5	11100011001001	01110110000010	10001011010000	1	0
17	21	3	5	1	11011000000111	11010001100111	11100111010100	0	0
17	22	2	5	2	00000010010100	10100101000000	10100100001110	0	0
17	23	2	5	3	01001011110110	00100001101001	11000101011000	1	1
17	24	3	5	4	01101001101100	00001111100001	10100101100000	0	0
17	25	2	5	5	01101110100000	01110110101100	00110010010010	0	0
