1	0.549091
2	0.608182
3	0.639091
4	0.73
5	0.73
6	0.73
7	0.73
8	0.73
9	0.73
10	0.73
11	0.79
12	0.85
13	0.85
14	0.85
15	0.85
16	0.85
17	0.85
18	0.85
19	0.85
20	0.85
21	0.85
22	0.85
23	0.85
24	0.85
25	0.85
26	0.85
27	0.85
28	0.85
29	0.85
30	0.85
31	0.85
32	0.88
33	0.91
34	0.91
35	0.91
36	0.91
37	0.91
38	0.91
39	0.91
40	0.91
41	0.91
42	0.91
43	0.91
44	0.94
45	0.94
46	0.94
47	0.94
48	0.94
49	0.94
50	0.94
51	0.94
52	0.94
53	0.94
54	0.94
55	0.94
56	0.94
57	0.94
58	0.94
59	0.97
60	0.97
61	0.97
62	0.97
63	0.97
64	0.97
65	0.97
66	0.97
67	0.97
68	0.97
69	0.97
70	0.97
71	0.97
72	0.97
73	0.97
74	0.97
75	0.97
76	0.97
77	0.97
78	0.97
79	0.97
80	0.97
81	0.97
82	0.97
83	0.97
84	0.97
85	0.97
86	0.97
87	0.97
88	0.97
89	0.97
90	0.97
91	0.97
92	0.97
93	0.97
94	0.97
95	0.97
96	0.97
97	0.97
98	0.97
99	0.97
100	0.97
101	0.97
102	0.97
103	0.97
104	0.97
105	0.97
106	0.97
107	0.97
108	0.97
109	0.97
110	0.97
111	0.97
112	0.97
113	0.97
114	0.97
115	0.97
116	0.97
117	0.97
118	0.97
119	0.97
120	0.97
121	0.97
122	0.97
123	0.97
124	0.97
125	0.97
126	0.97
127	0.97
128	0.97
129	0.97
130	0.97
131	0.97
132	0.97
133	0.97
134	0.97
135	0.97
136	0.97
137	0.97
138	0.97
139	0.97
140	0.97
141	0.97
142	0.97
143	0.97
144	0.97
145	0.97
146	0.97
147	0.97
148	0.97
149	0.97
150	0.97
151	0.97
152	0.97
153	0.97
154	0.97
155	0.97
156	0.97
157	0.97
158	0.97
159	0.97
160	0.97
161	0.97
162	0.97
163	0.97
164	0.97
165	0.97
166	0.97
167	0.97
168	0.97
169	0.97
170	0.97
171	0.97
172	0.97
173	0.97
174	0.97
175	0.97
176	0.97
177	0.97
178	0.97
179	0.97
180	0.97
181	0.97
182	0.97
183	0.97
184	0.97
185	0.97
186	0.97
187	0.97
188	0.97
189	0.97
190	0.97
191	0.97
192	0.97
193	0.97
194	0.97
195	0.97
196	0.97
197	0.97
198	0.97
199	0.97
200	0.97
201	0.97
202	0.97
203	0.97
204	0.97
205	0.97
206	0.97
207	0.97
208	0.97
209	0.97
210	0.97
211	0.97
212	0.97
213	0.97
214	0.97
215	0.97
216	0.97
217	0.97
218	0.97
219	0.97
220	0.97
221	0.97
222	0.97
223	0.97
224	0.97
225	0.97
226	0.97
227	0.97
228	0.97
229	0.97
230	0.97
231	0.97
232	0.97
233	0.97
234	0.97
235	0.97
236	0.97
237	0.97
238	0.97
239	0.97
240	0.97
241	0.97
242	0.97
243	0.97
244	0.97
245	0.97
246	0.97
247	0.97
248	0.97
249	0.97
250	0.97
251	0.97
252	0.97
253	0.97
254	0.97
255	0.97
256	0.97
257	0.97
258	0.97
259	0.97
260	0.97
261	0.97
262	0.97
263	0.97
264	0.97
265	0.97
266	0.97
267	0.97
268	0.97
269	0.97
270	0.97
271	0.97
272	0.97
273	0.97
274	0.97
275	0.97
276	0.97
277	0.97
278	0.97
279	0.97
280	0.97
281	0.97
282	0.97
283	0.97
284	0.97
285	0.97
286	0.97
287	0.97
288	0.97
289	0.97
290	0.97
291	0.97
292	0.97
293	0.97
294	0.97
295	0.97
296	0.97
297	0.97
298	0.97
299	0.97
300	0.97
301	0.97
302	0.97
303	0.97
304	0.97
305	0.97
306	0.97
307	0.97
308	0.97
309	0.97
310	0.97
311	0.97
312	0.97
313	0.97
314	0.97
315	0.97
316	0.97
317	0.97
318	0.97
319	0.97
320	0.97
321	0.97
322	0.97
323	0.97
324	0.97
325	0.97
326	0.97
327	0.97
328	0.97
329	0.97
330	0.97
331	0.97
332	0.97
333	0.97
334	0.97
335	0.97
336	0.97
337	0.97
338	0.97
339	0.97
340	0.97
341	0.97
342	0.97
343	0.97
344	0.97
345	0.97
346	0.97
347	0.97
348	0.97
349	0.97
350	0.97
351	0.97
352	0.97
353	0.97
354	0.97
355	0.97
356	0.97
357	0.97
358	0.97
359	0.97
360	0.97
361	0.97
362	0.97
363	0.97
364	0.97
365	0.97
366	0.97
367	0.97
368	0.97
369	0.97
370	0.97
371	0.97
372	0.97
373	0.97
374	0.97
375	0.97
376	0.97
377	0.97
378	0.97
379	0.97
380	0.97
381	0.97
382	0.97
383	0.97
384	0.97
385	0.97
386	0.97
387	0.97
388	0.97
389	0.97
390	0.97
391	0.97
392	0.97
393	0.97
394	0.97
395	0.97
396	0.97
397	0.97
398	0.97
399	0.97
400	0.97
401	0.97
402	0.97
403	0.97
404	0.97
405	0.97
406	0.97
407	0.97
408	0.97
409	0.97
410	0.97
411	0.97
412	0.97
413	0.97
414	0.97
415	0.97
416	0.97
417	0.97
418	0.97
419	0.97
420	0.97
421	0.97
422	0.97
423	0.97
424	0.97
425	0.97
426	0.97
427	0.97
428	0.97
429	0.97
430	0.97
431	0.97
432	0.97
433	0.97
434	0.97
435	0.97
436	0.97
437	0.97
438	0.97
439	0.97
440	0.97
441	0.97
442	0.97
443	0.97
444	0.97
445	0.97
446	0.97
447	0.97
448	0.97
449	0.97
450	0.97
451	0.97
452	0.97
453	0.97
454	0.97
455	0.97
456	0.97
457	0.97
458	0.97
459	0.97
460	0.97
461	0.97
462	0.97
463	0.97
464	0.97
465	0.97
466	0.97
467	0.97
468	0.97
469	0.97
470	0.97
471	0.97
472	0.97
473	0.97
474	0.97
475	0.97
476	0.97
477	0.97
478	0.97
479	0.97
480	0.97
481	0.97
482	0.97
483	0.97
484	0.97
485	0.97
486	0.97
487	0.97
488	0.97
489	0.97
490	0.97
491	0.97
492	0.97
493	0.97
494	0.97
495	0.97
496	0.97
497	0.97
498	0.97
499	0.97
500	0.97
501	0.97
502	0.97
503	0.97
504	0.97
505	0.97
506	0.97
507	0.97
508	0.97
509	0.97
510	0.97
511	0.97
512	0.97
513	0.97
514	0.97
515	0.97
516	0.97
517	0.97
518	0.97
519	0.97
520	0.97
521	0.97
522	0.97
523	0.97
524	0.97
525	0.97
526	0.97
527	0.97
528	0.97
529	0.97
530	0.97
531	0.97
532	0.97
533	0.97
534	0.97
535	0.97
536	0.97
537	0.97
538	0.97
539	0.97
540	0.97
541	0.97
542	0.97
543	0.97
544	0.97
545	0.97
546	0.97
547	0.97
548	0.97
549	0.97
550	0.97
551	0.97
552	0.97
553	0.97
554	0.97
555	0.97
556	0.97
557	0.97
558	0.97
559	0.97
560	0.97
561	0.97
562	0.97
563	0.97
564	0.97
565	0.97
566	0.97
567	0.97
568	0.97
569	0.97
570	0.97
571	0.97
572	0.97
573	0.97
574	0.97
575	0.97
576	0.97
577	0.97
578	0.97
579	0.97
580	0.97
581	0.97
582	0.97
583	0.97
584	0.97
585	0.97
586	0.97
587	0.97
588	0.97
589	0.97
590	0.97
591	0.97
592	0.97
593	0.97
594	0.97
595	0.97
596	0.97
597	0.97
598	0.97
599	0.97
600	0.97
601	0.97
602	0.97
603	0.97
604	0.97
605	0.97
606	0.97
607	0.97
608	0.97
609	0.97
610	0.97
611	0.97
612	0.97
613	0.97
614	0.97
615	0.97
616	0.97
617	0.97
618	0.97
619	0.97
620	0.97
621	0.97
622	0.97
623	0.97
624	0.97
625	0.97
626	0.97
627	0.97
628	0.97
629	0.97
630	0.97
631	0.97
632	0.97
633	0.97
634	0.97
635	0.97
636	0.97
637	0.97
638	0.97
639	0.97
640	0.97
641	0.97
642	0.97
643	0.97
644	0.97
645	0.97
646	0.97
647	0.97
648	0.97
649	0.97
650	0.97
651	0.97
652	0.97
653	0.97
654	0.97
655	0.97
656	0.97
657	0.97
658	0.97
659	0.97
660	0.97
661	0.97
662	0.97
663	0.97
664	0.97
665	0.97
666	0.97
667	0.97
668	0.97
669	0.97
670	0.97
671	0.97
672	0.97
673	0.97
674	0.97
675	0.97
676	0.97
677	0.97
678	0.97
679	0.97
680	0.97
681	0.97
682	0.97
683	0.97
684	0.97
685	0.97
686	0.97
687	0.97
688	0.97
689	0.97
690	0.97
691	0.97
692	0.97
693	0.97
694	0.97
695	0.97
696	0.97
697	0.97
698	0.97
699	0.97
700	0.97
701	0.97
702	0.97
703	0.97
704	0.97
705	0.97
706	0.97
707	0.97
708	0.97
709	0.97
710	0.97
711	0.97
712	0.97
713	0.97
714	0.97
715	0.97
716	0.97
717	0.97
718	0.97
719	0.97
720	0.97
721	0.97
722	0.97
723	0.97
724	0.97
725	0.97
726	0.97
727	0.97
728	0.97
729	0.97
730	0.97
731	0.97
732	0.97
733	0.97
734	0.97
735	0.97
736	0.97
737	0.97
738	0.97
739	0.97
740	0.97
741	0.97
742	0.97
743	0.97
744	0.97
745	0.97
746	0.97
747	0.97
748	0.97
749	0.97
750	0.97
751	0.97
752	0.97
753	0.97
754	0.97
755	0.97
756	0.97
757	0.97
758	0.97
759	0.97
760	0.97
761	0.97
762	0.97
763	0.97
764	0.97
765	0.97
766	0.97
767	0.97
768	0.97
769	0.97
770	0.97
771	0.97
772	0.97
773	0.97
774	0.97
775	0.97
776	0.97
777	0.97
778	0.97
779	0.97
780	0.97
781	0.97
782	0.97
783	0.97
784	0.97
785	0.97
786	0.97
787	0.97
788	0.97
789	0.97
790	0.97
791	0.97
792	0.97
793	0.97
794	0.97
795	0.97
796	0.97
797	0.97
798	0.97
799	0.97
800	0.97
801	0.97
802	0.97
803	0.97
804	0.97
805	0.97
806	0.97
807	0.97
808	0.97
809	0.97
810	0.97
811	0.97
812	0.97
813	0.97
814	0.97
815	0.97
816	0.97
817	0.97
818	0.97
819	0.97
820	0.97
821	0.97
822	0.97
823	0.97
824	0.97
825	0.97
826	0.97
827	0.97
828	0.97
829	0.97
830	0.97
831	0.97
832	0.97
833	0.97
834	0.97
835	0.97
836	0.97
837	0.97
838	0.97
839	0.97
840	0.97
841	0.97
842	0.97
843	0.97
844	0.97
845	0.97
846	0.97
847	0.97
848	0.97
849	0.97
850	0.97
851	0.97
852	0.97
853	0.97
854	0.97
855	0.97
856	0.97
857	0.97
858	0.97
859	0.97
860	0.97
861	0.97
862	0.97
863	0.97
864	0.97
865	0.97
866	0.97
867	0.97
868	0.97
869	0.97
870	0.97
871	0.97
872	0.97
873	0.97
874	0.97
875	0.97
876	0.97
877	0.97
878	0.97
879	0.97
880	0.97
881	0.97
882	0.97
883	0.97
884	0.97
885	0.97
886	0.97
887	0.97
888	0.97
889	0.97
890	0.97
891	0.97
892	0.97
893	0.97
894	0.97
895	0.97
896	0.97
897	0.97
898	0.97
899	0.97
900	0.97
901	0.97
902	0.97
903	0.97
904	0.97
905	0.97
906	0.97
907	0.97
908	0.97
909	0.97
910	0.97
911	0.97
912	0.97
913	0.97
914	0.97
915	0.97
916	0.97
917	0.97
918	0.97
919	0.97
920	0.97
921	0.97
922	0.97
923	0.97
924	0.97
925	0.97
926	0.97
927	0.97
928	0.97
929	0.97
930	0.97
931	0.97
932	0.97
933	0.97
934	0.97
935	0.97
936	0.97
937	0.97
938	0.97
939	0.97
940	0.97
941	0.97
942	0.97
943	0.97
944	0.97
945	0.97
946	0.97
947	0.97
948	0.97
949	0.97
950	0.97
951	0.97
952	0.97
953	0.97
954	0.97
955	0.97
956	0.97
957	0.97
958	0.97
959	0.97
960	0.97
961	0.97
962	0.97
963	0.97
964	0.97
965	0.97
966	0.97
967	0.97
968	0.97
969	0.97
970	0.97
971	0.97
972	0.97
973	0.97
974	0.97
975	0.97
976	0.97
977	0.97
978	0.97
979	0.97
980	0.97
981	0.97
982	0.97
983	0.97
984	0.97
985	0.97
986	0.97
987	0.97
988	0.97
989	0.97
990	0.97
991	0.97
992	0.97
993	0.97
994	0.97
995	0.97
996	0.97
997	0.97
998	0.97
999	0.97
1000	0.97
1001	0.97
1002	0.97
1003	0.97
1004	0.97
1005	0.97
1006	0.97
1007	0.97
1008	0.97
1009	0.97
1010	0.97
1011	0.97
1012	0.97
1013	0.97
1014	0.97
1015	0.97
1016	0.97
1017	0.97
1018	0.97
1019	0.97
1020	0.97
1021	0.97
1022	0.97
1023	0.97
1024	0.97
1025	0.97
1026	0.97
1027	0.97
1028	0.97
1029	0.97
1030	0.97
1031	0.97
1032	0.97
1033	0.97
1034	0.97
1035	0.97
1036	0.97
1037	0.97
1038	0.97
1039	0.97
1040	0.97
1041	0.97
1042	0.97
1043	0.97
1044	0.97
1045	0.97
1046	0.97
1047	0.97
1048	0.97
1049	0.97
1050	0.97
1051	0.97
1052	0.97
1053	0.97
1054	0.97
1055	0.97
1056	0.97
1057	0.97
1058	0.97
1059	0.97
1060	0.97
1061	0.97
1062	0.97
1063	0.97
1064	0.97
1065	0.97
1066	0.97
1067	0.97
1068	0.97
1069	0.97
1070	0.97
1071	0.97
1072	0.97
1073	0.97
1074	0.97
1075	0.97
1076	0.97
1077	0.97
1078	0.97
1079	0.97
1080	0.97
1081	0.97
1082	0.97
1083	0.97
1084	0.97
1085	0.97
1086	0.97
1087	0.97
1088	0.97
1089	0.97
1090	0.97
1091	0.97
1092	0.97
1093	0.97
1094	0.97
1095	0.97
1096	0.97
1097	0.97
1098	0.97
1099	0.97
1100	0.97
1101	0.97
1102	0.97
1103	0.97
1104	0.97
1105	0.97
1106	0.97
1107	0.97
1108	0.97
1109	0.97
1110	0.97
1111	0.97
1112	0.97
1113	0.97
1114	0.97
1115	0.97
1116	0.97
1117	0.97
1118	0.97
1119	0.97
1120	0.97
1121	0.97
1122	0.97
1123	0.97
1124	0.97
1125	0.97
1126	0.97
1127	0.97
1128	0.97
1129	0.97
1130	0.97
1131	0.97
1132	0.97
1133	0.97
1134	0.97
1135	0.97
1136	0.97
1137	0.97
1138	0.97
1139	0.97
1140	0.97
1141	0.97
1142	0.97
1143	0.97
1144	0.97
1145	0.97
1146	0.97
1147	0.97
1148	0.97
1149	0.97
1150	0.97
1151	0.97
1152	0.97
1153	0.97
1154	0.97
1155	0.97
1156	0.97
1157	0.97
1158	0.97
1159	0.97
1160	0.97
1161	0.97
1162	0.97
1163	0.97
1164	0.97
1165	0.97
1166	0.97
1167	0.97
1168	0.97
1169	0.97
1170	0.97
1171	0.97
1172	0.97
1173	0.97
1174	0.97
1175	0.97
1176	0.97
1177	0.97
1178	0.97
1179	0.97
1180	0.97
1181	0.97
1182	0.97
1183	0.97
1184	0.97
1185	0.97
1186	0.97
1187	0.97
1188	0.97
1189	0.97
1190	0.97
1191	0.97
1192	0.97
1193	0.97
1194	0.97
1195	0.97
1196	0.97
1197	0.97
1198	0.97
1199	0.97
1200	0.97
1201	0.97
1202	0.97
1203	0.97
1204	0.97
1205	0.97
1206	0.97
1207	0.97
1208	0.97
1209	0.97
1210	0.97
1211	0.97
1212	0.97
1213	0.97
1214	0.97
1215	0.97
1216	0.97
1217	0.97
1218	0.97
1219	0.97
1220	0.97
1221	0.97
1222	0.97
1223	0.97
1224	0.97
1225	0.97
1226	0.97
1227	0.97
1228	0.97
1229	0.97
1230	0.97
1231	0.97
1232	0.97
1233	0.97
1234	0.97
1235	0.97
1236	0.97
1237	0.97
1238	0.97
1239	0.97
1240	0.97
1241	0.97
1242	0.97
1243	0.97
1244	0.97
1245	0.97
1246	0.97
1247	0.97
1248	0.97
1249	0.97
1250	0.97
1251	0.97
1252	0.97
1253	0.97
1254	0.97
1255	0.97
1256	0.97
1257	0.97
1258	0.97
1259	0.97
1260	0.97
1261	0.97
1262	0.97
1263	0.97
1264	0.97
1265	0.97
1266	0.97
1267	0.97
1268	0.97
1269	0.97
1270	0.97
1271	0.97
1272	0.97
1273	0.97
1274	0.97
1275	0.97
1276	0.97
1277	0.97
1278	0.97
1279	0.97
1280	0.97
1281	0.97
1282	0.97
1283	0.97
1284	0.97
1285	0.97
1286	0.97
1287	0.97
1288	0.97
1289	0.97
1290	0.97
1291	0.97
1292	0.97
1293	0.97
1294	0.97
1295	0.97
1296	0.97
1297	0.97
1298	0.97
1299	0.97
1300	0.97
1301	0.97
1302	0.97
1303	0.97
1304	0.97
1305	0.97
1306	0.97
1307	0.97
1308	0.97
1309	0.97
1310	0.97
1311	0.97
1312	0.97
1313	0.97
1314	0.97
1315	0.97
1316	0.97
1317	0.97
1318	0.97
1319	0.97
1320	0.97
1321	0.97
1322	0.97
1323	0.97
1324	0.97
1325	0.97
1326	0.97
1327	0.97
1328	0.97
1329	0.97
1330	0.97
1331	0.97
1332	0.97
1333	0.97
1334	0.97
1335	0.97
1336	0.97
1337	0.97
1338	0.97
1339	0.97
1340	0.97
1341	0.97
1342	0.97
1343	0.97
1344	0.97
1345	0.97
1346	0.97
1347	0.97
1348	0.97
1349	0.97
1350	0.97
1351	0.97
1352	0.97
1353	0.97
1354	0.97
1355	0.97
1356	0.97
1357	0.97
1358	0.97
1359	0.97
1360	0.97
1361	0.97
1362	0.97
1363	0.97
1364	0.97
1365	0.97
1366	0.97
1367	0.97
1368	0.97
1369	0.97
1370	0.97
1371	0.97
1372	0.97
1373	0.97
1374	0.97
1375	0.97
1376	0.97
1377	0.97
1378	0.97
1379	0.97
1380	0.97
1381	0.97
1382	0.97
1383	0.97
1384	0.97
1385	0.97
1386	0.97
1387	0.97
1388	0.97
1389	0.97
1390	0.97
1391	0.97
1392	0.97
1393	0.97
1394	0.97
1395	0.97
1396	0.97
1397	0.97
1398	0.97
1399	0.97
1400	0.97
1401	0.97
1402	0.97
1403	0.97
1404	0.97
1405	0.97
1406	0.97
1407	0.97
1408	0.97
1409	0.97
1410	0.97
1411	0.97
1412	0.97
1413	0.97
1414	0.97
1415	0.97
1416	0.97
1417	0.97
1418	0.97
1419	0.97
1420	0.97
1421	0.97
1422	0.97
1423	0.97
1424	0.97
1425	0.97
1426	0.97
1427	0.97
1428	0.97
1429	0.97
1430	0.97
1431	0.97
1432	0.97
1433	0.97
1434	0.97
1435	0.97
1436	0.97
1437	0.97
1438	0.97
1439	0.97
1440	0.97
1441	0.97
1442	0.97
1443	0.97
1444	0.97
1445	0.97
1446	0.97
1447	0.97
1448	0.97
1449	0.97
1450	0.97
1451	0.97
1452	0.97
1453	0.97
1454	0.97
1455	0.97
1456	0.97
1457	0.97
1458	0.97
1459	0.97
1460	0.97
1461	0.97
1462	0.97
1463	0.97
1464	0.97
1465	0.97
1466	0.97
1467	0.97
1468	0.97
1469	0.97
1470	0.97
1471	0.97
1472	0.97
1473	0.97
1474	0.97
1475	0.97
1476	0.97
1477	0.97
1478	0.97
1479	0.97
1480	0.97
1481	0.97
1482	0.97
1483	0.97
1484	0.97
1485	0.97
1486	0.97
1487	0.97
1488	0.97
1489	0.97
1490	0.97
1491	0.97
1492	0.97
1493	0.97
1494	0.97
1495	0.97
1496	0.97
1497	0.97
1498	0.97
1499	0.97
1500	0.97
1501	0.97
1502	0.97
1503	0.97
1504	0.97
1505	0.97
1506	0.97
1507	0.97
1508	0.97
1509	0.97
1510	0.97
1511	0.97
1512	0.97
1513	0.97
1514	0.97
1515	0.97
1516	0.97
1517	0.97
1518	0.97
1519	0.97
1520	0.97
1521	0.97
1522	0.97
1523	0.97
1524	0.97
1525	0.97
1526	0.97
1527	0.97
1528	0.97
1529	0.97
1530	0.97
1531	0.97
1532	0.97
1533	0.97
1534	0.97
1535	0.97
1536	0.97
1537	0.97
1538	0.97
1539	0.97
1540	0.97
1541	0.97
1542	0.97
1543	0.97
1544	0.97
1545	0.97
1546	0.97
1547	0.97
1548	0.97
1549	0.97
1550	0.97
1551	0.97
1552	0.97
1553	0.97
1554	0.97
1555	0.97
1556	0.97
1557	0.97
1558	0.97
1559	0.97
1560	0.97
1561	0.97
1562	0.97
1563	0.97
1564	0.97
1565	0.97
1566	0.97
1567	0.97
1568	0.97
1569	0.97
1570	0.97
1571	0.97
1572	0.97
1573	0.97
1574	0.97
1575	0.97
1576	0.97
1577	0.97
1578	0.97
1579	0.97
1580	0.97
1581	0.97
1582	0.97
1583	0.97
1584	0.97
1585	0.97
1586	0.97
1587	0.97
1588	0.97
1589	0.97
1590	0.97
1591	0.97
1592	0.97
1593	0.97
1594	0.97
1595	0.97
1596	0.97
1597	0.97
1598	0.97
1599	0.97
1600	0.97
1601	0.97
1602	0.97
1603	0.97
1604	0.97
1605	0.97
1606	0.97
1607	0.97
1608	0.97
1609	0.97
1610	0.97
1611	0.97
1612	0.97
1613	0.97
1614	0.97
1615	0.97
1616	0.97
1617	0.97
1618	0.97
1619	0.97
1620	0.97
1621	0.97
1622	0.97
1623	0.97
1624	0.97
1625	0.97
1626	0.97
1627	0.97
1628	0.97
1629	0.97
1630	0.97
1631	0.97
1632	0.97
1633	0.97
1634	0.97
1635	0.97
1636	0.97
1637	0.97
1638	0.97
1639	0.97
1640	0.97
1641	0.97
1642	0.97
1643	0.97
1644	0.97
1645	0.97
1646	0.97
1647	0.97
1648	0.97
1649	0.97
1650	0.97
1651	0.97
1652	0.97
1653	0.97
1654	0.97
1655	0.97
1656	0.97
1657	0.97
1658	0.97
1659	0.97
1660	0.97
1661	0.97
1662	0.97
1663	0.97
1664	0.97
1665	0.97
1666	0.97
1667	0.97
1668	0.97
1669	0.97
1670	0.97
1671	0.97
1672	0.97
1673	0.97
1674	0.97
1675	0.97
1676	0.97
1677	0.97
1678	0.97
1679	0.97
1680	0.97
1681	0.97
1682	0.97
1683	0.97
1684	0.97
1685	0.97
1686	0.97
1687	0.97
1688	0.97
1689	0.97
1690	0.97
1691	0.97
1692	0.97
1693	0.97
1694	0.97
1695	0.97
1696	0.97
1697	0.97
1698	0.97
1699	0.97
1700	0.97
1701	0.97
1702	0.97
1703	0.97
1704	0.97
1705	0.97
1706	0.97
1707	0.97
1708	0.97
1709	0.97
1710	0.97
1711	0.97
1712	0.97
1713	0.97
1714	0.97
1715	0.97
1716	0.97
1717	0.97
1718	0.97
1719	0.97
1720	0.97
1721	0.97
1722	0.97
1723	0.97
1724	0.97
1725	0.97
1726	0.97
1727	0.97
1728	0.97
1729	0.97
1730	0.97
1731	0.97
1732	0.97
1733	0.97
1734	0.97
1735	0.97
1736	0.97
1737	0.97
1738	0.97
1739	0.97
1740	0.97
1741	0.97
1742	0.97
1743	0.97
1744	0.97
1745	0.97
1746	0.97
1747	0.97
1748	0.97
1749	0.97
1750	0.97
1751	0.97
1752	0.97
1753	0.97
1754	0.97
1755	0.97
1756	0.97
1757	0.97
1758	0.97
1759	0.97
1760	0.97
1761	0.97
1762	0.97
1763	0.97
1764	0.97
1765	0.97
1766	0.97
1767	0.97
1768	0.97
1769	0.97
1770	0.97
1771	0.97
1772	0.97
1773	0.97
1774	0.97
1775	0.97
1776	0.97
1777	0.97
1778	0.97
1779	0.97
1780	0.97
1781	0.97
1782	0.97
1783	0.97
1784	0.97
1785	0.97
1786	0.97
1787	0.97
1788	0.97
1789	0.97
1790	0.97
1791	0.97
1792	0.97
1793	0.97
1794	0.97
1795	0.97
1796	0.97
1797	0.97
1798	0.97
1799	0.97
1800	0.97
1801	0.97
1802	0.97
1803	0.97
1804	0.97
1805	0.97
1806	0.97
1807	0.97
1808	0.97
1809	0.97
1810	0.97
1811	0.97
1812	0.97
1813	0.97
1814	0.97
1815	0.97
1816	0.97
1817	0.97
1818	0.97
1819	0.97
1820	0.97
1821	0.97
1822	0.97
1823	0.97
1824	0.97
1825	0.97
1826	0.97
1827	0.97
1828	0.97
1829	0.97
1830	0.97
1831	0.97
1832	0.97
1833	0.97
1834	0.97
1835	0.97
1836	0.97
1837	0.97
1838	0.97
1839	0.97
1840	0.97
1841	0.97
1842	0.97
1843	0.97
1844	0.97
1845	0.97
1846	0.97
1847	0.97
1848	0.97
1849	0.97
1850	0.97
1851	0.97
1852	0.97
1853	0.97
1854	0.97
1855	0.97
1856	0.97
1857	0.97
1858	0.97
1859	0.97
1860	0.97
1861	0.97
1862	0.97
1863	0.97
1864	0.97
1865	0.97
1866	0.97
1867	0.97
1868	0.97
1869	0.97
1870	0.97
1871	0.97
1872	0.97
1873	0.97
1874	0.97
1875	0.97
1876	0.97
1877	0.97
1878	0.97
1879	0.97
1880	0.97
1881	0.97
1882	0.97
1883	0.97
1884	0.97
1885	0.97
1886	0.97
1887	0.97
1888	0.97
1889	0.97
1890	0.97
1891	0.97
1892	0.97
1893	0.97
1894	0.97
1895	0.97
1896	0.97
1897	0.97
1898	0.97
1899	0.97
1900	0.97
1901	0.97
1902	0.97
1903	0.97
1904	0.97
1905	0.97
1906	0.97
1907	0.97
1908	0.97
1909	0.97
1910	0.97
1911	0.97
1912	0.97
1913	0.97
1914	0.97
1915	0.97
1916	0.97
1917	0.97
1918	0.97
1919	0.97
1920	0.97
1921	0.97
1922	0.97
1923	0.97
1924	0.97
1925	0.97
1926	0.97
1927	0.97
1928	0.97
1929	0.97
1930	0.97
1931	0.97
1932	0.97
1933	0.97
1934	0.97
1935	0.97
1936	0.97
1937	0.97
1938	0.97
1939	0.97
1940	0.97
1941	0.97
1942	0.97
1943	0.97
1944	0.97
1945	0.97
1946	0.97
1947	0.97
1948	0.97
1949	0.97
1950	0.97
1951	0.97
1952	0.97
1953	0.97
1954	0.97
1955	0.97
1956	0.97
1957	0.97
1958	0.97
1959	0.97
1960	0.97
1961	0.97
1962	0.97
1963	0.97
1964	0.97
1965	0.97
1966	0.97
1967	0.97
1968	0.97
1969	0.97
1970	0.97
1971	0.97
1972	0.97
1973	0.97
1974	0.97
1975	0.97
1976	0.97
1977	0.97
1978	0.97
1979	0.97
1980	0.97
1981	0.97
1982	0.97
1983	0.97
1984	0.97
1985	0.97
1986	0.97
1987	0.97
1988	0.97
1989	0.97
1990	0.97
1991	0.97
1992	0.97
1993	0.97
1994	0.97
1995	0.97
1996	0.97
1997	0.97
1998	0.97
1999	0.97
2000	0.97
2001	0.97
2002	0.97
2003	0.97
2004	0.97
2005	0.97
2006	0.97
2007	0.97
2008	0.97
2009	0.97
2010	0.97
2011	0.97
2012	0.97
2013	0.97
2014	0.97
2015	0.97
2016	0.97
2017	0.97
2018	0.97
2019	0.97
2020	0.97
2021	0.97
2022	0.97
2023	0.97
2024	0.97
2025	0.97
2026	0.97
2027	0.97
2028	0.97
2029	0.97
2030	0.97
2031	0.97
2032	0.97
2033	0.97
2034	0.97
2035	0.97
2036	0.97
2037	0.97
2038	0.97
2039	0.97
2040	0.97
2041	0.97
2042	0.97
2043	0.97
2044	0.97
2045	0.97
2046	0.97
2047	0.97
2048	0.97
2049	0.97
2050	0.97
2051	0.97
2052	0.97
2053	0.97
2054	0.97
2055	0.97
2056	0.97
2057	0.97
2058	0.97
2059	0.97
2060	0.97
2061	0.97
2062	0.97
2063	0.97
2064	0.97
2065	0.97
2066	0.97
2067	0.97
2068	0.97
2069	0.97
2070	0.97
2071	0.97
2072	0.97
2073	0.97
2074	0.97
2075	0.97
2076	0.97
2077	0.97
2078	0.97
2079	0.97
2080	0.97
2081	0.97
2082	0.97
2083	0.97
2084	0.97
2085	0.97
2086	0.97
2087	0.97
2088	0.97
2089	0.97
2090	0.97
2091	0.97
2092	0.97
2093	0.97
2094	0.97
2095	0.97
2096	0.97
2097	0.97
2098	0.97
2099	0.97
2100	0.97
2101	0.97
2102	0.97
2103	0.97
2104	0.97
2105	0.97
2106	0.97
2107	0.97
2108	0.97
2109	0.97
2110	0.97
2111	0.97
2112	0.97
2113	0.97
2114	0.97
2115	0.97
2116	0.97
2117	0.97
2118	0.97
2119	0.97
2120	0.97
2121	0.97
2122	0.97
2123	0.97
2124	0.97
2125	0.97
2126	0.97
2127	0.97
2128	0.97
2129	0.97
2130	0.97
2131	0.97
2132	0.97
2133	0.97
2134	0.97
2135	0.97
2136	0.97
2137	0.97
2138	0.97
2139	0.97
2140	0.97
2141	0.97
2142	0.97
2143	0.97
2144	0.97
2145	0.97
2146	0.97
2147	0.97
2148	0.97
2149	0.97
2150	0.97
2151	0.97
2152	0.97
2153	0.97
2154	0.97
2155	0.97
2156	0.97
2157	0.97
2158	0.97
2159	0.97
2160	0.97
2161	0.97
2162	0.97
2163	0.97
2164	0.97
2165	0.97
2166	0.97
2167	0.97
2168	0.97
2169	0.97
2170	0.97
2171	0.97
2172	0.97
2173	0.97
2174	0.97
2175	0.97
2176	0.97
2177	0.97
2178	0.97
2179	0.97
2180	0.97
2181	0.97
2182	0.97
2183	0.97
2184	0.97
2185	0.97
2186	0.97
2187	0.97
2188	0.97
2189	0.97
2190	0.97
2191	0.97
2192	0.97
2193	0.97
2194	0.97
2195	0.97
2196	0.97
2197	0.97
2198	0.97
2199	0.97
2200	0.97
2201	0.97
2202	0.97
2203	0.97
2204	0.97
2205	0.97
2206	0.97
2207	0.97
2208	0.97
2209	0.97
2210	0.97
2211	0.97
2212	0.97
2213	0.97
2214	0.97
2215	0.97
2216	0.97
2217	0.97
2218	0.97
2219	0.97
2220	0.97
2221	0.97
2222	0.97
2223	0.97
2224	0.97
2225	0.97
2226	0.97
2227	0.97
2228	0.97
2229	0.97
2230	0.97
2231	0.97
2232	0.97
2233	0.97
2234	0.97
2235	0.97
2236	0.97
2237	0.97
2238	0.97
2239	0.97
2240	0.97
2241	0.97
2242	0.97
2243	0.97
2244	0.97
2245	0.97
2246	0.97
2247	0.97
2248	0.97
2249	0.97
2250	0.97
2251	0.97
2252	0.97
2253	0.97
2254	0.97
2255	0.97
2256	0.97
2257	0.97
2258	0.97
2259	0.97
2260	0.97
2261	0.97
2262	0.97
2263	0.97
2264	0.97
2265	0.97
2266	0.97
2267	0.97
2268	0.97
2269	0.97
2270	0.97
2271	0.97
2272	0.97
2273	0.97
2274	0.97
2275	0.97
2276	0.97
2277	0.97
2278	0.97
2279	0.97
2280	0.97
2281	0.97
2282	0.97
2283	0.97
2284	0.97
2285	0.97
2286	0.97
2287	0.97
2288	0.97
2289	0.97
2290	0.97
2291	0.97
2292	0.97
2293	0.97
2294	0.97
2295	0.97
2296	0.97
2297	0.97
2298	0.97
2299	0.97
2300	0.97
2301	0.97
2302	0.97
2303	0.97
2304	0.97
2305	0.97
2306	0.97
2307	0.97
2308	0.97
2309	0.97
2310	0.97
2311	0.97
2312	0.97
2313	0.97
2314	0.97
2315	0.97
2316	0.97
2317	0.97
2318	0.97
2319	0.97
2320	0.97
2321	0.97
2322	0.97
2323	0.97
2324	0.97
2325	0.97
2326	0.97
2327	0.97
2328	0.97
2329	0.97
2330	0.97
2331	0.97
2332	0.97
2333	0.97
2334	0.97
2335	0.97
2336	0.97
2337	0.97
2338	0.97
2339	0.97
2340	0.97
2341	0.97
2342	0.97
2343	0.97
2344	0.97
2345	0.97
2346	0.97
2347	0.97
2348	0.97
2349	0.97
2350	0.97
2351	0.97
2352	0.97
2353	0.97
2354	0.97
2355	0.97
2356	0.97
2357	0.97
2358	0.97
2359	0.97
2360	0.97
2361	0.97
2362	0.97
2363	0.97
2364	0.97
2365	0.97
2366	0.97
2367	0.97
2368	0.97
2369	0.97
2370	0.97
2371	0.97
2372	0.97
2373	0.97
2374	0.97
2375	0.97
2376	0.97
2377	0.97
2378	0.97
2379	0.97
2380	0.97
2381	0.97
2382	0.97
2383	0.97
2384	0.97
2385	0.97
2386	0.97
2387	0.97
2388	0.97
2389	0.97
2390	0.97
2391	0.97
2392	0.97
2393	0.97
2394	0.97
2395	0.97
2396	0.97
2397	0.97
2398	0.97
2399	0.97
2400	0.97
2401	0.97
2402	0.97
2403	0.97
2404	0.97
2405	0.97
2406	0.97
2407	0.97
2408	0.97
2409	0.97
2410	0.97
2411	0.97
2412	0.97
2413	0.97
2414	0.97
2415	0.97
2416	0.97
2417	0.97
2418	0.97
2419	0.97
2420	0.97
2421	0.97
2422	0.97
2423	0.97
2424	0.97
2425	0.97
2426	0.97
2427	0.97
2428	0.97
2429	0.97
2430	0.97
2431	0.97
2432	0.97
2433	0.97
2434	0.97
2435	0.97
2436	0.97
2437	0.97
2438	0.97
2439	0.97
2440	0.97
2441	0.97
2442	0.97
2443	0.97
2444	0.97
2445	0.97
2446	0.97
2447	0.97
2448	0.97
2449	0.97
2450	0.97
2451	0.97
2452	0.97
2453	0.97
2454	0.97
2455	0.97
2456	0.97
2457	0.97
2458	0.97
2459	0.97
2460	0.97
2461	0.97
2462	0.97
2463	0.97
2464	0.97
2465	0.97
2466	0.97
2467	0.97
2468	0.97
2469	0.97
2470	0.97
2471	0.97
2472	0.97
2473	0.97
2474	0.97
2475	0.97
2476	0.97
2477	0.97
2478	0.97
2479	0.97
2480	0.97
2481	0.97
2482	0.97
2483	0.97
2484	0.97
2485	0.97
2486	0.97
2487	0.97
2488	0.97
2489	0.97
2490	0.97
2491	0.97
2492	0.97
2493	0.97
2494	0.97
2495	0.97
2496	0.97
2497	0.97
2498	0.97
2499	0.97
2500	0.97
2501	0.97
2502	0.97
2503	0.97
2504	0.97
2505	0.97
2506	0.97
2507	0.97
2508	0.97
2509	0.97
2510	0.97
2511	0.97
2512	0.97
2513	0.97
2514	0.97
2515	0.97
2516	0.97
2517	0.97
2518	0.97
2519	0.97
2520	0.97
2521	0.97
2522	0.97
2523	0.97
2524	0.97
2525	0.97
2526	0.97
2527	0.97
2528	0.97
2529	0.97
2530	0.97
2531	0.97
2532	0.97
2533	0.97
2534	0.97
2535	0.97
2536	0.97
2537	0.97
2538	0.97
2539	0.97
2540	0.97
2541	0.97
2542	0.97
2543	0.97
2544	0.97
2545	0.97
2546	0.97
2547	0.97
2548	0.97
2549	0.97
2550	0.97
2551	0.97
2552	0.97
2553	0.97
2554	0.97
2555	0.97
2556	0.97
2557	0.97
2558	0.97
2559	0.97
2560	0.97
2561	0.97
2562	0.97
2563	0.97
2564	0.97
2565	0.97
2566	0.97
2567	0.97
2568	0.97
2569	0.97
2570	0.97
2571	0.97
2572	0.97
2573	0.97
2574	0.97
2575	0.97
2576	0.97
2577	0.97
2578	0.97
2579	0.97
2580	0.97
2581	0.97
2582	0.97
2583	0.97
2584	0.97
2585	0.97
2586	0.97
2587	0.97
2588	0.97
2589	0.97
2590	0.97
2591	0.97
2592	0.97
2593	0.97
2594	0.97
2595	0.97
2596	0.97
2597	0.97
2598	0.97
2599	0.97
2600	0.97
2601	0.97
2602	0.97
2603	0.97
2604	0.97
2605	0.97
2606	0.97
2607	0.97
2608	0.97
2609	0.97
2610	0.97
2611	0.97
2612	0.97
2613	0.97
2614	0.97
2615	0.97
2616	0.97
2617	0.97
2618	0.97
2619	0.97
2620	0.97
2621	0.97
2622	0.97
2623	0.97
2624	0.97
2625	0.97
2626	0.97
2627	0.97
2628	0.97
2629	0.97
2630	0.97
2631	0.97
2632	0.97
2633	0.97
2634	0.97
2635	0.97
2636	0.97
2637	0.97
2638	0.97
2639	0.97
2640	0.97
2641	0.97
2642	0.97
2643	0.97
2644	0.97
2645	0.97
2646	0.97
2647	0.97
2648	0.97
2649	0.97
2650	0.97
2651	0.97
2652	0.97
2653	0.97
2654	0.97
2655	0.97
2656	0.97
2657	0.97
2658	0.97
2659	0.97
2660	0.97
2661	0.97
2662	0.97
2663	0.97
2664	0.97
2665	0.97
2666	0.97
2667	0.97
2668	0.97
2669	0.97
2670	0.97
2671	0.97
2672	0.97
2673	0.97
2674	0.97
2675	0.97
2676	0.97
2677	0.97
2678	0.97
2679	0.97
2680	0.97
2681	0.97
2682	0.97
2683	0.97
2684	0.97
2685	0.97
2686	0.97
2687	0.97
2688	0.97
2689	0.97
2690	0.97
2691	0.97
2692	0.97
2693	0.97
2694	0.97
2695	0.97
2696	0.97
2697	0.97
2698	0.97
2699	0.97
2700	0.97
2701	0.97
2702	0.97
2703	0.97
2704	0.97
2705	0.97
2706	0.97
2707	0.97
2708	0.97
2709	0.97
2710	0.97
2711	0.97
2712	0.97
2713	0.97
2714	0.97
2715	0.97
2716	0.97
2717	0.97
2718	0.97
2719	0.97
2720	0.97
2721	0.97
2722	0.97
2723	0.97
2724	0.97
2725	0.97
2726	0.97
2727	0.97
2728	0.97
2729	0.97
2730	0.97
2731	0.97
2732	0.97
2733	0.97
2734	0.97
2735	0.97
2736	0.97
2737	0.97
2738	0.97
2739	0.97
2740	0.97
2741	0.97
2742	0.97
2743	0.97
2744	0.97
2745	0.97
2746	0.97
2747	0.97
2748	0.97
2749	0.97
2750	0.97
2751	0.97
2752	0.97
2753	0.97
2754	0.97
2755	0.97
2756	0.97
2757	0.97
2758	0.97
2759	0.97
2760	0.97
2761	0.97
2762	0.97
2763	0.97
2764	0.97
2765	0.97
2766	0.97
2767	0.97
2768	0.97
2769	0.97
2770	0.97
2771	0.97
2772	0.97
2773	0.97
2774	0.97
2775	0.97
2776	0.97
2777	0.97
2778	0.97
2779	0.97
2780	0.97
2781	0.97
2782	0.97
2783	0.97
2784	0.97
2785	0.97
2786	0.97
2787	0.97
2788	0.97
2789	0.97
2790	0.97
2791	0.97
2792	0.97
2793	0.97
2794	0.97
2795	0.97
2796	0.97
2797	0.97
2798	0.97
2799	0.97
2800	0.97
2801	0.97
2802	0.97
2803	0.97
2804	0.97
2805	0.97
2806	0.97
2807	0.97
2808	0.97
2809	0.97
2810	0.97
2811	0.97
2812	0.97
2813	0.97
2814	0.97
2815	0.97
2816	0.97
2817	0.97
2818	0.97
2819	0.97
2820	0.97
2821	0.97
2822	0.97
2823	0.97
2824	0.97
2825	0.97
2826	0.97
2827	0.97
2828	0.97
2829	0.97
2830	0.97
2831	0.97
2832	0.97
2833	0.97
2834	0.97
2835	0.97
2836	0.97
2837	0.97
2838	0.97
2839	0.97
2840	0.97
2841	0.97
2842	0.97
2843	0.97
2844	0.97
2845	0.97
2846	0.97
2847	0.97
2848	0.97
2849	0.97
2850	0.97
2851	0.97
2852	0.97
2853	0.97
2854	0.97
2855	0.97
2856	0.97
2857	0.97
2858	0.97
2859	0.97
2860	0.97
2861	0.97
2862	0.97
2863	0.97
2864	0.97
2865	0.97
2866	0.97
2867	0.97
2868	0.97
2869	0.97
2870	0.97
2871	0.97
2872	0.97
2873	0.97
2874	0.97
2875	0.97
2876	0.97
2877	0.97
2878	0.97
2879	0.97
2880	0.97
2881	0.97
2882	0.97
2883	0.97
2884	0.97
2885	0.97
2886	0.97
2887	0.97
2888	0.97
2889	0.97
2890	0.97
2891	0.97
2892	0.97
2893	0.97
2894	0.97
2895	0.97
2896	0.97
2897	0.97
2898	0.97
2899	0.97
2900	0.97
2901	0.97
2902	0.97
2903	0.97
2904	0.97
2905	0.97
2906	0.97
2907	0.97
2908	0.97
2909	0.97
2910	0.97
2911	0.97
2912	0.97
2913	0.97
2914	0.97
2915	0.97
2916	0.97
2917	0.97
2918	0.97
2919	0.97
2920	0.97
2921	0.97
2922	0.97
2923	0.97
2924	0.97
2925	0.97
2926	0.97
2927	0.97
2928	0.97
2929	0.97
2930	0.97
2931	0.97
2932	0.97
2933	0.97
2934	0.97
2935	0.97
2936	0.97
2937	0.97
2938	0.97
2939	0.97
2940	0.97
2941	0.97
2942	0.97
2943	0.97
2944	0.97
2945	0.97
2946	0.97
2947	0.97
2948	0.97
2949	0.97
2950	0.97
2951	0.97
2952	0.97
2953	0.97
2954	0.97
2955	0.97
2956	0.97
2957	0.97
2958	0.97
2959	0.97
2960	0.97
2961	0.97
2962	0.97
2963	0.97
2964	0.97
2965	0.97
2966	0.97
2967	0.97
2968	0.97
2969	0.97
2970	0.97
2971	0.97
2972	0.97
2973	0.97
2974	0.97
2975	0.97
2976	0.97
2977	0.97
2978	0.97
2979	0.97
2980	0.97
2981	0.97
2982	0.97
2983	0.97
2984	0.97
2985	0.97
2986	0.97
2987	0.97
2988	0.97
2989	0.97
2990	0.97
2991	0.97
2992	0.97
2993	0.97
2994	0.97
2995	0.97
2996	0.97
2997	0.97
2998	0.97
2999	0.97
3000	0.97
3001	0.97
3002	0.97
3003	0.97
3004	0.97
3005	0.97
3006	0.97
3007	0.97
3008	0.97
3009	0.97
3010	0.97
3011	0.97
3012	0.97
3013	0.97
3014	0.97
3015	0.97
3016	0.97
3017	0.97
3018	0.97
3019	0.97
3020	0.97
3021	0.97
3022	0.97
3023	0.97
3024	0.97
3025	0.97
3026	0.97
3027	0.97
3028	0.97
3029	0.97
3030	0.97
3031	0.97
3032	0.97
3033	0.97
3034	0.97
3035	0.97
3036	0.97
3037	0.97
3038	0.97
3039	0.97
3040	0.97
3041	0.97
3042	0.97
3043	0.97
3044	0.97
3045	0.97
3046	0.97
3047	0.97
3048	0.97
3049	0.97
3050	0.97
3051	0.97
3052	0.97
3053	0.97
3054	0.97
3055	0.97
3056	0.97
3057	0.97
3058	0.97
3059	0.97
3060	0.97
3061	0.97
3062	0.97
3063	0.97
3064	0.97
3065	0.97
3066	0.97
3067	0.97
3068	0.97
3069	0.97
3070	0.97
3071	0.97
3072	0.97
3073	0.97
3074	0.97
3075	0.97
3076	0.97
3077	0.97
3078	0.97
3079	0.97
3080	0.97
3081	0.97
3082	0.97
3083	0.97
3084	0.97
3085	0.97
3086	0.97
3087	0.97
3088	0.97
3089	0.97
3090	0.97
3091	0.97
3092	0.97
3093	0.97
3094	0.97
3095	0.97
3096	0.97
3097	0.97
3098	0.97
3099	0.97
3100	0.97
3101	0.97
3102	0.97
3103	0.97
3104	0.97
3105	0.97
3106	0.97
3107	0.97
3108	0.97
3109	0.97
3110	0.97
3111	0.97
3112	0.97
3113	0.97
3114	0.97
3115	0.97
3116	0.97
3117	0.97
3118	0.97
3119	0.97
3120	0.97
3121	0.97
3122	0.97
3123	0.97
3124	0.97
3125	0.97
3126	0.97
3127	0.97
3128	0.97
3129	0.97
3130	0.97
3131	0.97
3132	0.97
3133	0.97
3134	0.97
3135	0.97
3136	0.97
3137	0.97
3138	0.97
3139	0.97
3140	0.97
3141	0.97
3142	0.97
3143	0.97
3144	0.97
3145	0.97
3146	0.97
3147	0.97
3148	0.97
3149	0.97
3150	0.97
3151	0.97
3152	0.97
3153	0.97
3154	0.97
3155	0.97
3156	0.97
3157	0.97
3158	0.97
3159	0.97
3160	0.97
3161	0.97
3162	0.97
3163	0.97
3164	0.97
3165	0.97
3166	0.97
3167	0.97
3168	0.97
3169	0.97
3170	0.97
3171	0.97
3172	0.97
3173	0.97
3174	0.97
3175	0.97
3176	0.97
3177	0.97
3178	0.97
3179	0.97
3180	0.97
3181	0.97
3182	0.97
3183	0.97
3184	0.97
3185	0.97
3186	0.97
3187	0.97
3188	0.97
3189	0.97
3190	0.97
3191	0.97
3192	0.97
3193	0.97
3194	0.97
3195	0.97
3196	0.97
3197	0.97
3198	0.97
3199	0.97
3200	0.97
3201	0.97
3202	0.97
3203	0.97
3204	0.97
3205	0.97
3206	0.97
3207	0.97
3208	0.97
3209	0.97
3210	0.97
3211	0.97
3212	0.97
3213	0.97
3214	0.97
3215	0.97
3216	0.97
3217	0.97
3218	0.97
3219	0.97
3220	0.97
3221	0.97
3222	0.97
3223	0.97
3224	0.97
3225	0.97
3226	0.97
3227	0.97
3228	0.97
3229	0.97
3230	0.97
3231	0.97
3232	0.97
3233	0.97
3234	0.97
3235	0.97
3236	0.97
3237	0.97
3238	0.97
3239	0.97
3240	0.97
3241	0.97
3242	0.97
3243	0.97
3244	0.97
3245	0.97
3246	0.97
3247	0.97
3248	0.97
3249	0.97
3250	0.97
3251	0.97
3252	0.97
3253	0.97
3254	0.97
3255	0.97
3256	0.97
3257	0.97
3258	0.97
3259	0.97
3260	0.97
3261	0.97
3262	0.97
3263	0.97
3264	0.97
3265	0.97
3266	0.97
3267	0.97
3268	0.97
3269	0.97
3270	0.97
3271	0.97
3272	0.97
3273	0.97
3274	0.97
3275	0.97
3276	0.97
3277	0.97
3278	0.97
3279	0.97
3280	0.97
3281	0.97
3282	0.97
3283	0.97
3284	0.97
3285	0.97
3286	0.97
3287	0.97
3288	0.97
3289	0.97
3290	0.97
3291	0.97
3292	0.97
3293	0.97
3294	0.97
3295	0.97
3296	0.97
3297	0.97
3298	0.97
3299	0.97
3300	0.97
3301	0.97
3302	0.97
3303	0.97
3304	0.97
3305	0.97
3306	0.97
3307	0.97
3308	0.97
3309	0.97
3310	0.97
3311	0.97
3312	0.97
3313	0.97
3314	0.97
3315	0.97
3316	0.97
3317	0.97
3318	0.97
3319	0.97
3320	0.97
3321	0.97
3322	0.97
3323	0.97
3324	0.97
3325	0.97
3326	0.97
3327	0.97
3328	0.97
3329	0.97
3330	0.97
3331	0.97
3332	0.97
3333	0.97
3334	0.97
3335	0.97
3336	0.97
3337	0.97
3338	0.97
3339	0.97
3340	0.97
3341	0.97
3342	0.97
3343	0.97
3344	0.97
3345	0.97
3346	0.97
3347	0.97
3348	0.97
3349	0.97
3350	0.97
3351	0.97
3352	0.97
3353	0.97
3354	0.97
3355	0.97
3356	0.97
3357	0.97
3358	0.97
3359	0.97
3360	0.97
3361	0.97
3362	0.97
3363	0.97
3364	0.97
3365	0.97
3366	0.97
3367	0.97
3368	0.97
3369	0.97
3370	0.97
3371	0.97
3372	0.97
3373	0.97
3374	0.97
3375	0.97
3376	0.97
3377	0.97
3378	0.97
3379	0.97
3380	0.97
3381	0.97
3382	0.97
3383	0.97
3384	0.97
3385	0.97
3386	0.97
3387	0.97
3388	0.97
3389	0.97
3390	0.97
3391	0.97
3392	0.97
3393	0.97
3394	0.97
3395	0.97
3396	0.97
3397	0.97
3398	0.97
3399	0.97
3400	0.97
3401	0.97
3402	0.97
3403	0.97
3404	0.97
3405	0.97
3406	0.97
3407	0.97
3408	0.97
3409	0.97
3410	0.97
3411	0.97
3412	0.97
3413	0.97
3414	0.97
3415	0.97
3416	0.97
3417	0.97
3418	0.97
3419	0.97
3420	0.97
3421	0.97
3422	0.97
3423	0.97
3424	0.97
3425	0.97
3426	0.97
3427	0.97
3428	0.97
3429	0.97
3430	0.97
3431	0.97
3432	0.97
3433	0.97
3434	0.97
3435	0.97
3436	0.97
3437	0.97
3438	0.97
3439	0.97
3440	0.97
3441	0.97
3442	0.97
3443	0.97
3444	0.97
3445	0.97
3446	0.97
3447	0.97
3448	0.97
3449	0.97
3450	0.97
3451	0.97
3452	0.97
3453	0.97
3454	0.97
3455	0.97
3456	0.97
3457	0.97
3458	0.97
3459	0.97
3460	0.97
3461	0.97
3462	0.97
3463	0.97
3464	0.97
3465	0.97
3466	0.97
3467	0.97
3468	0.97
3469	0.97
3470	0.97
3471	0.97
3472	0.97
3473	0.97
3474	0.97
3475	0.97
3476	0.97
3477	0.97
3478	0.97
3479	0.97
3480	0.97
3481	0.97
3482	0.97
3483	0.97
3484	0.97
3485	0.97
3486	0.97
3487	0.97
3488	0.97
3489	0.97
3490	0.97
3491	0.97
3492	0.97
3493	0.97
3494	0.97
3495	0.97
3496	0.97
3497	0.97
3498	0.97
3499	0.97
3500	0.97
3501	0.97
3502	0.97
3503	0.97
3504	0.97
3505	0.97
3506	0.97
3507	0.97
3508	0.97
3509	0.97
3510	0.97
3511	0.97
3512	0.97
3513	0.97
3514	0.97
3515	0.97
3516	0.97
3517	0.97
3518	0.97
3519	0.97
3520	0.97
3521	0.97
3522	0.97
3523	0.97
3524	0.97
3525	0.97
3526	0.97
3527	0.97
3528	0.97
3529	0.97
3530	0.97
3531	0.97
3532	0.97
3533	0.97
3534	0.97
3535	0.97
3536	0.97
3537	0.97
3538	0.97
3539	0.97
3540	0.97
3541	0.97
3542	0.97
3543	0.97
3544	0.97
3545	0.97
3546	0.97
3547	0.97
3548	0.97
3549	0.97
3550	0.97
3551	0.97
3552	0.97
3553	0.97
3554	0.97
3555	0.97
3556	0.97
3557	0.97
3558	0.97
3559	0.97
3560	0.97
3561	0.97
3562	0.97
3563	0.97
3564	0.97
3565	0.97
3566	0.97
3567	0.97
3568	0.97
3569	0.97
3570	0.97
3571	0.97
3572	0.97
3573	0.97
3574	0.97
3575	0.97
3576	0.97
3577	0.97
3578	0.97
3579	0.97
3580	0.97
3581	0.97
3582	0.97
3583	0.97
3584	0.97
3585	0.97
3586	0.97
3587	0.97
3588	0.97
3589	0.97
3590	0.97
3591	0.97
3592	0.97
3593	0.97
3594	0.97
3595	0.97
3596	0.97
3597	0.97
3598	0.97
3599	0.97
3600	0.97
3601	0.97
3602	0.97
3603	0.97
3604	0.97
3605	0.97
3606	0.97
3607	0.97
3608	0.97
3609	0.97
3610	0.97
3611	0.97
3612	0.97
3613	0.97
3614	0.97
3615	0.97
3616	0.97
3617	0.97
3618	0.97
3619	0.97
3620	0.97
3621	0.97
3622	0.97
3623	0.97
3624	0.97
3625	0.97
3626	0.97
3627	0.97
3628	0.97
3629	0.97
3630	0.97
3631	0.97
3632	0.97
3633	0.97
3634	0.97
3635	0.97
3636	0.97
3637	0.97
3638	0.97
3639	0.97
3640	0.97
3641	0.97
3642	0.97
3643	0.97
3644	0.97
3645	0.97
3646	0.97
3647	0.97
3648	0.97
3649	0.97
3650	0.97
3651	0.97
3652	0.97
3653	0.97
3654	0.97
3655	0.97
3656	0.97
3657	0.97
3658	0.97
3659	0.97
3660	0.97
3661	0.97
3662	0.97
3663	0.97
3664	0.97
3665	0.97
3666	0.97
3667	0.97
3668	0.97
3669	0.97
3670	0.97
3671	0.97
3672	0.97
3673	0.97
3674	0.97
3675	0.97
3676	0.97
3677	0.97
3678	0.97
3679	0.97
3680	0.97
3681	0.97
3682	0.97
3683	0.97
3684	0.97
3685	0.97
3686	0.97
3687	0.97
3688	0.97
3689	0.97
3690	0.97
3691	0.97
3692	0.97
3693	0.97
3694	0.97
3695	0.97
3696	0.97
3697	0.97
3698	0.97
3699	0.97
3700	0.97
3701	0.97
3702	0.97
3703	0.97
3704	0.97
3705	0.97
3706	0.97
3707	0.97
3708	0.97
3709	0.97
3710	0.97
3711	0.97
3712	0.97
3713	0.97
3714	0.97
3715	0.97
3716	0.97
3717	0.97
3718	0.97
3719	0.97
3720	0.97
3721	0.97
3722	0.97
3723	0.97
3724	0.97
3725	0.97
3726	0.97
3727	0.97
3728	0.97
3729	0.97
3730	0.97
3731	0.97
3732	0.97
3733	0.97
3734	0.97
3735	0.97
3736	0.97
3737	0.97
3738	0.97
3739	0.97
3740	0.97
3741	0.97
3742	0.97
3743	0.97
3744	0.97
3745	0.97
3746	0.97
3747	0.97
3748	0.97
3749	0.97
3750	0.97
3751	0.97
3752	0.97
3753	0.97
3754	0.97
3755	0.97
3756	0.97
3757	0.97
3758	0.97
3759	0.97
3760	0.97
3761	0.97
3762	0.97
3763	0.97
3764	0.97
3765	0.97
3766	0.97
3767	0.97
3768	0.97
3769	0.97
3770	0.97
3771	0.97
3772	0.97
3773	0.97
3774	0.97
3775	0.97
3776	0.97
3777	0.97
3778	0.97
3779	0.97
3780	0.97
3781	0.97
3782	0.97
3783	0.97
3784	0.97
3785	0.97
3786	0.97
3787	0.97
3788	0.97
3789	0.97
3790	0.97
3791	0.97
3792	0.97
3793	0.97
3794	0.97
3795	0.97
3796	0.97
3797	0.97
3798	0.97
3799	0.97
3800	0.97
3801	0.97
3802	0.97
3803	0.97
3804	0.97
3805	0.97
3806	0.97
3807	0.97
3808	0.97
3809	0.97
3810	0.97
3811	0.97
3812	0.97
3813	0.97
3814	0.97
3815	0.97
3816	0.97
3817	0.97
3818	0.97
3819	0.97
3820	0.97
3821	0.97
3822	0.97
3823	0.97
3824	0.97
3825	0.97
3826	0.97
3827	0.97
3828	0.97
3829	0.97
3830	0.97
3831	0.97
3832	0.97
3833	0.97
3834	0.97
3835	0.97
3836	0.97
3837	0.97
3838	0.97
3839	0.97
3840	0.97
3841	0.97
3842	0.97
3843	0.97
3844	0.97
3845	0.97
3846	0.97
3847	0.97
3848	0.97
3849	0.97
3850	0.97
3851	0.97
3852	0.97
3853	0.97
3854	0.97
3855	0.97
3856	0.97
3857	0.97
3858	0.97
3859	0.97
3860	0.97
3861	0.97
3862	0.97
3863	0.97
3864	0.97
3865	0.97
3866	0.97
3867	0.97
3868	0.97
3869	0.97
3870	0.97
3871	0.97
3872	0.97
3873	0.97
3874	0.97
3875	0.97
3876	0.97
3877	0.97
3878	0.97
3879	0.97
3880	0.97
3881	0.97
3882	0.97
3883	0.97
3884	0.97
3885	0.97
3886	0.97
3887	0.97
3888	0.97
3889	0.97
3890	0.97
3891	0.97
3892	0.97
3893	0.97
3894	0.97
3895	0.97
3896	0.97
3897	0.97
3898	0.97
3899	0.97
3900	0.97
3901	0.97
3902	0.97
3903	0.97
3904	0.97
3905	0.97
3906	0.97
3907	0.97
3908	0.97
3909	0.97
3910	0.97
3911	0.97
3912	0.97
3913	0.97
3914	0.97
3915	0.97
3916	0.97
3917	0.97
3918	0.97
3919	0.97
3920	0.97
3921	0.97
3922	0.97
3923	0.97
3924	0.97
3925	0.97
3926	0.97
3927	0.97
3928	0.97
3929	0.97
3930	0.97
3931	0.97
3932	0.97
3933	0.97
3934	0.97
3935	0.97
3936	0.97
3937	0.97
3938	0.97
3939	0.97
3940	0.97
3941	0.97
3942	0.97
3943	0.97
3944	0.97
3945	0.97
3946	0.97
3947	0.97
3948	0.97
3949	0.97
3950	0.97
3951	0.97
3952	0.97
3953	0.97
3954	0.97
3955	0.97
3956	0.97
3957	0.97
3958	0.97
3959	0.97
3960	0.97
3961	0.97
3962	0.97
3963	0.97
3964	0.97
3965	0.97
3966	0.97
3967	0.97
3968	0.97
3969	0.97
3970	0.97
3971	0.97
3972	0.97
3973	0.97
3974	0.97
3975	0.97
3976	0.97
3977	0.97
3978	0.97
3979	0.97
3980	0.97
3981	0.97
3982	0.97
3983	0.97
3984	0.97
3985	0.97
3986	0.97
3987	0.97
3988	0.97
3989	0.97
3990	0.97
3991	0.97
3992	0.97
3993	0.97
3994	0.97
3995	0.97
3996	0.97
3997	0.97
3998	0.97
3999	0.97
4000	0.97
4001	0.97
4002	0.97
4003	0.97
4004	0.97
4005	0.97
4006	0.97
4007	0.97
4008	0.97
4009	0.97
4010	0.97
4011	0.97
4012	0.97
4013	0.97
4014	0.97
4015	0.97
4016	0.97
4017	0.97
4018	0.97
4019	0.97
4020	0.97
4021	0.97
4022	0.97
4023	0.97
4024	0.97
4025	0.97
4026	0.97
4027	0.97
4028	0.97
4029	0.97
4030	0.97
4031	0.97
4032	0.97
4033	0.97
4034	0.97
4035	0.97
4036	0.97
4037	0.97
4038	0.97
4039	0.97
4040	0.97
4041	0.97
4042	0.97
4043	0.97
4044	0.97
4045	0.97
4046	0.97
4047	0.97
4048	0.97
4049	0.97
4050	0.97
4051	0.97
4052	0.97
4053	0.97
4054	0.97
4055	0.97
4056	0.97
4057	0.97
4058	0.97
4059	0.97
4060	0.97
4061	0.97
4062	0.97
4063	0.97
4064	0.97
4065	0.97
4066	0.97
4067	0.97
4068	0.97
4069	0.97
4070	0.97
4071	0.97
4072	0.97
4073	0.97
4074	0.97
4075	0.97
4076	0.97
4077	0.97
4078	0.97
4079	0.97
4080	0.97
4081	0.97
4082	0.97
4083	0.97
4084	0.97
4085	0.97
4086	0.97
4087	0.97
4088	0.97
4089	0.97
4090	0.97
4091	0.97
4092	0.97
4093	0.97
4094	0.97
4095	0.97
4096	0.97
4097	0.97
4098	0.97
4099	0.97
4100	0.97
4101	0.97
4102	0.97
4103	0.97
4104	0.97
4105	0.97
4106	0.97
4107	0.97
4108	0.97
4109	0.97
4110	0.97
4111	0.97
4112	0.97
4113	0.97
4114	0.97
4115	0.97
4116	0.97
4117	0.97
4118	0.97
4119	0.97
4120	0.97
4121	0.97
4122	0.97
4123	0.97
4124	0.97
4125	0.97
4126	0.97
4127	0.97
4128	0.97
4129	0.97
4130	0.97
4131	0.97
4132	0.97
4133	0.97
4134	0.97
4135	0.97
4136	0.97
4137	0.97
4138	0.97
4139	0.97
4140	0.97
4141	0.97
4142	0.97
4143	0.97
4144	0.97
4145	0.97
4146	0.97
4147	0.97
4148	0.97
4149	0.97
4150	0.97
4151	0.97
4152	0.97
4153	0.97
4154	0.97
4155	0.97
4156	0.97
4157	0.97
4158	0.97
4159	0.97
4160	0.97
4161	0.97
4162	0.97
4163	0.97
4164	0.97
4165	0.97
4166	0.97
4167	0.97
4168	0.97
4169	0.97
4170	0.97
4171	0.97
4172	0.97
4173	0.97
4174	0.97
4175	0.97
4176	0.97
4177	0.97
4178	0.97
4179	0.97
4180	0.97
4181	0.97
4182	0.97
4183	0.97
4184	0.97
4185	0.97
4186	0.97
4187	0.97
4188	0.97
4189	0.97
4190	0.97
4191	0.97
4192	0.97
4193	0.97
4194	0.97
4195	0.97
4196	0.97
4197	0.97
4198	0.97
4199	0.97
4200	0.97
4201	0.97
4202	0.97
4203	0.97
4204	0.97
4205	0.97
4206	0.97
4207	0.97
4208	0.97
4209	0.97
4210	0.97
4211	0.97
4212	0.97
4213	0.97
4214	0.97
4215	0.97
4216	0.97
4217	0.97
4218	0.97
4219	0.97
4220	0.97
4221	0.97
4222	0.97
4223	0.97
4224	0.97
4225	0.97
4226	0.97
4227	0.97
4228	0.97
4229	0.97
4230	0.97
4231	0.97
4232	0.97
4233	0.97
4234	0.97
4235	0.97
4236	0.97
4237	0.97
4238	0.97
4239	0.97
4240	0.97
4241	0.97
4242	0.97
4243	0.97
4244	0.97
4245	0.97
4246	0.97
4247	0.97
4248	0.97
4249	0.97
4250	0.97
4251	0.97
4252	0.97
4253	0.97
4254	0.97
4255	0.97
4256	0.97
4257	0.97
4258	0.97
4259	0.97
4260	0.97
4261	0.97
4262	0.97
4263	0.97
4264	0.97
4265	0.97
4266	0.97
4267	0.97
4268	0.97
4269	0.97
4270	0.97
4271	0.97
4272	0.97
4273	0.97
4274	0.97
4275	0.97
4276	0.97
4277	0.97
4278	0.97
4279	0.97
4280	0.97
4281	0.97
4282	0.97
4283	0.97
4284	0.97
4285	0.97
4286	0.97
4287	0.97
4288	0.97
4289	0.97
4290	0.97
4291	0.97
4292	0.97
4293	0.97
4294	0.97
4295	0.97
4296	0.97
4297	0.97
4298	0.97
4299	0.97
4300	0.97
4301	0.97
4302	0.97
4303	0.97
4304	0.97
4305	0.97
4306	0.97
4307	0.97
4308	0.97
4309	0.97
4310	0.97
4311	0.97
4312	0.97
4313	0.97
4314	0.97
4315	0.97
4316	0.97
4317	0.97
4318	0.97
4319	0.97
4320	0.97
4321	0.97
4322	0.97
4323	0.97
4324	0.97
4325	0.97
4326	0.97
4327	0.97
4328	0.97
4329	0.97
4330	0.97
4331	0.97
4332	0.97
4333	0.97
4334	0.97
4335	0.97
4336	0.97
4337	0.97
4338	0.97
4339	0.97
4340	0.97
4341	0.97
4342	0.97
4343	0.97
4344	0.97
4345	0.97
4346	0.97
4347	0.97
4348	0.97
4349	0.97
4350	0.97
4351	0.97
4352	0.97
4353	0.97
4354	0.97
4355	0.97
4356	0.97
4357	0.97
4358	0.97
4359	0.97
4360	0.97
4361	0.97
4362	0.97
4363	0.97
4364	0.97
4365	0.97
4366	0.97
4367	0.97
4368	0.97
4369	0.97
4370	0.97
4371	0.97
4372	0.97
4373	0.97
4374	0.97
4375	0.97
4376	0.97
4377	0.97
4378	0.97
4379	0.97
4380	0.97
4381	0.97
4382	0.97
4383	0.97
4384	0.97
4385	0.97
4386	0.97
4387	0.97
4388	0.97
4389	0.97
4390	0.97
4391	0.97
4392	0.97
4393	0.97
4394	0.97
4395	0.97
4396	0.97
4397	0.97
4398	0.97
4399	0.97
4400	0.97
4401	0.97
4402	0.97
4403	0.97
4404	0.97
4405	0.97
4406	0.97
4407	0.97
4408	0.97
4409	0.97
4410	0.97
4411	0.97
4412	0.97
4413	0.97
4414	0.97
4415	0.97
4416	0.97
4417	0.97
4418	0.97
4419	0.97
4420	0.97
4421	0.97
4422	0.97
4423	0.97
4424	0.97
4425	0.97
4426	0.97
4427	0.97
4428	0.97
4429	0.97
4430	0.97
4431	0.97
4432	0.97
4433	0.97
4434	0.97
4435	0.97
4436	0.97
4437	0.97
4438	0.97
4439	0.97
4440	0.97
4441	0.97
4442	0.97
4443	0.97
4444	0.97
4445	0.97
4446	0.97
4447	0.97
4448	0.97
4449	0.97
4450	0.97
4451	0.97
4452	0.97
4453	0.97
4454	0.97
4455	0.97
4456	0.97
4457	0.97
4458	0.97
4459	0.97
4460	0.97
4461	0.97
4462	0.97
4463	0.97
4464	0.97
4465	0.97
4466	0.97
4467	0.97
4468	0.97
4469	0.97
4470	0.97
4471	0.97
4472	0.97
4473	0.97
4474	0.97
4475	0.97
4476	0.97
4477	0.97
4478	0.97
4479	0.97
4480	0.97
4481	0.97
4482	0.97
4483	0.97
4484	0.97
4485	0.97
4486	0.97
4487	0.97
4488	0.97
4489	0.97
4490	0.97
4491	0.97
4492	0.97
4493	0.97
4494	0.97
4495	0.97
4496	0.97
4497	0.97
4498	0.97
4499	0.97
4500	0.97
4501	0.97
4502	0.97
4503	0.97
4504	0.97
4505	0.97
4506	0.97
4507	0.97
4508	0.97
4509	0.97
4510	0.97
4511	0.97
4512	0.97
4513	0.97
4514	0.97
4515	0.97
4516	0.97
4517	0.97
4518	0.97
4519	0.97
4520	0.97
4521	0.97
4522	0.97
4523	0.97
4524	0.97
4525	0.97
4526	0.97
4527	0.97
4528	0.97
4529	0.97
4530	0.97
4531	0.97
4532	0.97
4533	0.97
4534	0.97
4535	0.97
4536	0.97
4537	0.97
4538	0.97
4539	0.97
4540	0.97
4541	0.97
4542	0.97
4543	0.97
4544	0.97
4545	0.97
4546	0.97
4547	0.97
4548	0.97
4549	0.97
4550	0.97
4551	0.97
4552	0.97
4553	0.97
4554	0.97
4555	0.97
4556	0.97
4557	0.97
4558	0.97
4559	0.97
4560	0.97
4561	0.97
4562	0.97
4563	0.97
4564	0.97
4565	0.97
4566	0.97
4567	0.97
4568	0.97
4569	0.97
4570	0.97
4571	0.97
4572	0.97
4573	0.97
4574	0.97
4575	0.97
4576	0.97
4577	0.97
4578	0.97
4579	0.97
4580	0.97
4581	0.97
4582	0.97
4583	0.97
4584	0.97
4585	0.97
4586	0.97
4587	0.97
4588	0.97
4589	0.97
4590	0.97
4591	0.97
4592	0.97
4593	0.97
4594	0.97
4595	0.97
4596	0.97
4597	0.97
4598	0.97
4599	0.97
4600	0.97
4601	0.97
4602	0.97
4603	0.97
4604	0.97
4605	0.97
4606	0.97
4607	0.97
4608	0.97
4609	0.97
4610	0.97
4611	0.97
4612	0.97
4613	0.97
4614	0.97
4615	0.97
4616	0.97
4617	0.97
4618	0.97
4619	0.97
4620	0.97
4621	0.97
4622	0.97
4623	0.97
4624	0.97
4625	0.97
4626	0.97
4627	0.97
4628	0.97
4629	0.97
4630	0.97
4631	0.97
4632	0.97
4633	0.97
4634	0.97
4635	0.97
4636	0.97
4637	0.97
4638	0.97
4639	0.97
4640	0.97
4641	0.97
4642	0.97
4643	0.97
4644	0.97
4645	0.97
4646	0.97
4647	0.97
4648	0.97
4649	0.97
4650	0.97
4651	0.97
4652	0.97
4653	0.97
4654	0.97
4655	0.97
4656	0.97
4657	0.97
4658	0.97
4659	0.97
4660	0.97
4661	0.97
4662	0.97
4663	0.97
4664	0.97
4665	0.97
4666	0.97
4667	0.97
4668	0.97
4669	0.97
4670	0.97
4671	0.97
4672	0.97
4673	0.97
4674	0.97
4675	0.97
4676	0.97
4677	0.97
4678	0.97
4679	0.97
4680	0.97
4681	0.97
4682	0.97
4683	0.97
4684	0.97
4685	0.97
4686	0.97
4687	0.97
4688	0.97
4689	0.97
4690	0.97
4691	0.97
4692	0.97
4693	0.97
4694	0.97
4695	0.97
4696	0.97
4697	0.97
4698	0.97
4699	0.97
4700	0.97
4701	0.97
4702	0.97
4703	0.97
4704	0.97
4705	0.97
4706	0.97
4707	0.97
4708	0.97
4709	0.97
4710	0.97
4711	0.97
4712	0.97
4713	0.97
4714	0.97
4715	0.97
4716	0.97
4717	0.97
4718	0.97
4719	0.97
4720	0.97
4721	0.97
4722	0.97
4723	0.97
4724	0.97
4725	0.97
4726	0.97
4727	0.97
4728	0.97
4729	0.97
4730	0.97
4731	0.97
4732	0.97
4733	0.97
4734	0.97
4735	0.97
4736	0.97
4737	0.97
4738	0.97
4739	0.97
4740	0.97
4741	0.97
4742	0.97
4743	0.97
4744	0.97
4745	0.97
4746	0.97
4747	0.97
4748	0.97
4749	0.97
4750	0.97
4751	0.97
4752	0.97
4753	0.97
4754	0.97
4755	0.97
4756	0.97
4757	0.97
4758	0.97
4759	0.97
4760	0.97
4761	0.97
4762	0.97
4763	0.97
4764	0.97
4765	0.97
4766	0.97
4767	0.97
4768	0.97
4769	0.97
4770	0.97
4771	0.97
4772	0.97
4773	0.97
4774	0.97
4775	0.97
4776	0.97
4777	0.97
4778	0.97
4779	0.97
4780	0.97
4781	0.97
4782	0.97
4783	0.97
4784	0.97
4785	0.97
4786	0.97
4787	0.97
4788	0.97
4789	0.97
4790	0.97
4791	0.97
4792	0.97
4793	0.97
4794	0.97
4795	0.97
4796	0.97
4797	0.97
4798	0.97
4799	0.97
4800	0.97
4801	0.97
4802	0.97
4803	0.97
4804	0.97
4805	0.97
4806	0.97
4807	0.97
4808	0.97
4809	0.97
4810	0.97
4811	0.97
4812	0.97
4813	0.97
4814	0.97
4815	0.97
4816	0.97
4817	0.97
4818	0.97
4819	0.97
4820	0.97
4821	0.97
4822	0.97
4823	0.97
4824	0.97
4825	0.97
4826	0.97
4827	0.97
4828	0.97
4829	0.97
4830	0.97
4831	0.97
4832	0.97
4833	0.97
4834	0.97
4835	0.97
4836	0.97
4837	0.97
4838	0.97
4839	0.97
4840	0.97
4841	0.97
4842	0.97
4843	0.97
4844	0.97
4845	0.97
4846	0.97
4847	0.97
4848	0.97
4849	0.97
4850	0.97
4851	0.97
4852	0.97
4853	0.97
4854	0.97
4855	0.97
4856	0.97
4857	0.97
4858	0.97
4859	0.97
4860	0.97
4861	0.97
4862	0.97
4863	0.97
4864	0.97
4865	0.97
4866	0.97
4867	0.97
4868	0.97
4869	0.97
4870	0.97
4871	0.97
4872	0.97
4873	0.97
4874	0.97
4875	0.97
4876	0.97
4877	0.97
4878	0.97
4879	0.97
4880	0.97
4881	0.97
4882	0.97
4883	0.97
4884	0.97
4885	0.97
4886	0.97
4887	0.97
4888	0.97
4889	0.97
4890	0.97
4891	0.97
4892	0.97
4893	0.97
4894	0.97
4895	0.97
4896	0.97
4897	0.97
4898	0.97
4899	0.97
4900	0.97
4901	0.97
4902	0.97
4903	0.97
4904	0.97
4905	0.97
4906	0.97
4907	0.97
4908	0.97
4909	0.97
4910	0.97
4911	0.97
4912	0.97
4913	0.97
4914	0.97
4915	0.97
4916	0.97
4917	0.97
4918	0.97
4919	0.97
4920	0.97
4921	0.97
4922	0.97
4923	0.97
4924	0.97
4925	0.97
4926	0.97
4927	0.97
4928	0.97
4929	0.97
4930	0.97
4931	0.97
4932	0.97
4933	0.97
4934	0.97
4935	0.97
4936	0.97
4937	0.97
4938	0.97
4939	0.97
4940	0.97
4941	0.97
4942	0.97
4943	0.97
4944	0.97
4945	0.97
4946	0.97
4947	0.97
4948	0.97
4949	0.97
4950	0.97
4951	0.97
4952	0.97
4953	0.97
4954	0.97
4955	0.97
4956	0.97
4957	0.97
4958	0.97
4959	0.97
4960	0.97
4961	0.97
4962	0.97
4963	0.97
4964	0.97
4965	0.97
4966	0.97
4967	0.97
4968	0.97
4969	0.97
4970	0.97
4971	0.97
4972	0.97
4973	0.97
4974	0.97
4975	0.97
4976	0.97
4977	0.97
4978	0.97
4979	0.97
4980	0.97
4981	0.97
4982	0.97
4983	0.97
4984	0.97
4985	0.97
4986	0.97
4987	0.97
4988	0.97
4989	0.97
4990	0.97
4991	0.97
4992	0.97
4993	0.97
4994	0.97
4995	0.97
4996	0.97
4997	0.97
4998	0.97
4999	0.97
5000	0.97
5001	0.97
5002	0.97
5003	0.97
5004	0.97
5005	0.97
5006	0.97
5007	0.97
5008	0.97
5009	0.97
5010	0.97
5011	0.97
5012	0.97
5013	0.97
5014	0.97
5015	0.97
5016	0.97
5017	0.97
5018	0.97
5019	0.97
5020	0.97
5021	0.97
5022	0.97
5023	0.97
5024	0.97
5025	0.97
5026	0.97
5027	0.97
5028	0.97
5029	0.97
5030	0.97
5031	0.97
5032	0.97
5033	0.97
5034	0.97
5035	0.97
5036	0.97
5037	0.97
5038	0.97
5039	0.97
5040	0.97
5041	0.97
5042	0.97
5043	0.97
5044	0.97
5045	0.97
5046	0.97
5047	0.97
5048	0.97
5049	0.97
5050	0.97
5051	0.97
5052	0.97
5053	0.97
5054	0.97
5055	0.97
5056	0.97
5057	0.97
5058	0.97
5059	0.97
5060	0.97
5061	0.97
5062	0.97
5063	0.97
5064	0.97
5065	0.97
5066	0.97
5067	0.97
5068	0.97
5069	0.97
5070	0.97
5071	0.97
5072	0.97
5073	0.97
5074	0.97
5075	0.97
5076	0.97
5077	0.97
5078	0.97
5079	0.97
5080	0.97
5081	0.97
5082	0.97
5083	0.97
5084	0.97
5085	0.97
5086	0.97
5087	0.97
5088	0.97
5089	0.97
5090	0.97
5091	0.97
5092	0.97
5093	0.97
5094	0.97
5095	0.97
5096	0.97
5097	0.97
5098	0.97
5099	0.97
5100	0.97
5101	0.97
5102	0.97
5103	0.97
5104	0.97
5105	0.97
5106	0.97
5107	0.97
5108	0.97
5109	0.97
5110	0.97
5111	0.97
5112	0.97
5113	0.97
5114	0.97
5115	0.97
5116	0.97
5117	0.97
5118	0.97
5119	0.97
5120	0.97
5121	0.97
5122	0.97
5123	0.97
5124	0.97
5125	0.97
5126	0.97
5127	0.97
5128	0.97
5129	0.97
5130	0.97
5131	0.97
5132	0.97
5133	0.97
5134	0.97
5135	0.97
5136	0.97
5137	0.97
5138	0.97
5139	0.97
5140	0.97
5141	0.97
5142	0.97
5143	0.97
5144	0.97
5145	0.97
5146	0.97
5147	0.97
5148	0.97
5149	0.97
5150	0.97
5151	0.97
5152	0.97
5153	0.97
5154	0.97
5155	0.97
5156	0.97
5157	0.97
5158	0.97
5159	0.97
5160	0.97
5161	0.97
5162	0.97
5163	0.97
5164	0.97
5165	0.97
5166	0.97
5167	0.97
5168	0.97
5169	0.97
5170	0.97
5171	0.97
5172	0.97
5173	0.97
5174	0.97
5175	0.97
5176	0.97
5177	0.97
5178	0.97
5179	0.97
5180	0.97
5181	0.97
5182	0.97
5183	0.97
5184	0.97
5185	0.97
5186	0.97
5187	0.97
5188	0.97
5189	0.97
5190	0.97
5191	0.97
5192	0.97
5193	0.97
5194	0.97
5195	0.97
5196	0.97
5197	0.97
5198	0.97
5199	0.97
5200	0.97
5201	0.97
5202	0.97
5203	0.97
5204	0.97
5205	0.97
5206	0.97
5207	0.97
5208	0.97
5209	0.97
5210	0.97
5211	0.97
5212	0.97
5213	0.97
5214	0.97
5215	0.97
5216	0.97
5217	0.97
5218	0.97
5219	0.97
5220	0.97
5221	0.97
5222	0.97
5223	0.97
5224	0.97
5225	0.97
5226	0.97
5227	0.97
5228	0.97
5229	0.97
5230	0.97
5231	0.97
5232	0.97
5233	0.97
5234	0.97
5235	0.97
5236	0.97
5237	0.97
5238	0.97
5239	0.97
5240	0.97
5241	0.97
5242	0.97
5243	0.97
5244	0.97
5245	0.97
5246	0.97
5247	0.97
5248	0.97
5249	0.97
5250	0.97
5251	0.97
5252	0.97
5253	0.97
5254	0.97
5255	0.97
5256	0.97
5257	0.97
5258	0.97
5259	0.97
5260	0.97
5261	0.97
5262	0.97
5263	0.97
5264	0.97
5265	0.97
5266	0.97
5267	0.97
5268	0.97
5269	0.97
5270	0.97
5271	0.97
5272	0.97
5273	0.97
5274	0.97
5275	0.97
5276	0.97
5277	0.97
5278	0.97
5279	0.97
5280	0.97
5281	0.97
5282	0.97
5283	0.97
5284	0.97
5285	0.97
5286	0.97
5287	0.97
5288	0.97
5289	0.97
5290	0.97
5291	0.97
5292	0.97
5293	0.97
5294	0.97
5295	0.97
5296	0.97
5297	0.97
5298	0.97
5299	0.97
5300	0.97
5301	0.97
5302	0.97
5303	0.97
5304	0.97
5305	0.97
5306	0.97
5307	0.97
5308	0.97
5309	0.97
5310	0.97
5311	0.97
5312	0.97
5313	0.97
5314	0.97
5315	0.97
5316	0.97
5317	0.97
5318	0.97
5319	0.97
5320	0.97
5321	0.97
5322	0.97
5323	0.97
5324	0.97
5325	0.97
5326	0.97
5327	0.97
5328	0.97
5329	0.97
5330	0.97
5331	0.97
5332	0.97
5333	0.97
5334	0.97
5335	0.97
5336	0.97
5337	0.97
5338	0.97
5339	0.97
5340	0.97
5341	0.97
5342	0.97
5343	0.97
5344	0.97
5345	0.97
5346	0.97
5347	0.97
5348	0.97
5349	0.97
5350	0.97
5351	0.97
5352	0.97
5353	0.97
5354	0.97
5355	0.97
5356	0.97
5357	0.97
5358	0.97
5359	0.97
5360	0.97
5361	0.97
5362	0.97
5363	0.97
5364	0.97
5365	0.97
5366	0.97
5367	0.97
5368	0.97
5369	0.97
5370	0.97
5371	0.97
5372	0.97
5373	0.97
5374	0.97
5375	0.97
5376	0.97
5377	0.97
5378	0.97
5379	0.97
5380	0.97
5381	0.97
5382	0.97
5383	0.97
5384	0.97
5385	0.97
5386	0.97
5387	0.97
5388	0.97
5389	0.97
5390	0.97
5391	0.97
5392	0.97
5393	0.97
5394	0.97
5395	0.97
5396	0.97
5397	0.97
5398	0.97
5399	0.97
5400	0.97
5401	0.97
5402	0.97
5403	0.97
5404	0.97
5405	0.97
5406	0.97
5407	0.97
5408	0.97
5409	0.97
5410	0.97
5411	0.97
5412	0.97
5413	0.97
5414	0.97
5415	0.97
5416	0.97
5417	0.97
5418	0.97
5419	0.97
5420	0.97
5421	0.97
5422	0.97
5423	0.97
5424	0.97
5425	0.97
5426	0.97
5427	0.97
5428	0.97
5429	0.97
5430	0.97
5431	0.97
5432	0.97
5433	0.97
5434	0.97
5435	0.97
5436	0.97
5437	0.97
5438	0.97
5439	0.97
5440	0.97
5441	0.97
5442	0.97
5443	0.97
5444	0.97
5445	0.97
5446	0.97
5447	0.97
5448	0.97
5449	0.97
5450	0.97
5451	0.97
5452	0.97
5453	0.97
5454	0.97
5455	0.97
5456	0.97
5457	0.97
5458	0.97
5459	0.97
5460	0.97
5461	0.97
5462	0.97
5463	0.97
5464	0.97
5465	0.97
5466	0.97
5467	0.97
5468	0.97
5469	0.97
5470	0.97
5471	0.97
5472	0.97
5473	0.97
5474	0.97
5475	0.97
5476	0.97
5477	0.97
5478	0.97
5479	0.97
5480	0.97
5481	0.97
5482	0.97
5483	0.97
5484	0.97
5485	0.97
5486	0.97
5487	0.97
5488	0.97
5489	0.97
5490	0.97
5491	0.97
5492	0.97
5493	0.97
5494	0.97
5495	0.97
5496	0.97
5497	0.97
5498	0.97
5499	0.97
5500	0.97
5501	0.97
5502	0.97
5503	0.97
5504	0.97
5505	0.97
5506	0.97
5507	0.97
5508	0.97
5509	0.97
5510	0.97
5511	0.97
5512	0.97
5513	0.97
5514	0.97
5515	0.97
5516	0.97
5517	0.97
5518	0.97
5519	0.97
5520	0.97
5521	0.97
5522	0.97
5523	0.97
5524	0.97
5525	0.97
5526	0.97
5527	0.97
5528	0.97
5529	0.97
5530	0.97
5531	0.97
5532	0.97
5533	0.97
5534	0.97
5535	0.97
5536	0.97
5537	0.97
5538	0.97
5539	0.97
5540	0.97
5541	0.97
5542	0.97
5543	0.97
5544	0.97
5545	0.97
5546	0.97
5547	0.97
5548	0.97
5549	0.97
5550	0.97
5551	0.97
5552	0.97
5553	0.97
5554	0.97
5555	0.97
5556	0.97
5557	0.97
5558	0.97
5559	0.97
5560	0.97
5561	0.97
5562	0.97
5563	0.97
5564	0.97
5565	0.97
5566	0.97
5567	0.97
5568	0.97
5569	0.97
5570	0.97
5571	0.97
5572	0.97
5573	0.97
5574	0.97
5575	0.97
5576	0.97
5577	0.97
5578	0.97
5579	0.97
5580	0.97
5581	0.97
5582	0.97
5583	0.97
5584	0.97
5585	0.97
5586	0.97
5587	0.97
5588	0.97
5589	0.97
5590	0.97
5591	0.97
5592	0.97
5593	0.97
5594	0.97
5595	0.97
5596	0.97
5597	0.97
5598	0.97
5599	0.97
5600	0.97
5601	0.97
5602	0.97
5603	0.97
5604	0.97
5605	0.97
5606	0.97
5607	0.97
5608	0.97
5609	0.97
5610	0.97
5611	0.97
5612	0.97
5613	0.97
5614	0.97
5615	0.97
5616	0.97
5617	0.97
5618	0.97
5619	0.97
5620	0.97
5621	0.97
5622	0.97
5623	0.97
5624	0.97
5625	0.97
5626	0.97
5627	0.97
5628	0.97
5629	0.97
5630	0.97
5631	0.97
5632	0.97
5633	0.97
5634	0.97
5635	0.97
5636	0.97
5637	0.97
5638	0.97
5639	0.97
5640	0.97
5641	0.97
5642	0.97
5643	0.97
5644	0.97
5645	0.97
5646	0.97
5647	0.97
5648	0.97
5649	0.97
5650	0.97
5651	0.97
5652	0.97
5653	0.97
5654	0.97
5655	0.97
5656	0.97
5657	0.97
5658	0.97
5659	0.97
5660	0.97
5661	0.97
5662	0.97
5663	0.97
5664	0.97
5665	0.97
5666	0.97
5667	0.97
5668	0.97
5669	0.97
5670	0.97
5671	0.97
5672	0.97
5673	0.97
5674	0.97
5675	0.97
5676	0.97
5677	0.97
5678	0.97
5679	0.97
5680	0.97
5681	0.97
5682	0.97
5683	0.97
5684	0.97
5685	0.97
5686	0.97
5687	0.97
5688	0.97
5689	0.97
5690	0.97
5691	0.97
5692	0.97
5693	0.97
5694	0.97
5695	0.97
5696	0.97
5697	0.97
5698	0.97
5699	0.97
5700	0.97
5701	0.97
5702	0.97
5703	0.97
5704	0.97
5705	0.97
5706	0.97
5707	0.97
5708	0.97
5709	0.97
5710	0.97
5711	0.97
5712	0.97
5713	0.97
5714	0.97
5715	0.97
5716	0.97
5717	0.97
5718	0.97
5719	0.97
5720	0.97
5721	0.97
5722	0.97
5723	0.97
5724	0.97
5725	0.97
5726	0.97
5727	0.97
5728	0.97
5729	0.97
5730	0.97
5731	0.97
5732	0.97
5733	0.97
5734	0.97
5735	0.97
5736	0.97
5737	0.97
5738	0.97
5739	0.97
5740	0.97
5741	0.97
5742	0.97
5743	0.97
5744	0.97
5745	0.97
5746	0.97
5747	0.97
5748	0.97
5749	0.97
5750	0.97
5751	0.97
5752	0.97
5753	0.97
5754	0.97
5755	0.97
5756	0.97
5757	0.97
5758	0.97
5759	0.97
5760	0.97
5761	0.97
5762	0.97
5763	0.97
5764	0.97
5765	0.97
5766	0.97
5767	0.97
5768	0.97
5769	0.97
5770	0.97
5771	0.97
5772	0.97
5773	0.97
5774	0.97
5775	0.97
5776	0.97
5777	0.97
5778	0.97
5779	0.97
5780	0.97
5781	0.97
5782	0.97
5783	0.97
5784	0.97
5785	0.97
5786	0.97
5787	0.97
5788	0.97
5789	0.97
5790	0.97
5791	0.97
5792	0.97
5793	0.97
5794	0.97
5795	0.97
5796	0.97
5797	0.97
5798	0.97
5799	0.97
5800	0.97
5801	0.97
5802	0.97
5803	0.97
5804	0.97
5805	0.97
5806	0.97
5807	0.97
5808	0.97
5809	0.97
5810	0.97
5811	0.97
5812	0.97
5813	0.97
5814	0.97
5815	0.97
5816	0.97
5817	0.97
5818	0.97
5819	0.97
5820	0.97
5821	0.97
5822	0.97
5823	0.97
5824	0.97
5825	0.97
5826	0.97
5827	0.97
5828	0.97
5829	0.97
5830	0.97
5831	0.97
5832	0.97
5833	0.97
5834	0.97
5835	0.97
5836	0.97
5837	0.97
5838	0.97
5839	0.97
5840	0.97
5841	0.97
5842	0.97
5843	0.97
5844	0.97
5845	0.97
5846	0.97
5847	0.97
5848	0.97
5849	0.97
5850	0.97
5851	0.97
5852	0.97
5853	0.97
5854	0.97
5855	0.97
5856	0.97
5857	0.97
5858	0.97
5859	0.97
5860	0.97
5861	0.97
5862	0.97
5863	0.97
5864	0.97
5865	0.97
5866	0.97
5867	0.97
5868	0.97
5869	0.97
5870	0.97
5871	0.97
5872	0.97
5873	0.97
5874	0.97
5875	0.97
5876	0.97
5877	0.97
5878	0.97
5879	0.97
5880	0.97
5881	0.97
5882	0.97
5883	0.97
5884	0.97
5885	0.97
5886	0.97
5887	0.97
5888	0.97
5889	0.97
5890	0.97
5891	0.97
5892	0.97
5893	0.97
5894	0.97
5895	0.97
5896	0.97
5897	0.97
5898	0.97
5899	0.97
5900	0.97
5901	0.97
5902	0.97
5903	0.97
5904	0.97
5905	0.97
5906	0.97
5907	0.97
5908	0.97
5909	0.97
5910	0.97
5911	0.97
5912	0.97
5913	0.97
5914	0.97
5915	0.97
5916	0.97
5917	0.97
5918	0.97
5919	0.97
5920	0.97
5921	0.97
5922	0.97
5923	0.97
5924	0.97
5925	0.97
5926	0.97
5927	0.97
5928	0.97
5929	0.97
5930	0.97
5931	0.97
5932	0.97
5933	0.97
5934	0.97
5935	0.97
5936	0.97
5937	0.97
5938	0.97
5939	0.97
5940	0.97
5941	0.97
5942	0.97
5943	0.97
5944	0.97
5945	0.97
5946	0.97
5947	0.97
5948	0.97
5949	0.97
5950	0.97
5951	0.97
5952	0.97
5953	0.97
5954	0.97
5955	0.97
5956	0.97
5957	0.97
5958	0.97
5959	0.97
5960	0.97
5961	0.97
5962	0.97
5963	0.97
5964	0.97
5965	0.97
5966	0.97
5967	0.97
5968	0.97
5969	0.97
5970	0.97
5971	0.97
5972	0.97
5973	0.97
5974	0.97
5975	0.97
5976	0.97
5977	0.97
5978	0.97
5979	0.97
5980	0.97
5981	0.97
5982	0.97
5983	0.97
5984	0.97
5985	0.97
5986	0.97
5987	0.97
5988	0.97
5989	0.97
5990	0.97
5991	0.97
5992	0.97
5993	0.97
5994	0.97
5995	0.97
5996	0.97
5997	0.97
5998	0.97
5999	0.97
6000	0.97
6001	0.97
6002	0.97
6003	0.97
6004	0.97
6005	0.97
6006	0.97
6007	0.97
6008	0.97
6009	0.97
6010	0.97
6011	0.97
6012	0.97
6013	0.97
6014	0.97
6015	0.97
6016	0.97
6017	0.97
6018	0.97
6019	0.97
6020	0.97
6021	0.97
6022	0.97
6023	0.97
6024	0.97
6025	0.97
6026	0.97
6027	0.97
6028	0.97
6029	0.97
6030	0.97
6031	0.97
6032	0.97
6033	0.97
6034	0.97
6035	0.97
6036	0.97
6037	0.97
6038	0.97
6039	0.97
6040	0.97
6041	0.97
6042	0.97
6043	0.97
6044	0.97
6045	0.97
6046	0.97
6047	0.97
6048	0.97
6049	0.97
6050	0.97
6051	0.97
6052	0.97
6053	0.97
6054	0.97
6055	0.97
6056	0.97
6057	0.97
6058	0.97
6059	0.97
6060	0.97
6061	0.97
6062	0.97
6063	0.97
6064	0.97
6065	0.97
6066	0.97
6067	0.97
6068	0.97
6069	0.97
6070	0.97
6071	0.97
6072	0.97
6073	0.97
6074	0.97
6075	0.97
6076	0.97
6077	0.97
6078	0.97
6079	0.97
6080	0.97
6081	0.97
6082	0.97
6083	0.97
6084	0.97
6085	0.97
6086	0.97
6087	0.97
6088	0.97
6089	0.97
6090	0.97
6091	0.97
6092	0.97
6093	0.97
6094	0.97
6095	0.97
6096	0.97
6097	0.97
6098	0.97
6099	0.97
6100	0.97
6101	0.97
6102	0.97
6103	0.97
6104	0.97
6105	0.97
6106	0.97
6107	0.97
6108	0.97
6109	0.97
6110	0.97
6111	0.97
6112	0.97
6113	0.97
6114	0.97
6115	0.97
6116	0.97
6117	0.97
6118	0.97
6119	0.97
6120	0.97
6121	0.97
6122	0.97
6123	0.97
6124	0.97
6125	0.97
6126	0.97
6127	0.97
6128	0.97
6129	0.97
6130	0.97
6131	0.97
6132	0.97
6133	0.97
6134	0.97
6135	0.97
6136	0.97
6137	0.97
6138	0.97
6139	0.97
6140	0.97
6141	0.97
6142	0.97
6143	0.97
6144	0.97
6145	0.97
6146	0.97
6147	0.97
6148	0.97
6149	0.97
6150	0.97
6151	0.97
6152	0.97
6153	0.97
6154	0.97
6155	0.97
6156	0.97
6157	0.97
6158	0.97
6159	0.97
6160	0.97
6161	0.97
6162	0.97
6163	0.97
6164	0.97
6165	0.97
6166	0.97
6167	0.97
6168	0.97
6169	0.97
6170	0.97
6171	0.97
6172	0.97
6173	0.97
6174	0.97
6175	0.97
6176	0.97
6177	0.97
6178	0.97
6179	0.97
6180	0.97
6181	0.97
6182	0.97
6183	0.97
6184	0.97
6185	0.97
6186	0.97
6187	0.97
6188	0.97
6189	0.97
6190	0.97
6191	0.97
6192	0.97
6193	0.97
6194	0.97
6195	0.97
6196	0.97
6197	0.97
6198	0.97
6199	0.97
6200	0.97
6201	0.97
6202	0.97
6203	0.97
6204	0.97
6205	0.97
6206	0.97
6207	0.97
6208	0.97
6209	0.97
6210	0.97
6211	0.97
6212	0.97
6213	0.97
6214	0.97
6215	0.97
6216	0.97
6217	0.97
6218	0.97
6219	0.97
6220	0.97
6221	0.97
6222	0.97
6223	0.97
6224	0.97
6225	0.97
6226	0.97
6227	0.97
6228	0.97
6229	0.97
6230	0.97
6231	0.97
6232	0.97
6233	0.97
6234	0.97
6235	0.97
6236	0.97
6237	0.97
6238	0.97
6239	0.97
6240	0.97
6241	0.97
6242	0.97
6243	0.97
6244	0.97
6245	0.97
6246	0.97
6247	0.97
6248	0.97
6249	0.97
6250	0.97
6251	0.97
6252	0.97
6253	0.97
6254	0.97
6255	0.97
6256	0.97
6257	0.97
6258	0.97
6259	0.97
6260	0.97
6261	0.97
6262	0.97
6263	0.97
6264	0.97
6265	0.97
6266	0.97
6267	0.97
6268	0.97
6269	0.97
6270	0.97
6271	0.97
6272	0.97
6273	0.97
6274	0.97
6275	0.97
6276	0.97
6277	0.97
6278	0.97
6279	0.97
6280	0.97
6281	0.97
6282	0.97
6283	0.97
6284	0.97
6285	0.97
6286	0.97
6287	0.97
6288	0.97
6289	0.97
6290	0.97
6291	0.97
6292	0.97
6293	0.97
6294	0.97
6295	0.97
6296	0.97
6297	0.97
6298	0.97
6299	0.97
6300	0.97
6301	0.97
6302	0.97
6303	0.97
6304	0.97
6305	0.97
6306	0.97
6307	0.97
6308	0.97
6309	0.97
6310	0.97
6311	0.97
6312	0.97
6313	0.97
6314	0.97
6315	0.97
6316	0.97
6317	0.97
6318	0.97
6319	0.97
6320	0.97
6321	0.97
6322	0.97
6323	0.97
6324	0.97
6325	0.97
6326	0.97
6327	0.97
6328	0.97
6329	0.97
6330	0.97
6331	0.97
6332	0.97
6333	0.97
6334	0.97
6335	0.97
6336	0.97
6337	0.97
6338	0.97
6339	0.97
6340	0.97
6341	0.97
6342	0.97
6343	0.97
6344	0.97
6345	0.97
6346	0.97
6347	0.97
6348	0.97
6349	0.97
6350	0.97
6351	0.97
6352	0.97
6353	0.97
6354	0.97
6355	0.97
6356	0.97
6357	0.97
6358	0.97
6359	0.97
6360	0.97
6361	0.97
6362	0.97
6363	0.97
6364	0.97
6365	0.97
6366	0.97
6367	0.97
6368	0.97
6369	0.97
6370	0.97
6371	0.97
6372	0.97
6373	0.97
6374	0.97
6375	0.97
6376	0.97
6377	0.97
6378	0.97
6379	0.97
6380	0.97
6381	0.97
6382	0.97
6383	0.97
6384	0.97
6385	0.97
6386	0.97
6387	0.97
6388	0.97
6389	0.97
6390	0.97
6391	0.97
6392	0.97
6393	0.97
6394	0.97
6395	0.97
6396	0.97
6397	0.97
6398	0.97
6399	0.97
6400	0.97
6401	0.97
6402	0.97
6403	0.97
6404	0.97
6405	0.97
6406	0.97
6407	0.97
6408	0.97
6409	0.97
6410	0.97
6411	0.97
6412	0.97
6413	0.97
6414	0.97
6415	0.97
6416	0.97
6417	0.97
6418	0.97
6419	0.97
6420	0.97
6421	0.97
6422	0.97
6423	0.97
6424	0.97
6425	0.97
6426	0.97
6427	0.97
6428	0.97
6429	0.97
6430	0.97
6431	0.97
6432	0.97
6433	0.97
6434	0.97
6435	0.97
6436	0.97
6437	0.97
6438	0.97
6439	0.97
6440	0.97
6441	0.97
6442	0.97
6443	0.97
6444	0.97
6445	0.97
6446	0.97
6447	0.97
6448	0.97
6449	0.97
6450	0.97
6451	0.97
6452	0.97
6453	0.97
6454	0.97
6455	0.97
6456	0.97
6457	0.97
6458	0.97
6459	0.97
6460	0.97
6461	0.97
6462	0.97
6463	0.97
6464	0.97
6465	0.97
6466	0.97
6467	0.97
6468	0.97
6469	0.97
6470	0.97
6471	0.97
6472	0.97
6473	0.97
6474	0.97
6475	0.97
6476	0.97
6477	0.97
6478	0.97
6479	0.97
6480	0.97
6481	0.97
6482	0.97
6483	0.97
6484	0.97
6485	0.97
6486	0.97
6487	0.97
6488	0.97
6489	0.97
6490	0.97
6491	0.97
6492	0.97
6493	0.97
6494	0.97
6495	0.97
6496	0.97
6497	0.97
6498	0.97
6499	0.97
6500	0.97
6501	0.97
6502	0.97
6503	0.97
6504	0.97
6505	0.97
6506	0.97
6507	0.97
6508	0.97
6509	0.97
6510	0.97
6511	0.97
6512	0.97
6513	0.97
6514	0.97
6515	0.97
6516	0.97
6517	0.97
6518	0.97
6519	0.97
6520	0.97
6521	0.97
6522	0.97
6523	0.97
6524	0.97
6525	0.97
6526	0.97
6527	0.97
6528	0.97
6529	0.97
6530	0.97
6531	0.97
6532	0.97
6533	0.97
6534	0.97
6535	0.97
6536	0.97
6537	0.97
6538	0.97
6539	0.97
6540	0.97
6541	0.97
6542	0.97
6543	0.97
6544	0.97
6545	0.97
6546	0.97
6547	0.97
6548	0.97
6549	0.97
6550	0.97
6551	0.97
6552	0.97
6553	0.97
6554	0.97
6555	0.97
6556	0.97
6557	0.97
6558	0.97
6559	0.97
6560	0.97
6561	0.97
6562	0.97
6563	0.97
6564	0.97
6565	0.97
6566	0.97
6567	0.97
6568	0.97
6569	0.97
6570	0.97
6571	0.97
6572	0.97
6573	0.97
6574	0.97
6575	0.97
6576	0.97
6577	0.97
6578	0.97
6579	0.97
6580	0.97
6581	0.97
6582	0.97
6583	0.97
6584	0.97
6585	0.97
6586	0.97
6587	0.97
6588	0.97
6589	0.97
6590	0.97
6591	0.97
6592	0.97
6593	0.97
6594	0.97
6595	0.97
6596	0.97
6597	0.97
6598	0.97
6599	0.97
6600	0.97
6601	0.97
6602	0.97
6603	0.97
6604	0.97
6605	0.97
6606	0.97
6607	0.97
6608	0.97
6609	0.97
6610	0.97
6611	0.97
6612	0.97
6613	0.97
6614	0.97
6615	0.97
6616	0.97
6617	0.97
6618	0.97
6619	0.97
6620	0.97
6621	0.97
6622	0.97
6623	0.97
6624	0.97
6625	0.97
6626	0.97
6627	0.97
6628	0.97
6629	0.97
6630	0.97
6631	0.97
6632	0.97
6633	0.97
6634	0.97
6635	0.97
6636	0.97
6637	0.97
6638	0.97
6639	0.97
6640	0.97
6641	0.97
6642	0.97
6643	0.97
6644	0.97
6645	0.97
6646	0.97
6647	0.97
6648	0.97
6649	0.97
6650	0.97
6651	0.97
6652	0.97
6653	0.97
6654	0.97
6655	0.97
6656	0.97
6657	0.97
6658	0.97
6659	0.97
6660	0.97
6661	0.97
6662	0.97
6663	0.97
6664	0.97
6665	0.97
6666	0.97
6667	0.97
6668	0.97
6669	0.97
6670	0.97
6671	0.97
6672	0.97
6673	0.97
6674	0.97
6675	0.97
6676	0.97
6677	0.97
6678	0.97
6679	0.97
6680	0.97
6681	0.97
6682	0.97
6683	0.97
6684	0.97
6685	0.97
6686	0.97
6687	0.97
6688	0.97
6689	0.97
6690	0.97
6691	0.97
6692	0.97
6693	0.97
6694	0.97
6695	0.97
6696	0.97
6697	0.97
6698	0.97
6699	0.97
6700	0.97
6701	0.97
6702	0.97
6703	0.97
6704	0.97
6705	0.97
6706	0.97
6707	0.97
6708	0.97
6709	0.97
6710	0.97
6711	0.97
6712	0.97
6713	0.97
6714	0.97
6715	0.97
6716	0.97
6717	0.97
6718	0.97
6719	0.97
6720	0.97
6721	0.97
6722	0.97
6723	0.97
6724	0.97
6725	0.97
6726	0.97
6727	0.97
6728	0.97
6729	0.97
6730	0.97
6731	0.97
6732	0.97
6733	0.97
6734	0.97
6735	0.97
6736	0.97
6737	0.97
6738	0.97
6739	0.97
6740	0.97
6741	0.97
6742	0.97
6743	0.97
6744	0.97
6745	0.97
6746	0.97
6747	0.97
6748	0.97
6749	0.97
6750	0.97
6751	0.97
6752	0.97
6753	0.97
6754	0.97
6755	0.97
6756	0.97
6757	0.97
6758	0.97
6759	0.97
6760	0.97
6761	0.97
6762	0.97
6763	0.97
6764	0.97
6765	0.97
6766	0.97
6767	0.97
6768	0.97
6769	0.97
6770	0.97
6771	0.97
6772	0.97
6773	0.97
6774	0.97
6775	0.97
6776	0.97
6777	0.97
6778	0.97
6779	0.97
6780	0.97
6781	0.97
6782	0.97
6783	0.97
6784	0.97
6785	0.97
6786	0.97
6787	0.97
6788	0.97
6789	0.97
6790	0.97
6791	0.97
6792	0.97
6793	0.97
6794	0.97
6795	0.97
6796	0.97
6797	0.97
6798	0.97
6799	0.97
6800	0.97
6801	0.97
6802	0.97
6803	0.97
6804	0.97
6805	0.97
6806	0.97
6807	0.97
6808	0.97
6809	0.97
6810	0.97
6811	0.97
6812	0.97
6813	0.97
6814	0.97
6815	0.97
6816	0.97
6817	0.97
6818	0.97
6819	0.97
6820	0.97
6821	0.97
6822	0.97
6823	0.97
6824	0.97
6825	0.97
6826	0.97
6827	0.97
6828	0.97
6829	0.97
6830	0.97
6831	0.97
6832	0.97
6833	0.97
6834	0.97
6835	0.97
6836	0.97
6837	0.97
6838	0.97
6839	0.97
6840	0.97
6841	0.97
6842	0.97
6843	0.97
6844	0.97
6845	0.97
6846	0.97
6847	0.97
6848	0.97
6849	0.97
6850	0.97
6851	0.97
6852	0.97
6853	0.97
6854	0.97
6855	0.97
6856	0.97
6857	0.97
6858	0.97
6859	0.97
6860	0.97
6861	0.97
6862	0.97
6863	0.97
6864	0.97
6865	0.97
6866	0.97
6867	0.97
6868	0.97
6869	0.97
6870	0.97
6871	0.97
6872	0.97
6873	0.97
6874	0.97
6875	0.97
6876	0.97
6877	0.97
6878	0.97
6879	0.97
6880	0.97
6881	0.97
6882	0.97
6883	0.97
6884	0.97
6885	0.97
6886	0.97
6887	0.97
6888	0.97
6889	0.97
6890	0.97
6891	0.97
6892	0.97
6893	0.97
6894	0.97
6895	0.97
6896	0.97
6897	0.97
6898	0.97
6899	0.97
6900	0.97
6901	0.97
6902	0.97
6903	0.97
6904	0.97
6905	0.97
6906	0.97
6907	0.97
6908	0.97
6909	0.97
6910	0.97
6911	0.97
6912	0.97
6913	0.97
6914	0.97
6915	0.97
6916	0.97
6917	0.97
6918	0.97
6919	0.97
6920	0.97
6921	0.97
6922	0.97
6923	0.97
6924	0.97
6925	0.97
6926	0.97
6927	0.97
6928	0.97
6929	0.97
6930	0.97
6931	0.97
6932	0.97
6933	0.97
6934	0.97
6935	0.97
6936	0.97
6937	0.97
6938	0.97
6939	0.97
6940	0.97
6941	0.97
6942	0.97
6943	0.97
6944	0.97
6945	0.97
6946	0.97
6947	0.97
6948	0.97
6949	0.97
6950	0.97
6951	0.97
6952	0.97
6953	0.97
6954	0.97
6955	0.97
6956	0.97
6957	0.97
6958	0.97
6959	0.97
6960	0.97
6961	0.97
6962	0.97
6963	0.97
6964	0.97
6965	0.97
6966	0.97
6967	0.97
6968	0.97
6969	0.97
6970	0.97
6971	0.97
6972	0.97
6973	0.97
6974	0.97
6975	0.97
6976	0.97
6977	0.97
6978	0.97
6979	0.97
6980	0.97
6981	0.97
6982	0.97
6983	0.97
6984	0.97
6985	0.97
6986	0.97
6987	0.97
6988	0.97
6989	0.97
6990	0.97
6991	0.97
6992	0.97
6993	0.97
6994	0.97
6995	0.97
6996	0.97
6997	0.97
6998	0.97
6999	0.97
7000	0.97
7001	0.97
7002	0.97
7003	0.97
7004	0.97
7005	0.97
7006	0.97
7007	0.97
7008	0.97
7009	0.97
7010	0.97
7011	0.97
7012	0.97
7013	0.97
7014	0.97
7015	0.97
7016	0.97
7017	0.97
7018	0.97
7019	0.97
7020	0.97
7021	0.97
7022	0.97
7023	0.97
7024	0.97
7025	0.97
7026	0.97
7027	0.97
7028	0.97
7029	0.97
7030	0.97
7031	0.97
7032	0.97
7033	0.97
7034	0.97
7035	0.97
7036	0.97
7037	0.97
7038	0.97
7039	0.97
7040	0.97
7041	0.97
7042	0.97
7043	0.97
7044	0.97
7045	0.97
7046	0.97
7047	0.97
7048	0.97
7049	0.97
7050	0.97
7051	0.97
7052	0.97
7053	0.97
7054	0.97
7055	0.97
7056	0.97
7057	0.97
7058	0.97
7059	0.97
7060	0.97
7061	0.97
7062	0.97
7063	0.97
7064	0.97
7065	0.97
7066	0.97
7067	0.97
7068	0.97
7069	0.97
7070	0.97
7071	0.97
7072	0.97
7073	0.97
7074	0.97
7075	0.97
7076	0.97
7077	0.97
7078	0.97
7079	0.97
7080	0.97
7081	0.97
7082	0.97
7083	0.97
7084	0.97
7085	0.97
7086	0.97
7087	0.97
7088	0.97
7089	0.97
7090	0.97
7091	0.97
7092	0.97
7093	0.97
7094	0.97
7095	0.97
7096	0.97
7097	0.97
7098	0.97
7099	0.97
7100	0.97
7101	0.97
7102	0.97
7103	0.97
7104	0.97
7105	0.97
7106	0.97
7107	0.97
7108	0.97
7109	0.97
7110	0.97
7111	0.97
7112	0.97
7113	0.97
7114	0.97
7115	0.97
7116	0.97
7117	0.97
7118	0.97
7119	0.97
7120	0.97
7121	0.97
7122	0.97
7123	0.97
7124	0.97
7125	0.97
7126	0.97
7127	0.97
7128	0.97
7129	0.97
7130	0.97
7131	0.97
7132	0.97
7133	0.97
7134	0.97
7135	0.97
7136	0.97
7137	0.97
7138	0.97
7139	0.97
7140	0.97
7141	0.97
7142	0.97
7143	0.97
7144	0.97
7145	0.97
7146	0.97
7147	0.97
7148	0.97
7149	0.97
7150	0.97
7151	0.97
7152	0.97
7153	0.97
7154	0.97
7155	0.97
7156	0.97
7157	0.97
7158	0.97
7159	0.97
7160	0.97
7161	0.97
7162	0.97
7163	0.97
7164	0.97
7165	0.97
7166	0.97
7167	0.97
7168	0.97
7169	0.97
7170	0.97
7171	0.97
7172	0.97
7173	0.97
7174	0.97
7175	0.97
7176	0.97
7177	0.97
7178	0.97
7179	0.97
7180	0.97
7181	0.97
7182	0.97
7183	0.97
7184	0.97
7185	0.97
7186	0.97
7187	0.97
7188	0.97
7189	0.97
7190	0.97
7191	0.97
7192	0.97
7193	0.97
7194	0.97
7195	0.97
7196	0.97
7197	0.97
7198	0.97
7199	0.97
7200	0.97
7201	0.97
7202	0.97
7203	0.97
7204	0.97
7205	0.97
7206	0.97
7207	0.97
7208	0.97
7209	0.97
7210	0.97
7211	0.97
7212	0.97
7213	0.97
7214	0.97
7215	0.97
7216	0.97
7217	0.97
7218	0.97
7219	0.97
7220	0.97
7221	0.97
7222	0.97
7223	0.97
7224	0.97
7225	0.97
7226	0.97
7227	0.97
7228	0.97
7229	0.97
7230	0.97
7231	0.97
7232	0.97
7233	0.97
7234	0.97
7235	0.97
7236	0.97
7237	0.97
7238	0.97
7239	0.97
7240	0.97
7241	0.97
7242	0.97
7243	0.97
7244	0.97
7245	0.97
7246	0.97
7247	0.97
7248	0.97
7249	0.97
7250	0.97
7251	0.97
7252	0.97
7253	0.97
7254	0.97
7255	0.97
7256	0.97
7257	0.97
7258	0.97
7259	0.97
7260	0.97
7261	0.97
7262	0.97
7263	0.97
7264	0.97
7265	0.97
7266	0.97
7267	0.97
7268	0.97
7269	0.97
7270	0.97
7271	0.97
7272	0.97
7273	0.97
7274	0.97
7275	0.97
7276	0.97
7277	0.97
7278	0.97
7279	0.97
7280	0.97
7281	0.97
7282	0.97
7283	0.97
7284	0.97
7285	0.97
7286	0.97
7287	0.97
7288	0.97
7289	0.97
7290	0.97
7291	0.97
7292	0.97
7293	0.97
7294	0.97
7295	0.97
7296	0.97
7297	0.97
7298	0.97
7299	0.97
7300	0.97
7301	0.97
7302	0.97
7303	0.97
7304	0.97
7305	0.97
7306	0.97
7307	0.97
7308	0.97
7309	0.97
7310	0.97
7311	0.97
7312	0.97
7313	0.97
7314	0.97
7315	0.97
7316	0.97
7317	0.97
7318	0.97
7319	0.97
7320	0.97
7321	0.97
7322	0.97
7323	0.97
7324	0.97
7325	0.97
7326	0.97
7327	0.97
7328	0.97
7329	0.97
7330	0.97
7331	0.97
7332	0.97
7333	0.97
7334	0.97
7335	0.97
7336	0.97
7337	0.97
7338	0.97
7339	0.97
7340	0.97
7341	0.97
7342	0.97
7343	0.97
7344	0.97
7345	0.97
7346	0.97
7347	0.97
7348	0.97
7349	0.97
7350	0.97
7351	0.97
7352	0.97
7353	0.97
7354	0.97
7355	0.97
7356	0.97
7357	0.97
7358	0.97
7359	0.97
7360	0.97
7361	0.97
7362	0.97
7363	0.97
7364	0.97
7365	0.97
7366	0.97
7367	0.97
7368	0.97
7369	0.97
7370	0.97
7371	0.97
7372	0.97
7373	0.97
7374	0.97
7375	0.97
7376	0.97
7377	0.97
7378	0.97
7379	0.97
7380	0.97
7381	0.97
7382	0.97
7383	0.97
7384	0.97
7385	0.97
7386	0.97
7387	0.97
7388	0.97
7389	0.97
7390	0.97
7391	0.97
7392	0.97
7393	0.97
7394	0.97
7395	0.97
7396	0.97
7397	0.97
7398	0.97
7399	0.97
7400	0.97
7401	0.97
7402	0.97
7403	0.97
7404	0.97
7405	0.97
7406	0.97
7407	0.97
7408	0.97
7409	0.97
7410	0.97
7411	0.97
7412	0.97
7413	0.97
7414	0.97
7415	0.97
7416	0.97
7417	0.97
7418	0.97
7419	0.97
7420	0.97
7421	0.97
7422	0.97
7423	0.97
7424	0.97
7425	0.97
7426	0.97
7427	0.97
7428	0.97
7429	0.97
7430	0.97
7431	0.97
7432	0.97
7433	0.97
7434	0.97
7435	0.97
7436	0.97
7437	0.97
7438	0.97
7439	0.97
7440	0.97
7441	0.97
7442	0.97
7443	0.97
7444	0.97
7445	0.97
7446	0.97
7447	0.97
7448	0.97
7449	0.97
7450	0.97
7451	0.97
7452	0.97
7453	0.97
7454	0.97
7455	0.97
7456	0.97
7457	0.97
7458	0.97
7459	0.97
7460	0.97
7461	0.97
7462	0.97
7463	0.97
7464	0.97
7465	0.97
7466	0.97
7467	0.97
7468	0.97
7469	0.97
7470	0.97
7471	0.97
7472	0.97
7473	0.97
7474	0.97
7475	0.97
7476	0.97
7477	0.97
7478	0.97
7479	0.97
7480	0.97
7481	0.97
7482	0.97
7483	0.97
7484	0.97
7485	0.97
7486	0.97
7487	0.97
7488	0.97
7489	0.97
7490	0.97
7491	0.97
7492	0.97
7493	0.97
7494	0.97
7495	0.97
7496	0.97
7497	0.97
7498	0.97
7499	0.97
7500	0.97
7501	0.97
7502	0.97
7503	0.97
7504	0.97
7505	0.97
7506	0.97
7507	0.97
7508	0.97
7509	0.97
7510	0.97
7511	0.97
7512	0.97
7513	0.97
7514	0.97
7515	0.97
7516	0.97
7517	0.97
7518	0.97
7519	0.97
7520	0.97
7521	0.97
7522	0.97
7523	0.97
7524	0.97
7525	0.97
7526	0.97
7527	0.97
7528	0.97
7529	0.97
7530	0.97
7531	0.97
7532	0.97
7533	0.97
7534	0.97
7535	0.97
7536	0.97
7537	0.97
7538	0.97
7539	0.97
7540	0.97
7541	0.97
7542	0.97
7543	0.97
7544	0.97
7545	0.97
7546	0.97
7547	0.97
7548	0.97
7549	0.97
7550	0.97
7551	0.97
7552	0.97
7553	0.97
7554	0.97
7555	0.97
7556	0.97
7557	0.97
7558	0.97
7559	0.97
7560	0.97
7561	0.97
7562	0.97
7563	0.97
7564	0.97
7565	0.97
7566	0.97
7567	0.97
7568	0.97
7569	0.97
7570	0.97
7571	0.97
7572	0.97
7573	0.97
7574	0.97
7575	0.97
7576	0.97
7577	0.97
7578	0.97
7579	0.97
7580	0.97
7581	0.97
7582	0.97
7583	0.97
7584	0.97
7585	0.97
7586	0.97
7587	0.97
7588	0.97
7589	0.97
7590	0.97
7591	0.97
7592	0.97
7593	0.97
7594	0.97
7595	0.97
7596	0.97
7597	0.97
7598	0.97
7599	0.97
7600	0.97
7601	0.97
7602	0.97
7603	0.97
7604	0.97
7605	0.97
7606	0.97
7607	0.97
7608	0.97
7609	0.97
7610	0.97
7611	0.97
7612	0.97
7613	0.97
7614	0.97
7615	0.97
7616	0.97
7617	0.97
7618	0.97
7619	0.97
7620	0.97
7621	0.97
7622	0.97
7623	0.97
7624	0.97
7625	0.97
7626	0.97
7627	0.97
7628	0.97
7629	0.97
7630	0.97
7631	0.97
7632	0.97
7633	0.97
7634	0.97
7635	0.97
7636	0.97
7637	0.97
7638	0.97
7639	0.97
7640	0.97
7641	0.97
7642	0.97
7643	0.97
7644	0.97
7645	0.97
7646	0.97
7647	0.97
7648	0.97
7649	0.97
7650	0.97
7651	0.97
7652	0.97
7653	0.97
7654	0.97
7655	0.97
7656	0.97
7657	0.97
7658	0.97
7659	0.97
7660	0.97
7661	0.97
7662	0.97
7663	0.97
7664	0.97
7665	0.97
7666	0.97
7667	0.97
7668	0.97
7669	0.97
7670	0.97
7671	0.97
7672	0.97
7673	0.97
7674	0.97
7675	0.97
7676	0.97
7677	0.97
7678	0.97
7679	0.97
7680	0.97
7681	0.97
7682	0.97
7683	0.97
7684	0.97
7685	0.97
7686	0.97
7687	0.97
7688	0.97
7689	0.97
7690	0.97
7691	0.97
7692	0.97
7693	0.97
7694	0.97
7695	0.97
7696	0.97
7697	0.97
7698	0.97
7699	0.97
7700	0.97
7701	0.97
7702	0.97
7703	0.97
7704	0.97
7705	0.97
7706	0.97
7707	0.97
7708	0.97
7709	0.97
7710	0.97
7711	0.97
7712	0.97
7713	0.97
7714	0.97
7715	0.97
7716	0.97
7717	0.97
7718	0.97
7719	0.97
7720	0.97
7721	0.97
7722	0.97
7723	0.97
7724	0.97
7725	0.97
7726	0.97
7727	0.97
7728	0.97
7729	0.97
7730	0.97
7731	0.97
7732	0.97
7733	0.97
7734	0.97
7735	0.97
7736	0.97
7737	0.97
7738	0.97
7739	0.97
7740	0.97
7741	0.97
7742	0.97
7743	0.97
7744	0.97
7745	0.97
7746	0.97
7747	0.97
7748	0.97
7749	0.97
7750	0.97
7751	0.97
7752	0.97
7753	0.97
7754	0.97
7755	0.97
7756	0.97
7757	0.97
7758	0.97
7759	0.97
7760	0.97
7761	0.97
7762	0.97
7763	0.97
7764	0.97
7765	0.97
7766	0.97
7767	0.97
7768	0.97
7769	0.97
7770	0.97
7771	0.97
7772	0.97
7773	0.97
7774	0.97
7775	0.97
7776	0.97
7777	0.97
7778	0.97
7779	0.97
7780	0.97
7781	0.97
7782	0.97
7783	0.97
7784	0.97
7785	0.97
7786	0.97
7787	0.97
7788	0.97
7789	0.97
7790	0.97
7791	0.97
7792	0.97
7793	0.97
7794	0.97
7795	0.97
7796	0.97
7797	0.97
7798	0.97
7799	0.97
7800	0.97
7801	0.97
7802	0.97
7803	0.97
7804	0.97
7805	0.97
7806	0.97
7807	0.97
7808	0.97
7809	0.97
7810	0.97
7811	0.97
7812	0.97
7813	0.97
7814	0.97
7815	0.97
7816	0.97
7817	0.97
7818	0.97
7819	0.97
7820	0.97
7821	0.97
7822	0.97
7823	0.97
7824	0.97
7825	0.97
7826	0.97
7827	0.97
7828	0.97
7829	0.97
7830	0.97
7831	0.97
7832	0.97
7833	0.97
7834	0.97
7835	0.97
7836	0.97
7837	0.97
7838	0.97
7839	0.97
7840	0.97
7841	0.97
7842	0.97
7843	0.97
7844	0.97
7845	0.97
7846	0.97
7847	0.97
7848	0.97
7849	0.97
7850	0.97
7851	0.97
7852	0.97
7853	0.97
7854	0.97
7855	0.97
7856	0.97
7857	0.97
7858	0.97
7859	0.97
7860	0.97
7861	0.97
7862	0.97
7863	0.97
7864	0.97
7865	0.97
7866	0.97
7867	0.97
7868	0.97
7869	0.97
7870	0.97
7871	0.97
7872	0.97
7873	0.97
7874	0.97
7875	0.97
7876	0.97
7877	0.97
7878	0.97
7879	0.97
7880	0.97
7881	0.97
7882	0.97
7883	0.97
7884	0.97
7885	0.97
7886	0.97
7887	0.97
7888	0.97
7889	0.97
7890	0.97
7891	0.97
7892	0.97
7893	0.97
7894	0.97
7895	0.97
7896	0.97
7897	0.97
7898	0.97
7899	0.97
7900	0.97
7901	0.97
7902	0.97
7903	0.97
7904	0.97
7905	0.97
7906	0.97
7907	0.97
7908	0.97
7909	0.97
7910	0.97
7911	0.97
7912	0.97
7913	0.97
7914	0.97
7915	0.97
7916	0.97
7917	0.97
7918	0.97
7919	0.97
7920	0.97
7921	0.97
7922	0.97
7923	0.97
7924	0.97
7925	0.97
7926	0.97
7927	0.97
7928	0.97
7929	0.97
7930	0.97
7931	0.97
7932	0.97
7933	0.97
7934	0.97
7935	0.97
7936	0.97
7937	0.97
7938	0.97
7939	0.97
7940	0.97
7941	0.97
7942	0.97
7943	0.97
7944	0.97
7945	0.97
7946	0.97
7947	0.97
7948	0.97
7949	0.97
7950	0.97
7951	0.97
7952	0.97
7953	0.97
7954	0.97
7955	0.97
7956	0.97
7957	0.97
7958	0.97
7959	0.97
7960	0.97
7961	0.97
7962	0.97
7963	0.97
7964	0.97
7965	0.97
7966	0.97
7967	0.97
7968	0.97
7969	0.97
7970	0.97
7971	0.97
7972	0.97
7973	0.97
7974	0.97
7975	0.97
7976	0.97
7977	0.97
7978	0.97
7979	0.97
7980	0.97
7981	0.97
7982	0.97
7983	0.97
7984	0.97
7985	0.97
7986	0.97
7987	0.97
7988	0.97
7989	0.97
7990	0.97
7991	0.97
7992	0.97
7993	0.97
7994	0.97
7995	0.97
7996	0.97
7997	0.97
7998	0.97
7999	0.97
8000	0.97
8001	0.97
8002	0.97
8003	0.97
8004	0.97
8005	0.97
8006	0.97
8007	0.97
8008	0.97
8009	0.97
8010	0.97
8011	0.97
8012	0.97
8013	0.97
8014	0.97
8015	0.97
8016	0.97
8017	0.97
8018	0.97
8019	0.97
8020	0.97
8021	0.97
8022	0.97
8023	0.97
8024	0.97
8025	0.97
8026	0.97
8027	0.97
8028	0.97
8029	0.97
8030	0.97
8031	0.97
8032	0.97
8033	0.97
8034	0.97
8035	0.97
8036	0.97
8037	0.97
8038	0.97
8039	0.97
8040	0.97
8041	0.97
8042	0.97
8043	0.97
8044	0.97
8045	0.97
8046	0.97
8047	0.97
8048	0.97
8049	0.97
8050	0.97
8051	0.97
8052	0.97
8053	0.97
8054	0.97
8055	0.97
8056	0.97
8057	0.97
8058	0.97
8059	0.97
8060	0.97
8061	0.97
8062	0.97
8063	0.97
8064	0.97
8065	0.97
8066	0.97
8067	0.97
8068	0.97
8069	0.97
8070	0.97
8071	0.97
8072	0.97
8073	0.97
8074	0.97
8075	0.97
8076	0.97
8077	0.97
8078	0.97
8079	0.97
8080	0.97
8081	0.97
8082	0.97
8083	0.97
8084	0.97
8085	0.97
8086	0.97
8087	0.97
8088	0.97
8089	0.97
8090	0.97
8091	0.97
8092	0.97
8093	0.97
8094	0.97
8095	0.97
8096	0.97
8097	0.97
8098	0.97
8099	0.97
8100	0.97
8101	0.97
8102	0.97
8103	0.97
8104	0.97
8105	0.97
8106	0.97
8107	0.97
8108	0.97
8109	0.97
8110	0.97
8111	0.97
8112	0.97
8113	0.97
8114	0.97
8115	0.97
8116	0.97
8117	0.97
8118	0.97
8119	0.97
8120	0.97
8121	0.97
8122	0.97
8123	0.97
8124	0.97
8125	0.97
8126	0.97
8127	0.97
8128	0.97
8129	0.97
8130	0.97
8131	0.97
8132	0.97
8133	0.97
8134	0.97
8135	0.97
8136	0.97
8137	0.97
8138	0.97
8139	0.97
8140	0.97
8141	0.97
8142	0.97
8143	0.97
8144	0.97
8145	0.97
8146	0.97
8147	0.97
8148	0.97
8149	0.97
8150	0.97
8151	0.97
8152	0.97
8153	0.97
8154	0.97
8155	0.97
8156	0.97
8157	0.97
8158	0.97
8159	0.97
8160	0.97
8161	0.97
8162	0.97
8163	0.97
8164	0.97
8165	0.97
8166	0.97
8167	0.97
8168	0.97
8169	0.97
8170	0.97
8171	0.97
8172	0.97
8173	0.97
8174	0.97
8175	0.97
8176	0.97
8177	0.97
8178	0.97
8179	0.97
8180	0.97
8181	0.97
8182	0.97
8183	0.97
8184	0.97
8185	0.97
8186	0.97
8187	0.97
8188	0.97
8189	0.97
8190	0.97
8191	0.97
8192	0.97
8193	0.97
8194	0.97
8195	0.97
8196	0.97
8197	0.97
8198	0.97
8199	0.97
8200	0.97
8201	0.97
8202	0.97
8203	0.97
8204	0.97
8205	0.97
8206	0.97
8207	0.97
8208	0.97
8209	0.97
8210	0.97
8211	0.97
8212	0.97
8213	0.97
8214	0.97
8215	0.97
8216	0.97
8217	0.97
8218	0.97
8219	0.97
8220	0.97
8221	0.97
8222	0.97
8223	0.97
8224	0.97
8225	0.97
8226	0.97
8227	0.97
8228	0.97
8229	0.97
8230	0.97
8231	0.97
8232	0.97
8233	0.97
8234	0.97
8235	0.97
8236	0.97
8237	1
## No. organisms: 20
## Seeds        : 1475309297, 13251
## Runtime      : 0h 2m 55s.
## Started at   : Mon Oct 21 01:28:17 2019
## Ended at     : Mon Oct 21 01:31:12 2019
