1	0.492427
2	0.50534
3	0.553981
4	0.573398
5	0.576602
6	0.595437
7	0.605049
8	0.605049
9	0.631262
10	0.640874
11	0.640874
12	0.640874
13	0.640874
14	0.647573
15	0.653786
16	0.660194
17	0.660194
18	0.660194
19	0.682621
20	0.682621
21	0.682621
22	0.682621
23	0.682621
24	0.686019
25	0.686019
26	0.686019
27	0.686019
28	0.686019
29	0.686019
30	0.686019
31	0.686019
32	0.686019
33	0.686019
34	0.702039
35	0.702039
36	0.702039
37	0.702039
38	0.702039
39	0.702039
40	0.702039
41	0.702039
42	0.702039
43	0.702039
44	0.702039
45	0.702039
46	0.702039
47	0.702039
48	0.702039
49	0.702039
50	0.702039
51	0.702039
52	0.702039
53	0.702039
54	0.702039
55	0.702039
56	0.705243
57	0.705243
58	0.718058
59	0.724175
60	0.766117
61	0.766117
62	0.766117
63	0.766117
64	0.766117
65	0.766117
66	0.766117
67	0.766117
68	0.766117
69	0.766117
70	0.766117
71	0.766117
72	0.766117
73	0.766117
74	0.766117
75	0.766117
76	0.766117
77	0.766117
78	0.766117
79	0.766117
80	0.766117
81	0.766117
82	0.766117
83	0.766117
84	0.766117
85	0.766117
86	0.766117
87	0.766117
88	0.766117
89	0.766117
90	0.766117
91	0.766117
92	0.766117
93	0.766117
94	0.766117
95	0.766117
96	0.766117
97	0.766117
98	0.766117
99	0.766117
100	0.766117
101	0.766117
102	0.766117
103	0.766117
104	0.766117
105	0.766117
106	0.766117
107	0.766117
108	0.766117
109	0.766117
110	0.766117
111	0.766117
112	0.766117
113	0.766117
114	0.766117
115	0.766117
116	0.766117
117	0.766117
118	0.766117
119	0.766117
120	0.766117
121	0.766117
122	0.766117
123	0.766117
124	0.766117
125	0.766117
126	0.766117
127	0.766117
128	0.766117
129	0.766117
130	0.766117
131	0.766117
132	0.766117
133	0.766117
134	0.766117
135	0.766117
136	0.766117
137	0.766117
138	0.766117
139	0.766117
140	0.766117
141	0.766117
142	0.766117
143	0.766117
144	0.766117
145	0.766117
146	0.766117
147	0.766117
148	0.766117
149	0.766117
150	0.766117
151	0.766117
152	0.766117
153	0.766117
154	0.766117
155	0.766117
156	0.766117
157	0.766117
158	0.766117
159	0.766117
160	0.766117
161	0.766117
162	0.766117
163	0.766117
164	0.766117
165	0.766117
166	0.766117
167	0.766117
168	0.766117
169	0.766117
170	0.766117
171	0.766117
172	0.766117
173	0.766117
174	0.766117
175	0.766117
176	0.766117
177	0.766117
178	0.766117
179	0.766117
180	0.766117
181	0.766117
182	0.766117
183	0.766117
184	0.766117
185	0.766117
186	0.766117
187	0.766117
188	0.766117
189	0.766117
190	0.766117
191	0.766117
192	0.766117
193	0.766117
194	0.766117
195	0.766117
196	0.766117
197	0.766117
198	0.766117
199	0.766117
200	0.766117
201	0.766117
202	0.766117
203	0.766117
204	0.766117
205	0.766117
206	0.766117
207	0.766117
208	0.766117
209	0.766117
210	0.766117
211	0.766117
212	0.766117
213	0.766117
214	0.766117
215	0.766117
216	0.766117
217	0.766117
218	0.766117
219	0.766117
220	0.766117
221	0.766117
222	0.766117
223	0.766117
224	0.766117
225	0.766117
226	0.766117
227	0.766117
228	0.766117
229	0.766117
230	0.766117
231	0.766117
232	0.766117
233	0.766117
234	0.766117
235	0.766117
236	0.766117
237	0.766117
238	0.766117
239	0.766117
240	0.766117
241	0.766117
242	0.766117
243	0.766117
244	0.766117
245	0.766117
246	0.766117
247	0.766117
248	0.766117
249	0.766117
250	0.766117
251	0.766117
252	0.766117
253	0.766117
254	0.766117
255	0.766117
256	0.766117
257	0.766117
258	0.766117
259	0.766117
260	0.766117
261	0.766117
262	0.766117
263	0.766117
264	0.766117
265	0.766117
266	0.766117
267	0.766117
268	0.766117
269	0.766117
270	0.766117
271	0.766117
272	0.766117
273	0.766117
274	0.766117
275	0.766117
276	0.766117
277	0.766117
278	0.766117
279	0.766117
280	0.766117
281	0.766117
282	0.766117
283	0.766117
284	0.766117
285	0.766117
286	0.766117
287	0.766117
288	0.766117
289	0.766117
290	0.766117
291	0.766117
292	0.766117
293	0.766117
294	0.766117
295	0.766117
296	0.766117
297	0.766117
298	0.766117
299	0.766117
300	0.766117
301	0.766117
302	0.766117
303	0.766117
304	0.766117
305	0.766117
306	0.766117
307	0.766117
308	0.766117
309	0.766117
310	0.766117
311	0.766117
312	0.766117
313	0.766117
314	0.766117
315	0.766117
316	0.766117
317	0.766117
318	0.766117
319	0.766117
320	0.766117
321	0.766117
322	0.766117
323	0.766117
324	0.766117
325	0.766117
326	0.766117
327	0.772524
328	0.782136
329	0.794951
330	0.794951
331	0.794951
332	0.794951
333	0.794951
334	0.801359
335	0.801359
336	0.801359
337	0.830194
338	0.836602
339	0.836602
340	0.836602
341	0.836602
342	0.836602
343	0.852621
344	0.852621
345	0.852621
346	0.852621
347	0.852621
348	0.852621
349	0.852621
350	0.852621
351	0.852621
352	0.852621
353	0.852621
354	0.852621
355	0.852621
356	0.852621
357	0.852621
358	0.852621
359	0.852621
360	0.852621
361	0.852621
362	0.852621
363	0.852621
364	0.852621
365	0.852621
366	0.852621
367	0.852621
368	0.852621
369	0.852621
370	0.852621
371	0.852621
372	0.852621
373	0.852621
374	0.852621
375	0.852621
376	0.852621
377	0.852621
378	0.852621
379	0.852621
380	0.852621
381	0.852621
382	0.852621
383	0.852621
384	0.852621
385	0.852621
386	0.852621
387	0.852621
388	0.852621
389	0.852621
390	0.852621
391	0.852621
392	0.852621
393	0.852621
394	0.852621
395	0.852621
396	0.852621
397	0.852621
398	0.852621
399	0.852621
400	0.852621
401	0.852621
402	0.852621
403	0.852621
404	0.852621
405	0.852621
406	0.852621
407	0.852621
408	0.852621
409	0.852621
410	0.852621
411	0.852621
412	0.852621
413	0.852621
414	0.852621
415	0.852621
416	0.852621
417	0.852621
418	0.852621
419	0.852621
420	0.852621
421	0.852621
422	0.852621
423	0.852621
424	0.852621
425	0.852621
426	0.852621
427	0.852621
428	0.852621
429	0.852621
430	0.852621
431	0.852621
432	0.852621
433	0.852621
434	0.852621
435	0.852621
436	0.852621
437	0.852621
438	0.852621
439	0.852621
440	0.852621
441	0.852621
442	0.852621
443	0.852621
444	0.852621
445	0.852621
446	0.852621
447	0.852621
448	0.852621
449	0.852621
450	0.852621
451	0.852621
452	0.852621
453	0.852621
454	0.852621
455	0.852621
456	0.852621
457	0.852621
458	0.852621
459	0.852621
460	0.852621
461	0.852621
462	0.852621
463	0.852621
464	0.852621
465	0.852621
466	0.852621
467	0.852621
468	0.852621
469	0.852621
470	0.852621
471	0.852621
472	0.852621
473	0.852621
474	0.852621
475	0.852621
476	0.852621
477	0.852621
478	0.852621
479	0.852621
480	0.852621
481	0.852621
482	0.852621
483	0.852621
484	0.852621
485	0.852621
486	0.852621
487	0.852621
488	0.852621
489	0.852621
490	0.852621
491	0.852621
492	0.852621
493	0.852621
494	0.852621
495	0.852621
496	0.852621
497	0.852621
498	0.852621
499	0.852621
500	0.852621
501	0.852621
502	0.852621
503	0.852621
504	0.852621
505	0.852621
506	0.852621
507	0.852621
508	0.852621
509	0.852621
510	0.852621
511	0.852621
512	0.852621
513	0.852621
514	0.852621
515	0.852621
516	0.852621
517	0.852621
518	0.852621
519	0.852621
520	0.852621
521	0.852621
522	0.852621
523	0.852621
524	0.852621
525	0.852621
526	0.852621
527	0.852621
528	0.852621
529	0.852621
530	0.852621
531	0.852621
532	0.852621
533	0.852621
534	0.852621
535	0.852621
536	0.852621
537	0.852621
538	0.852621
539	0.852621
540	0.852621
541	0.852621
542	0.852621
543	0.852621
544	0.852621
545	0.852621
546	0.852621
547	0.852621
548	0.852621
549	0.852621
550	0.852621
551	0.852621
552	0.852621
553	0.852621
554	0.852621
555	0.852621
556	0.852621
557	0.852621
558	0.852621
559	0.852621
560	0.852621
561	0.852621
562	0.852621
563	0.852621
564	0.852621
565	0.852621
566	0.852621
567	0.852621
568	0.852621
569	0.852621
570	0.852621
571	0.852621
572	0.852621
573	0.852621
574	0.852621
575	0.852621
576	0.852621
577	0.852621
578	0.852621
579	0.852621
580	0.852621
581	0.852621
582	0.852621
583	0.852621
584	0.852621
585	0.852621
586	0.852621
587	0.852621
588	0.852621
589	0.852621
590	0.852621
591	0.852621
592	0.852621
593	0.852621
594	0.852621
595	0.852621
596	0.852621
597	0.852621
598	0.852621
599	0.852621
600	0.852621
601	0.852621
602	0.852621
603	0.852621
604	0.852621
605	0.852621
606	0.852621
607	0.852621
608	0.852621
609	0.852621
610	0.852621
611	0.852621
612	0.852621
613	0.852621
614	0.852621
615	0.852621
616	0.852621
617	0.852621
618	0.852621
619	0.852621
620	0.852621
621	0.852621
622	0.852621
623	0.852621
624	0.852621
625	0.852621
626	0.852621
627	0.852621
628	0.852621
629	0.852621
630	0.852621
631	0.852621
632	0.852621
633	0.852621
634	0.852621
635	0.852621
636	0.852621
637	0.852621
638	0.852621
639	0.852621
640	0.852621
641	0.852621
642	0.852621
643	0.852621
644	0.852621
645	0.852621
646	0.852621
647	0.852621
648	0.852621
649	0.852621
650	0.852621
651	0.852621
652	0.852621
653	0.852621
654	0.852621
655	0.852621
656	0.852621
657	0.852621
658	0.852621
659	0.852621
660	0.852621
661	0.852621
662	0.852621
663	0.852621
664	0.852621
665	0.852621
666	0.852621
667	0.852621
668	0.852621
669	0.852621
670	0.852621
671	0.852621
672	0.852621
673	0.852621
674	0.852621
675	0.852621
676	0.852621
677	0.852621
678	0.852621
679	0.852621
680	0.852621
681	0.852621
682	0.852621
683	0.852621
684	0.852621
685	0.852621
686	0.852621
687	0.852621
688	0.852621
689	0.852621
690	0.852621
691	0.852621
692	0.852621
693	0.852621
694	0.852621
695	0.852621
696	0.852621
697	0.852621
698	0.852621
699	0.852621
700	0.852621
701	0.852621
702	0.852621
703	0.852621
704	0.852621
705	0.852621
706	0.852621
707	0.852621
708	0.852621
709	0.852621
710	0.852621
711	0.852621
712	0.852621
713	0.852621
714	0.852621
715	0.852621
716	0.852621
717	0.852621
718	0.852621
719	0.852621
720	0.852621
721	0.852621
722	0.852621
723	0.852621
724	0.852621
725	0.852621
726	0.852621
727	0.852621
728	0.852621
729	0.852621
730	0.852621
731	0.852621
732	0.852621
733	0.852621
734	0.852621
735	0.852621
736	0.852621
737	0.852621
738	0.852621
739	0.852621
740	0.852621
741	0.852621
742	0.852621
743	0.852621
744	0.852621
745	0.852621
746	0.852621
747	0.852621
748	0.852621
749	0.852621
750	0.852621
751	0.852621
752	0.852621
753	0.852621
754	0.852621
755	0.852621
756	0.852621
757	0.852621
758	0.852621
759	0.852621
760	0.852621
761	0.852621
762	0.852621
763	0.852621
764	0.852621
765	0.852621
766	0.852621
767	0.852621
768	0.852621
769	0.852621
770	0.852621
771	0.852621
772	0.852621
773	0.852621
774	0.852621
775	0.852621
776	0.852621
777	0.852621
778	0.852621
779	0.852621
780	0.852621
781	0.852621
782	0.852621
783	0.852621
784	0.852621
785	0.852621
786	0.852621
787	0.852621
788	0.852621
789	0.852621
790	0.852621
791	0.852621
792	0.852621
793	0.852621
794	0.852621
795	0.852621
796	0.852621
797	0.852621
798	0.852621
799	0.852621
800	0.852621
801	0.852621
802	0.852621
803	0.852621
804	0.852621
805	0.852621
806	0.852621
807	0.852621
808	0.852621
809	0.852621
810	0.852621
811	0.852621
812	0.852621
813	0.852621
814	0.852621
815	0.852621
816	0.852621
817	0.852621
818	0.852621
819	0.852621
820	0.852621
821	0.852621
822	0.852621
823	0.852621
824	0.852621
825	0.852621
826	0.852621
827	0.852621
828	0.852621
829	0.852621
830	0.852621
831	0.852621
832	0.852621
833	0.852621
834	0.852621
835	0.852621
836	0.852621
837	0.852621
838	0.852621
839	0.852621
840	0.852621
841	0.852621
842	0.852621
843	0.852621
844	0.852621
845	0.852621
846	0.852621
847	0.852621
848	0.852621
849	0.852621
850	0.852621
851	0.852621
852	0.852621
853	0.852621
854	0.852621
855	0.852621
856	0.852621
857	0.852621
858	0.852621
859	0.852621
860	0.852621
861	0.852621
862	0.852621
863	0.852621
864	0.852621
865	0.852621
866	0.852621
867	0.852621
868	0.852621
869	0.852621
870	0.852621
871	0.852621
872	0.852621
873	0.852621
874	0.852621
875	0.852621
876	0.852621
877	0.852621
878	0.852621
879	0.852621
880	0.852621
881	0.852621
882	0.852621
883	0.852621
884	0.852621
885	0.852621
886	0.852621
887	0.852621
888	0.852621
889	0.852621
890	0.852621
891	0.852621
892	0.852621
893	0.852621
894	0.852621
895	0.852621
896	0.852621
897	0.852621
898	0.852621
899	0.852621
900	0.852621
901	0.852621
902	0.852621
903	0.852621
904	0.852621
905	0.852621
906	0.852621
907	0.852621
908	0.852621
909	0.852621
910	0.852621
911	0.852621
912	0.852621
913	0.852621
914	0.852621
915	0.852621
916	0.852621
917	0.852621
918	0.852621
919	0.852621
920	0.852621
921	0.852621
922	0.852621
923	0.852621
924	0.852621
925	0.852621
926	0.852621
927	0.852621
928	0.852621
929	0.852621
930	0.852621
931	0.852621
932	0.852621
933	0.852621
934	0.852621
935	0.852621
936	0.852621
937	0.852621
938	0.852621
939	0.852621
940	0.852621
941	0.852621
942	0.852621
943	0.852621
944	0.852621
945	0.852621
946	0.852621
947	0.852621
948	0.852621
949	0.852621
950	0.852621
951	0.852621
952	0.852621
953	0.852621
954	0.852621
955	0.852621
956	0.852621
957	0.852621
958	0.852621
959	0.852621
960	0.852621
961	0.852621
962	0.852621
963	0.852621
964	0.852621
965	0.852621
966	0.852621
967	0.852621
968	0.852621
969	0.852621
970	0.852621
971	0.852621
972	0.852621
973	0.852621
974	0.852621
975	0.852621
976	0.852621
977	0.852621
978	0.852621
979	0.852621
980	0.852621
981	0.852621
982	0.852621
983	0.852621
984	0.852621
985	0.852621
986	0.852621
987	0.852621
988	0.852621
989	0.852621
990	0.852621
991	0.852621
992	0.852621
993	0.852621
994	0.852621
995	0.852621
996	0.852621
997	0.852621
998	0.852621
999	0.852621
1000	0.852621
1001	0.852621
1002	0.852621
1003	0.852621
1004	0.852621
1005	0.852621
1006	0.852621
1007	0.852621
1008	0.852621
1009	0.852621
1010	0.852621
1011	0.852621
1012	0.852621
1013	0.852621
1014	0.852621
1015	0.852621
1016	0.852621
1017	0.852621
1018	0.852621
1019	0.852621
1020	0.852621
1021	0.852621
1022	0.852621
1023	0.852621
1024	0.852621
1025	0.852621
1026	0.852621
1027	0.852621
1028	0.852621
1029	0.852621
1030	0.852621
1031	0.852621
1032	0.852621
1033	0.852621
1034	0.852621
1035	0.852621
1036	0.852621
1037	0.852621
1038	0.852621
1039	0.852621
1040	0.852621
1041	0.852621
1042	0.852621
1043	0.852621
1044	0.852621
1045	0.852621
1046	0.852621
1047	0.852621
1048	0.852621
1049	0.852621
1050	0.852621
1051	0.852621
1052	0.852621
1053	0.852621
1054	0.852621
1055	0.852621
1056	0.852621
1057	0.852621
1058	0.852621
1059	0.852621
1060	0.852621
1061	0.852621
1062	0.852621
1063	0.852621
1064	0.852621
1065	0.852621
1066	0.852621
1067	0.852621
1068	0.852621
1069	0.852621
1070	0.852621
1071	0.852621
1072	0.852621
1073	0.852621
1074	0.852621
1075	0.852621
1076	0.852621
1077	0.852621
1078	0.852621
1079	0.852621
1080	0.852621
1081	0.852621
1082	0.852621
1083	0.852621
1084	0.852621
1085	0.852621
1086	0.852621
1087	0.852621
1088	0.852621
1089	0.852621
1090	0.852621
1091	0.852621
1092	0.852621
1093	0.852621
1094	0.852621
1095	0.852621
1096	0.852621
1097	0.852621
1098	0.852621
1099	0.852621
1100	0.852621
1101	0.852621
1102	0.852621
1103	0.852621
1104	0.852621
1105	0.852621
1106	0.852621
1107	0.852621
1108	0.852621
1109	0.852621
1110	0.852621
1111	0.852621
1112	0.852621
1113	0.852621
1114	0.852621
1115	0.852621
1116	0.852621
1117	0.852621
1118	0.852621
1119	0.852621
1120	0.852621
1121	0.852621
1122	0.852621
1123	0.852621
1124	0.852621
1125	0.852621
1126	0.852621
1127	0.852621
1128	0.852621
1129	0.852621
1130	0.852621
1131	0.852621
1132	0.852621
1133	0.852621
1134	0.852621
1135	0.852621
1136	0.852621
1137	0.852621
1138	0.852621
1139	0.852621
1140	0.852621
1141	0.852621
1142	0.852621
1143	0.852621
1144	0.852621
1145	0.852621
1146	0.852621
1147	0.852621
1148	0.852621
1149	0.852621
1150	0.852621
1151	0.852621
1152	0.852621
1153	0.852621
1154	0.852621
1155	0.852621
1156	0.852621
1157	0.852621
1158	0.852621
1159	0.852621
1160	0.852621
1161	0.852621
1162	0.852621
1163	0.852621
1164	0.852621
1165	0.852621
1166	0.852621
1167	0.852621
1168	0.852621
1169	0.852621
1170	0.852621
1171	0.852621
1172	0.852621
1173	0.852621
1174	0.852621
1175	0.852621
1176	0.852621
1177	0.852621
1178	0.852621
1179	0.852621
1180	0.852621
1181	0.852621
1182	0.852621
1183	0.852621
1184	0.852621
1185	0.852621
1186	0.852621
1187	0.852621
1188	0.852621
1189	0.852621
1190	0.852621
1191	0.852621
1192	0.852621
1193	0.852621
1194	0.852621
1195	0.852621
1196	0.852621
1197	0.852621
1198	0.852621
1199	0.852621
1200	0.852621
1201	0.852621
1202	0.852621
1203	0.852621
1204	0.852621
1205	0.852621
1206	0.852621
1207	0.852621
1208	0.852621
1209	0.852621
1210	0.852621
1211	0.852621
1212	0.852621
1213	0.852621
1214	0.852621
1215	0.852621
1216	0.852621
1217	0.852621
1218	0.852621
1219	0.852621
1220	0.852621
1221	0.852621
1222	0.852621
1223	0.852621
1224	0.852621
1225	0.852621
1226	0.852621
1227	0.852621
1228	0.852621
1229	0.852621
1230	0.852621
1231	0.852621
1232	0.852621
1233	0.852621
1234	0.852621
1235	0.852621
1236	0.852621
1237	0.852621
1238	0.852621
1239	0.852621
1240	0.852621
1241	0.852621
1242	0.852621
1243	0.852621
1244	0.852621
1245	0.852621
1246	0.852621
1247	0.852621
1248	0.852621
1249	0.852621
1250	0.852621
1251	0.852621
1252	0.852621
1253	0.852621
1254	0.852621
1255	0.852621
1256	0.852621
1257	0.852621
1258	0.852621
1259	0.852621
1260	0.852621
1261	0.852621
1262	0.852621
1263	0.852621
1264	0.852621
1265	0.852621
1266	0.852621
1267	0.852621
1268	0.852621
1269	0.852621
1270	0.852621
1271	0.852621
1272	0.852621
1273	0.852621
1274	0.852621
1275	0.852621
1276	0.852621
1277	0.852621
1278	0.852621
1279	0.852621
1280	0.852621
1281	0.852621
1282	0.852621
1283	0.852621
1284	0.852621
1285	0.852621
1286	0.852621
1287	0.852621
1288	0.852621
1289	0.852621
1290	0.852621
1291	0.852621
1292	0.852621
1293	0.852621
1294	0.852621
1295	0.852621
1296	0.852621
1297	0.852621
1298	0.852621
1299	0.852621
1300	0.852621
1301	0.852621
1302	0.852621
1303	0.852621
1304	0.852621
1305	0.852621
1306	0.852621
1307	0.852621
1308	0.852621
1309	0.852621
1310	0.852621
1311	0.852621
1312	0.852621
1313	0.852621
1314	0.852621
1315	0.852621
1316	0.852621
1317	0.852621
1318	0.852621
1319	0.852621
1320	0.852621
1321	0.852621
1322	0.852621
1323	0.852621
1324	0.852621
1325	0.852621
1326	0.852621
1327	0.852621
1328	0.852621
1329	0.852621
1330	0.852621
1331	0.852621
1332	0.852621
1333	0.852621
1334	0.852621
1335	0.852621
1336	0.852621
1337	0.852621
1338	0.852621
1339	0.852621
1340	0.852621
1341	0.852621
1342	0.852621
1343	0.852621
1344	0.852621
1345	0.852621
1346	0.852621
1347	0.852621
1348	0.852621
1349	0.852621
1350	0.852621
1351	0.852621
1352	0.852621
1353	0.852621
1354	0.852621
1355	0.852621
1356	0.852621
1357	0.852621
1358	0.852621
1359	0.852621
1360	0.852621
1361	0.852621
1362	0.852621
1363	0.852621
1364	0.852621
1365	0.852621
1366	0.852621
1367	0.852621
1368	0.852621
1369	0.852621
1370	0.852621
1371	0.852621
1372	0.852621
1373	0.852621
1374	0.852621
1375	0.852621
1376	0.852621
1377	0.852621
1378	0.852621
1379	0.852621
1380	0.852621
1381	0.852621
1382	0.852621
1383	0.852621
1384	0.852621
1385	0.852621
1386	0.852621
1387	0.852621
1388	0.852621
1389	0.852621
1390	0.852621
1391	0.852621
1392	0.852621
1393	0.852621
1394	0.852621
1395	0.852621
1396	0.852621
1397	0.852621
1398	0.852621
1399	0.852621
1400	0.852621
1401	0.852621
1402	0.852621
1403	0.852621
1404	0.852621
1405	0.852621
1406	0.852621
1407	0.852621
1408	0.852621
1409	0.852621
1410	0.852621
1411	0.852621
1412	0.852621
1413	0.852621
1414	0.852621
1415	0.852621
1416	0.852621
1417	0.852621
1418	0.852621
1419	0.852621
1420	0.852621
1421	0.852621
1422	0.852621
1423	0.852621
1424	0.852621
1425	0.852621
1426	0.852621
1427	0.852621
1428	0.852621
1429	0.852621
1430	0.852621
1431	0.852621
1432	0.852621
1433	0.852621
1434	0.852621
1435	0.852621
1436	0.852621
1437	0.852621
1438	0.852621
1439	0.852621
1440	0.852621
1441	0.852621
1442	0.852621
1443	0.852621
1444	0.852621
1445	0.852621
1446	0.852621
1447	0.852621
1448	0.852621
1449	0.852621
1450	0.852621
1451	0.852621
1452	0.852621
1453	0.852621
1454	0.852621
1455	0.852621
1456	0.852621
1457	0.852621
1458	0.852621
1459	0.852621
1460	0.852621
1461	0.852621
1462	0.852621
1463	0.852621
1464	0.852621
1465	0.852621
1466	0.852621
1467	0.852621
1468	0.852621
1469	0.852621
1470	0.852621
1471	0.852621
1472	0.852621
1473	0.852621
1474	0.852621
1475	0.852621
1476	0.852621
1477	0.852621
1478	0.852621
1479	0.852621
1480	0.852621
1481	0.852621
1482	0.852621
1483	0.852621
1484	0.852621
1485	0.852621
1486	0.852621
1487	0.852621
1488	0.852621
1489	0.852621
1490	0.852621
1491	0.852621
1492	0.852621
1493	0.852621
1494	0.852621
1495	0.852621
1496	0.852621
1497	0.852621
1498	0.852621
1499	0.852621
1500	0.852621
1501	0.852621
1502	0.852621
1503	0.852621
1504	0.852621
1505	0.852621
1506	0.852621
1507	0.852621
1508	0.852621
1509	0.852621
1510	0.852621
1511	0.852621
1512	0.852621
1513	0.852621
1514	0.852621
1515	0.852621
1516	0.852621
1517	0.852621
1518	0.852621
1519	0.852621
1520	0.852621
1521	0.852621
1522	0.852621
1523	0.852621
1524	0.852621
1525	0.852621
1526	0.852621
1527	0.852621
1528	0.852621
1529	0.852621
1530	0.852621
1531	0.852621
1532	0.852621
1533	0.852621
1534	0.852621
1535	0.852621
1536	0.852621
1537	0.852621
1538	0.852621
1539	0.852621
1540	0.852621
1541	0.852621
1542	0.852621
1543	0.852621
1544	0.852621
1545	0.852621
1546	0.852621
1547	0.852621
1548	0.852621
1549	0.852621
1550	0.852621
1551	0.852621
1552	0.852621
1553	0.852621
1554	0.852621
1555	0.852621
1556	0.852621
1557	0.852621
1558	0.852621
1559	0.852621
1560	0.852621
1561	0.852621
1562	0.852621
1563	0.852621
1564	0.852621
1565	0.852621
1566	0.852621
1567	0.852621
1568	0.852621
1569	0.852621
1570	0.852621
1571	0.852621
1572	0.852621
1573	0.852621
1574	0.852621
1575	0.852621
1576	0.852621
1577	0.852621
1578	0.852621
1579	0.852621
1580	0.852621
1581	0.852621
1582	0.852621
1583	0.852621
1584	0.852621
1585	0.852621
1586	0.852621
1587	0.852621
1588	0.852621
1589	0.852621
1590	0.852621
1591	0.852621
1592	0.852621
1593	0.852621
1594	0.852621
1595	0.852621
1596	0.852621
1597	0.852621
1598	0.852621
1599	0.852621
1600	0.852621
1601	0.852621
1602	0.852621
1603	0.852621
1604	0.852621
1605	0.852621
1606	0.852621
1607	0.852621
1608	0.852621
1609	0.852621
1610	0.852621
1611	0.852621
1612	0.852621
1613	0.852621
1614	0.852621
1615	0.852621
1616	0.852621
1617	0.852621
1618	0.852621
1619	0.852621
1620	0.852621
1621	0.852621
1622	0.852621
1623	0.852621
1624	0.852621
1625	0.852621
1626	0.852621
1627	0.852621
1628	0.852621
1629	0.852621
1630	0.852621
1631	0.852621
1632	0.852621
1633	0.852621
1634	0.852621
1635	0.852621
1636	0.852621
1637	0.852621
1638	0.852621
1639	0.852621
1640	0.852621
1641	0.852621
1642	0.852621
1643	0.852621
1644	0.852621
1645	0.852621
1646	0.852621
1647	0.852621
1648	0.852621
1649	0.852621
1650	0.852621
1651	0.852621
1652	0.852621
1653	0.852621
1654	0.852621
1655	0.852621
1656	0.852621
1657	0.852621
1658	0.852621
1659	0.852621
1660	0.852621
1661	0.852621
1662	0.852621
1663	0.852621
1664	0.852621
1665	0.852621
1666	0.852621
1667	0.852621
1668	0.852621
1669	0.852621
1670	0.852621
1671	0.852621
1672	0.852621
1673	0.852621
1674	0.852621
1675	0.852621
1676	0.852621
1677	0.852621
1678	0.852621
1679	0.852621
1680	0.852621
1681	0.852621
1682	0.852621
1683	0.852621
1684	0.852621
1685	0.852621
1686	0.852621
1687	0.852621
1688	0.852621
1689	0.852621
1690	0.852621
1691	0.852621
1692	0.852621
1693	0.852621
1694	0.852621
1695	0.852621
1696	0.852621
1697	0.852621
1698	0.852621
1699	0.852621
1700	0.852621
1701	0.852621
1702	0.852621
1703	0.852621
1704	0.852621
1705	0.852621
1706	0.852621
1707	0.852621
1708	0.852621
1709	0.852621
1710	0.852621
1711	0.852621
1712	0.852621
1713	0.852621
1714	0.852621
1715	0.852621
1716	0.852621
1717	0.852621
1718	0.852621
1719	0.852621
1720	0.852621
1721	0.852621
1722	0.852621
1723	0.852621
1724	0.852621
1725	0.852621
1726	0.852621
1727	0.852621
1728	0.852621
1729	0.852621
1730	0.852621
1731	0.852621
1732	0.852621
1733	0.852621
1734	0.852621
1735	0.852621
1736	0.852621
1737	0.852621
1738	0.852621
1739	0.852621
1740	0.852621
1741	0.852621
1742	0.852621
1743	0.852621
1744	0.852621
1745	0.852621
1746	0.852621
1747	0.852621
1748	0.852621
1749	0.852621
1750	0.852621
1751	0.852621
1752	0.852621
1753	0.852621
1754	0.852621
1755	0.852621
1756	0.852621
1757	0.852621
1758	0.852621
1759	0.852621
1760	0.852621
1761	0.852621
1762	0.852621
1763	0.852621
1764	0.852621
1765	0.852621
1766	0.852621
1767	0.852621
1768	0.852621
1769	0.852621
1770	0.852621
1771	0.852621
1772	0.852621
1773	0.852621
1774	0.852621
1775	0.852621
1776	0.852621
1777	0.852621
1778	0.852621
1779	0.852621
1780	0.852621
1781	0.852621
1782	0.852621
1783	0.852621
1784	0.852621
1785	0.852621
1786	0.852621
1787	0.852621
1788	0.852621
1789	0.852621
1790	0.852621
1791	0.852621
1792	0.852621
1793	0.852621
1794	0.852621
1795	0.852621
1796	0.852621
1797	0.852621
1798	0.852621
1799	0.852621
1800	0.852621
1801	0.852621
1802	0.852621
1803	0.852621
1804	0.852621
1805	0.852621
1806	0.852621
1807	0.852621
1808	0.852621
1809	0.852621
1810	0.852621
1811	0.852621
1812	0.852621
1813	0.852621
1814	0.852621
1815	0.852621
1816	0.852621
1817	0.852621
1818	0.852621
1819	0.852621
1820	0.852621
1821	0.852621
1822	0.852621
1823	0.852621
1824	0.852621
1825	0.852621
1826	0.852621
1827	0.852621
1828	0.852621
1829	0.852621
1830	0.852621
1831	0.852621
1832	0.852621
1833	0.852621
1834	0.852621
1835	0.852621
1836	0.852621
1837	0.852621
1838	0.852621
1839	0.852621
1840	0.852621
1841	0.852621
1842	0.852621
1843	0.852621
1844	0.852621
1845	0.852621
1846	0.852621
1847	0.852621
1848	0.852621
1849	0.852621
1850	0.852621
1851	0.852621
1852	0.852621
1853	0.852621
1854	0.852621
1855	0.852621
1856	0.852621
1857	0.852621
1858	0.852621
1859	0.852621
1860	0.852621
1861	0.852621
1862	0.852621
1863	0.852621
1864	0.852621
1865	0.852621
1866	0.852621
1867	0.852621
1868	0.852621
1869	0.852621
1870	0.852621
1871	0.852621
1872	0.852621
1873	0.852621
1874	0.852621
1875	0.852621
1876	0.852621
1877	0.852621
1878	0.852621
1879	0.852621
1880	0.852621
1881	0.852621
1882	0.852621
1883	0.852621
1884	0.852621
1885	0.852621
1886	0.852621
1887	0.852621
1888	0.852621
1889	0.852621
1890	0.852621
1891	0.852621
1892	0.852621
1893	0.852621
1894	0.852621
1895	0.852621
1896	0.852621
1897	0.852621
1898	0.852621
1899	0.852621
1900	0.852621
1901	0.852621
1902	0.852621
1903	0.852621
1904	0.852621
1905	0.852621
1906	0.852621
1907	0.852621
1908	0.852621
1909	0.852621
1910	0.852621
1911	0.852621
1912	0.852621
1913	0.852621
1914	0.852621
1915	0.852621
1916	0.852621
1917	0.852621
1918	0.852621
1919	0.852621
1920	0.852621
1921	0.852621
1922	0.852621
1923	0.852621
1924	0.852621
1925	0.852621
1926	0.852621
1927	0.852621
1928	0.852621
1929	0.852621
1930	0.852621
1931	0.852621
1932	0.852621
1933	0.852621
1934	0.852621
1935	0.852621
1936	0.852621
1937	0.852621
1938	0.852621
1939	0.852621
1940	0.852621
1941	0.852621
1942	0.852621
1943	0.852621
1944	0.852621
1945	0.852621
1946	0.852621
1947	0.852621
1948	0.852621
1949	0.852621
1950	0.852621
1951	0.852621
1952	0.852621
1953	0.852621
1954	0.852621
1955	0.852621
1956	0.852621
1957	0.852621
1958	0.852621
1959	0.852621
1960	0.852621
1961	0.852621
1962	0.852621
1963	0.852621
1964	0.852621
1965	0.852621
1966	0.852621
1967	0.852621
1968	0.852621
1969	0.852621
1970	0.852621
1971	0.852621
1972	0.852621
1973	0.852621
1974	0.852621
1975	0.852621
1976	0.852621
1977	0.852621
1978	0.852621
1979	0.852621
1980	0.852621
1981	0.852621
1982	0.852621
1983	0.852621
1984	0.852621
1985	0.852621
1986	0.852621
1987	0.852621
1988	0.852621
1989	0.852621
1990	0.852621
1991	0.852621
1992	0.852621
1993	0.852621
1994	0.852621
1995	0.852621
1996	0.852621
1997	0.852621
1998	0.852621
1999	0.852621
2000	0.852621
2001	0.852621
2002	0.852621
2003	0.852621
2004	0.852621
2005	0.852621
2006	0.852621
2007	0.852621
2008	0.852621
2009	0.852621
2010	0.852621
2011	0.852621
2012	0.852621
2013	0.852621
2014	0.852621
2015	0.852621
2016	0.852621
2017	0.852621
2018	0.852621
2019	0.852621
2020	0.852621
2021	0.852621
2022	0.852621
2023	0.852621
2024	0.852621
2025	0.852621
2026	0.852621
2027	0.852621
2028	0.852621
2029	0.852621
2030	0.852621
2031	0.852621
2032	0.852621
2033	0.852621
2034	0.852621
2035	0.852621
2036	0.852621
2037	0.852621
2038	0.852621
2039	0.852621
2040	0.852621
2041	0.852621
2042	0.852621
2043	0.852621
2044	0.852621
2045	0.852621
2046	0.852621
2047	0.852621
2048	0.852621
2049	0.852621
2050	0.852621
2051	0.852621
2052	0.852621
2053	0.852621
2054	0.852621
2055	0.852621
2056	0.852621
2057	0.852621
2058	0.852621
2059	0.852621
2060	0.852621
2061	0.852621
2062	0.852621
2063	0.852621
2064	0.852621
2065	0.852621
2066	0.852621
2067	0.852621
2068	0.852621
2069	0.852621
2070	0.852621
2071	0.852621
2072	0.852621
2073	0.852621
2074	0.852621
2075	0.852621
2076	0.852621
2077	0.852621
2078	0.852621
2079	0.852621
2080	0.852621
2081	0.852621
2082	0.852621
2083	0.852621
2084	0.852621
2085	0.852621
2086	0.852621
2087	0.852621
2088	0.852621
2089	0.852621
2090	0.852621
2091	0.852621
2092	0.852621
2093	0.852621
2094	0.852621
2095	0.852621
2096	0.852621
2097	0.852621
2098	0.852621
2099	0.852621
2100	0.852621
2101	0.852621
2102	0.852621
2103	0.852621
2104	0.852621
2105	0.852621
2106	0.852621
2107	0.852621
2108	0.852621
2109	0.852621
2110	0.852621
2111	0.852621
2112	0.852621
2113	0.852621
2114	0.852621
2115	0.852621
2116	0.852621
2117	0.852621
2118	0.852621
2119	0.852621
2120	0.852621
2121	0.852621
2122	0.852621
2123	0.852621
2124	0.852621
2125	0.852621
2126	0.852621
2127	0.852621
2128	0.852621
2129	0.852621
2130	0.852621
2131	0.852621
2132	0.852621
2133	0.852621
2134	0.852621
2135	0.852621
2136	0.852621
2137	0.852621
2138	0.852621
2139	0.852621
2140	0.852621
2141	0.852621
2142	0.852621
2143	0.852621
2144	0.852621
2145	0.852621
2146	0.852621
2147	0.852621
2148	0.852621
2149	0.852621
2150	0.852621
2151	0.852621
2152	0.852621
2153	0.852621
2154	0.852621
2155	0.852621
2156	0.852621
2157	0.852621
2158	0.852621
2159	0.852621
2160	0.852621
2161	0.852621
2162	0.852621
2163	0.852621
2164	0.852621
2165	0.852621
2166	0.852621
2167	0.852621
2168	0.852621
2169	0.852621
2170	0.852621
2171	0.852621
2172	0.852621
2173	0.852621
2174	0.852621
2175	0.852621
2176	0.852621
2177	0.852621
2178	0.852621
2179	0.852621
2180	0.852621
2181	0.852621
2182	0.852621
2183	0.852621
2184	0.852621
2185	0.852621
2186	0.852621
2187	0.852621
2188	0.852621
2189	0.852621
2190	0.852621
2191	0.852621
2192	0.852621
2193	0.852621
2194	0.852621
2195	0.852621
2196	0.852621
2197	0.852621
2198	0.852621
2199	0.852621
2200	0.852621
2201	0.852621
2202	0.852621
2203	0.852621
2204	0.852621
2205	0.852621
2206	0.852621
2207	0.852621
2208	0.852621
2209	0.852621
2210	0.852621
2211	0.852621
2212	0.852621
2213	0.852621
2214	0.852621
2215	0.852621
2216	0.852621
2217	0.852621
2218	0.852621
2219	0.852621
2220	0.852621
2221	0.852621
2222	0.852621
2223	0.852621
2224	0.852621
2225	0.852621
2226	0.852621
2227	0.852621
2228	0.852621
2229	0.852621
2230	0.852621
2231	0.852621
2232	0.852621
2233	0.852621
2234	0.852621
2235	0.852621
2236	0.852621
2237	0.852621
2238	0.852621
2239	0.852621
2240	0.852621
2241	0.852621
2242	0.852621
2243	0.852621
2244	0.852621
2245	0.852621
2246	0.852621
2247	0.852621
2248	0.852621
2249	0.852621
2250	0.852621
2251	0.852621
2252	0.852621
2253	0.852621
2254	0.852621
2255	0.852621
2256	0.852621
2257	0.852621
2258	0.852621
2259	0.852621
2260	0.852621
2261	0.852621
2262	0.852621
2263	0.852621
2264	0.852621
2265	0.852621
2266	0.852621
2267	0.852621
2268	0.852621
2269	0.852621
2270	0.852621
2271	0.852621
2272	0.852621
2273	0.852621
2274	0.852621
2275	0.852621
2276	0.852621
2277	0.852621
2278	0.852621
2279	0.852621
2280	0.852621
2281	0.852621
2282	0.852621
2283	0.852621
2284	0.852621
2285	0.852621
2286	0.852621
2287	0.852621
2288	0.852621
2289	0.852621
2290	0.852621
2291	0.852621
2292	0.852621
2293	0.852621
2294	0.852621
2295	0.852621
2296	0.852621
2297	0.852621
2298	0.852621
2299	0.852621
2300	0.852621
2301	0.852621
2302	0.852621
2303	0.852621
2304	0.852621
2305	0.852621
2306	0.852621
2307	0.852621
2308	0.852621
2309	0.852621
2310	0.852621
2311	0.852621
2312	0.852621
2313	0.852621
2314	0.852621
2315	0.852621
2316	0.852621
2317	0.852621
2318	0.852621
2319	0.852621
2320	0.852621
2321	0.852621
2322	0.852621
2323	0.852621
2324	0.852621
2325	0.852621
2326	0.852621
2327	0.852621
2328	0.852621
2329	0.852621
2330	0.852621
2331	0.852621
2332	0.852621
2333	0.852621
2334	0.852621
2335	0.852621
2336	0.852621
2337	0.852621
2338	0.852621
2339	0.852621
2340	0.852621
2341	0.852621
2342	0.852621
2343	0.852621
2344	0.852621
2345	0.852621
2346	0.852621
2347	0.852621
2348	0.852621
2349	0.852621
2350	0.852621
2351	0.852621
2352	0.852621
2353	0.852621
2354	0.852621
2355	0.852621
2356	0.852621
2357	0.852621
2358	0.852621
2359	0.852621
2360	0.852621
2361	0.852621
2362	0.852621
2363	0.852621
2364	0.852621
2365	0.852621
2366	0.852621
2367	0.852621
2368	0.852621
2369	0.852621
2370	0.852621
2371	0.852621
2372	0.852621
2373	0.852621
2374	0.852621
2375	0.852621
2376	0.852621
2377	0.852621
2378	0.852621
2379	0.852621
2380	0.852621
2381	0.852621
2382	0.852621
2383	0.852621
2384	0.852621
2385	0.852621
2386	0.852621
2387	0.852621
2388	0.852621
2389	0.852621
2390	0.852621
2391	0.852621
2392	0.852621
2393	0.852621
2394	0.852621
2395	0.852621
2396	0.852621
2397	0.852621
2398	0.852621
2399	0.852621
2400	0.852621
2401	0.852621
2402	0.852621
2403	0.852621
2404	0.852621
2405	0.852621
2406	0.852621
2407	0.852621
2408	0.852621
2409	0.852621
2410	0.852621
2411	0.852621
2412	0.852621
2413	0.852621
2414	0.852621
2415	0.852621
2416	0.852621
2417	0.852621
2418	0.852621
2419	0.852621
2420	0.852621
2421	0.852621
2422	0.852621
2423	0.852621
2424	0.852621
2425	0.852621
2426	0.852621
2427	0.852621
2428	0.852621
2429	0.852621
2430	0.852621
2431	0.852621
2432	0.852621
2433	0.852621
2434	0.852621
2435	0.852621
2436	0.852621
2437	0.852621
2438	0.852621
2439	0.852621
2440	0.852621
2441	0.852621
2442	0.852621
2443	0.852621
2444	0.852621
2445	0.852621
2446	0.852621
2447	0.852621
2448	0.852621
2449	0.852621
2450	0.852621
2451	0.852621
2452	0.852621
2453	0.852621
2454	0.852621
2455	0.852621
2456	0.852621
2457	0.852621
2458	0.852621
2459	0.852621
2460	0.852621
2461	0.852621
2462	0.852621
2463	0.852621
2464	0.852621
2465	0.852621
2466	0.852621
2467	0.852621
2468	0.852621
2469	0.852621
2470	0.852621
2471	0.852621
2472	0.852621
2473	0.852621
2474	0.852621
2475	0.852621
2476	0.852621
2477	0.852621
2478	0.852621
2479	0.852621
2480	0.852621
2481	0.852621
2482	0.852621
2483	0.852621
2484	0.852621
2485	0.852621
2486	0.852621
2487	0.852621
2488	0.852621
2489	0.852621
2490	0.852621
2491	0.852621
2492	0.852621
2493	0.852621
2494	0.852621
2495	0.852621
2496	0.852621
2497	0.852621
2498	0.852621
2499	0.852621
2500	0.852621
2501	0.852621
2502	0.852621
2503	0.852621
2504	0.852621
2505	0.852621
2506	0.852621
2507	0.852621
2508	0.852621
2509	0.852621
2510	0.852621
2511	0.852621
2512	0.852621
2513	0.852621
2514	0.852621
2515	0.852621
2516	0.852621
2517	0.852621
2518	0.852621
2519	0.852621
2520	0.852621
2521	0.852621
2522	0.852621
2523	0.852621
2524	0.852621
2525	0.852621
2526	0.852621
2527	0.852621
2528	0.852621
2529	0.852621
2530	0.852621
2531	0.852621
2532	0.852621
2533	0.852621
2534	0.852621
2535	0.852621
2536	0.852621
2537	0.852621
2538	0.852621
2539	0.852621
2540	0.852621
2541	0.852621
2542	0.852621
2543	0.852621
2544	0.852621
2545	0.852621
2546	0.852621
2547	0.852621
2548	0.852621
2549	0.852621
2550	0.852621
2551	0.852621
2552	0.852621
2553	0.852621
2554	0.852621
2555	0.852621
2556	0.852621
2557	0.852621
2558	0.852621
2559	0.852621
2560	0.852621
2561	0.852621
2562	0.852621
2563	0.852621
2564	0.852621
2565	0.852621
2566	0.852621
2567	0.852621
2568	0.852621
2569	0.852621
2570	0.852621
2571	0.852621
2572	0.852621
2573	0.852621
2574	0.852621
2575	0.852621
2576	0.852621
2577	0.852621
2578	0.852621
2579	0.852621
2580	0.852621
2581	0.852621
2582	0.852621
2583	0.852621
2584	0.852621
2585	0.852621
2586	0.852621
2587	0.852621
2588	0.852621
2589	0.852621
2590	0.852621
2591	0.852621
2592	0.852621
2593	0.852621
2594	0.852621
2595	0.852621
2596	0.852621
2597	0.852621
2598	0.852621
2599	0.852621
2600	0.852621
2601	0.852621
2602	0.852621
2603	0.852621
2604	0.852621
2605	0.852621
2606	0.852621
2607	0.852621
2608	0.852621
2609	0.852621
2610	0.852621
2611	0.852621
2612	0.852621
2613	0.852621
2614	0.852621
2615	0.852621
2616	0.852621
2617	0.852621
2618	0.852621
2619	0.852621
2620	0.852621
2621	0.852621
2622	0.852621
2623	0.852621
2624	0.852621
2625	0.852621
2626	0.852621
2627	0.852621
2628	0.852621
2629	0.852621
2630	0.852621
2631	0.852621
2632	0.852621
2633	0.852621
2634	0.852621
2635	0.852621
2636	0.852621
2637	0.852621
2638	0.852621
2639	0.852621
2640	0.852621
2641	0.852621
2642	0.852621
2643	0.852621
2644	0.852621
2645	0.852621
2646	0.852621
2647	0.852621
2648	0.852621
2649	0.852621
2650	0.852621
2651	0.852621
2652	0.852621
2653	0.852621
2654	0.852621
2655	0.852621
2656	0.852621
2657	0.852621
2658	0.852621
2659	0.852621
2660	0.852621
2661	0.852621
2662	0.852621
2663	0.852621
2664	0.852621
2665	0.852621
2666	0.852621
2667	0.852621
2668	0.852621
2669	0.852621
2670	0.852621
2671	0.852621
2672	0.852621
2673	0.852621
2674	0.852621
2675	0.852621
2676	0.852621
2677	0.852621
2678	0.852621
2679	0.852621
2680	0.852621
2681	0.852621
2682	0.852621
2683	0.852621
2684	0.852621
2685	0.852621
2686	0.852621
2687	0.852621
2688	0.852621
2689	0.852621
2690	0.852621
2691	0.852621
2692	0.852621
2693	0.852621
2694	0.852621
2695	0.852621
2696	0.852621
2697	0.852621
2698	0.852621
2699	0.852621
2700	0.852621
2701	0.852621
2702	0.852621
2703	0.852621
2704	0.852621
2705	0.852621
2706	0.852621
2707	0.852621
2708	0.852621
2709	0.852621
2710	0.852621
2711	0.852621
2712	0.852621
2713	0.852621
2714	0.852621
2715	0.852621
2716	0.852621
2717	0.852621
2718	0.852621
2719	0.852621
2720	0.852621
2721	0.852621
2722	0.852621
2723	0.852621
2724	0.852621
2725	0.852621
2726	0.852621
2727	0.852621
2728	0.852621
2729	0.852621
2730	0.852621
2731	0.852621
2732	0.852621
2733	0.852621
2734	0.852621
2735	0.852621
2736	0.852621
2737	0.852621
2738	0.852621
2739	0.852621
2740	0.852621
2741	0.852621
2742	0.852621
2743	0.852621
2744	0.852621
2745	0.852621
2746	0.852621
2747	0.852621
2748	0.852621
2749	0.852621
2750	0.852621
2751	0.852621
2752	0.852621
2753	0.852621
2754	0.852621
2755	0.852621
2756	0.852621
2757	0.852621
2758	0.852621
2759	0.852621
2760	0.852621
2761	0.852621
2762	0.852621
2763	0.852621
2764	0.852621
2765	0.852621
2766	0.852621
2767	0.852621
2768	0.852621
2769	0.852621
2770	0.852621
2771	0.852621
2772	0.852621
2773	0.852621
2774	0.852621
2775	0.852621
2776	0.852621
2777	0.852621
2778	0.852621
2779	0.852621
2780	0.852621
2781	0.852621
2782	0.852621
2783	0.852621
2784	0.852621
2785	0.852621
2786	0.852621
2787	0.852621
2788	0.852621
2789	0.852621
2790	0.852621
2791	0.852621
2792	0.852621
2793	0.852621
2794	0.852621
2795	0.852621
2796	0.852621
2797	0.852621
2798	0.852621
2799	0.852621
2800	0.852621
2801	0.852621
2802	0.852621
2803	0.852621
2804	0.852621
2805	0.852621
2806	0.852621
2807	0.852621
2808	0.852621
2809	0.852621
2810	0.852621
2811	0.852621
2812	0.852621
2813	0.852621
2814	0.852621
2815	0.852621
2816	0.852621
2817	0.852621
2818	0.852621
2819	0.852621
2820	0.852621
2821	0.852621
2822	0.852621
2823	0.852621
2824	0.852621
2825	0.852621
2826	0.852621
2827	0.852621
2828	0.852621
2829	0.852621
2830	0.852621
2831	0.852621
2832	0.852621
2833	0.852621
2834	0.852621
2835	0.852621
2836	0.852621
2837	0.852621
2838	0.852621
2839	0.852621
2840	0.852621
2841	0.852621
2842	0.852621
2843	0.852621
2844	0.852621
2845	0.852621
2846	0.852621
2847	0.852621
2848	0.852621
2849	0.852621
2850	0.852621
2851	0.852621
2852	0.852621
2853	0.852621
2854	0.852621
2855	0.852621
2856	0.852621
2857	0.852621
2858	0.852621
2859	0.852621
2860	0.852621
2861	0.852621
2862	0.852621
2863	0.852621
2864	0.852621
2865	0.852621
2866	0.852621
2867	0.852621
2868	0.852621
2869	0.852621
2870	0.852621
2871	0.852621
2872	0.852621
2873	0.852621
2874	0.852621
2875	0.852621
2876	0.852621
2877	0.852621
2878	0.852621
2879	0.852621
2880	0.852621
2881	0.852621
2882	0.852621
2883	0.852621
2884	0.852621
2885	0.852621
2886	0.852621
2887	0.852621
2888	0.852621
2889	0.852621
2890	0.852621
2891	0.852621
2892	0.852621
2893	0.852621
2894	0.852621
2895	0.852621
2896	0.852621
2897	0.852621
2898	0.852621
2899	0.852621
2900	0.852621
2901	0.852621
2902	0.852621
2903	0.852621
2904	0.852621
2905	0.852621
2906	0.852621
2907	0.852621
2908	0.852621
2909	0.852621
2910	0.852621
2911	0.852621
2912	0.852621
2913	0.852621
2914	0.852621
2915	0.852621
2916	0.852621
2917	0.852621
2918	0.852621
2919	0.852621
2920	0.852621
2921	0.852621
2922	0.852621
2923	0.852621
2924	0.852621
2925	0.852621
2926	0.852621
2927	0.852621
2928	0.852621
2929	0.852621
2930	0.852621
2931	0.852621
2932	0.852621
2933	0.852621
2934	0.852621
2935	0.852621
2936	0.852621
2937	0.852621
2938	0.852621
2939	0.852621
2940	0.852621
2941	0.852621
2942	0.852621
2943	0.852621
2944	0.852621
2945	0.852621
2946	0.852621
2947	0.852621
2948	0.852621
2949	0.852621
2950	0.852621
2951	0.852621
2952	0.852621
2953	0.852621
2954	0.852621
2955	0.852621
2956	0.852621
2957	0.852621
2958	0.852621
2959	0.852621
2960	0.852621
2961	0.852621
2962	0.852621
2963	0.852621
2964	0.852621
2965	0.852621
2966	0.852621
2967	0.852621
2968	0.852621
2969	0.852621
2970	0.852621
2971	0.852621
2972	0.852621
2973	0.852621
2974	0.852621
2975	0.852621
2976	0.852621
2977	0.852621
2978	0.852621
2979	0.852621
2980	0.852621
2981	0.852621
2982	0.852621
2983	0.852621
2984	0.852621
2985	0.852621
2986	0.852621
2987	0.852621
2988	0.852621
2989	0.852621
2990	0.852621
2991	0.852621
2992	0.852621
2993	0.852621
2994	0.852621
2995	0.852621
2996	0.852621
2997	0.852621
2998	0.852621
2999	0.852621
3000	0.852621
3001	0.852621
3002	0.852621
3003	0.852621
3004	0.852621
3005	0.852621
3006	0.852621
3007	0.852621
3008	0.852621
3009	0.852621
3010	0.852621
3011	0.852621
3012	0.852621
3013	0.852621
3014	0.852621
3015	0.852621
3016	0.852621
3017	0.852621
3018	0.852621
3019	0.852621
3020	0.852621
3021	0.852621
3022	0.852621
3023	0.852621
3024	0.852621
3025	0.852621
3026	0.852621
3027	0.852621
3028	0.852621
3029	0.852621
3030	0.852621
3031	0.852621
3032	0.852621
3033	0.852621
3034	0.852621
3035	0.852621
3036	0.852621
3037	0.852621
3038	0.852621
3039	0.852621
3040	0.852621
3041	0.852621
3042	0.852621
3043	0.852621
3044	0.852621
3045	0.852621
3046	0.852621
3047	0.852621
3048	0.852621
3049	0.852621
3050	0.852621
3051	0.852621
3052	0.852621
3053	0.852621
3054	0.852621
3055	0.852621
3056	0.852621
3057	0.852621
3058	0.852621
3059	0.852621
3060	0.852621
3061	0.852621
3062	0.852621
3063	0.852621
3064	0.852621
3065	0.852621
3066	0.852621
3067	0.852621
3068	0.852621
3069	0.852621
3070	0.852621
3071	0.852621
3072	0.852621
3073	0.852621
3074	0.852621
3075	0.852621
3076	0.852621
3077	0.852621
3078	0.852621
3079	0.852621
3080	0.852621
3081	0.852621
3082	0.852621
3083	0.852621
3084	0.852621
3085	0.852621
3086	0.852621
3087	0.852621
3088	0.852621
3089	0.852621
3090	0.852621
3091	0.852621
3092	0.852621
3093	0.852621
3094	0.852621
3095	0.852621
3096	0.852621
3097	0.852621
3098	0.852621
3099	0.852621
3100	0.852621
3101	0.852621
3102	0.852621
3103	0.852621
3104	0.852621
3105	0.852621
3106	0.852621
3107	0.852621
3108	0.852621
3109	0.852621
3110	0.852621
3111	0.852621
3112	0.852621
3113	0.852621
3114	0.852621
3115	0.852621
3116	0.852621
3117	0.852621
3118	0.852621
3119	0.852621
3120	0.852621
3121	0.852621
3122	0.852621
3123	0.852621
3124	0.852621
3125	0.852621
3126	0.852621
3127	0.852621
3128	0.852621
3129	0.852621
3130	0.852621
3131	0.852621
3132	0.852621
3133	0.852621
3134	0.852621
3135	0.852621
3136	0.852621
3137	0.852621
3138	0.852621
3139	0.852621
3140	0.852621
3141	0.852621
3142	0.852621
3143	0.852621
3144	0.852621
3145	0.852621
3146	0.852621
3147	0.852621
3148	0.852621
3149	0.852621
3150	0.852621
3151	0.852621
3152	0.852621
3153	0.852621
3154	0.852621
3155	0.852621
3156	0.852621
3157	0.852621
3158	0.852621
3159	0.852621
3160	0.852621
3161	0.852621
3162	0.852621
3163	0.852621
3164	0.852621
3165	0.852621
3166	0.852621
3167	0.852621
3168	0.852621
3169	0.852621
3170	0.852621
3171	0.852621
3172	0.852621
3173	0.852621
3174	0.852621
3175	0.852621
3176	0.852621
3177	0.852621
3178	0.852621
3179	0.852621
3180	0.852621
3181	0.852621
3182	0.852621
3183	0.852621
3184	0.852621
3185	0.852621
3186	0.852621
3187	0.852621
3188	0.852621
3189	0.852621
3190	0.852621
3191	0.852621
3192	0.852621
3193	0.852621
3194	0.852621
3195	0.852621
3196	0.852621
3197	0.852621
3198	0.852621
3199	0.852621
3200	0.852621
3201	0.852621
3202	0.852621
3203	0.852621
3204	0.852621
3205	0.852621
3206	0.852621
3207	0.852621
3208	0.852621
3209	0.852621
3210	0.852621
3211	0.852621
3212	0.852621
3213	0.852621
3214	0.852621
3215	0.852621
3216	0.852621
3217	0.852621
3218	0.852621
3219	0.852621
3220	0.852621
3221	0.852621
3222	0.852621
3223	0.852621
3224	0.852621
3225	0.852621
3226	0.852621
3227	0.852621
3228	0.852621
3229	0.852621
3230	0.852621
3231	0.852621
3232	0.852621
3233	0.852621
3234	0.852621
3235	0.852621
3236	0.852621
3237	0.852621
3238	0.852621
3239	0.852621
3240	0.852621
3241	0.852621
3242	0.852621
3243	0.852621
3244	0.852621
3245	0.852621
3246	0.852621
3247	0.852621
3248	0.852621
3249	0.852621
3250	0.852621
3251	0.852621
3252	0.852621
3253	0.852621
3254	0.852621
3255	0.852621
3256	0.852621
3257	0.852621
3258	0.852621
3259	0.852621
3260	0.852621
3261	0.852621
3262	0.852621
3263	0.852621
3264	0.852621
3265	0.852621
3266	0.852621
3267	0.852621
3268	0.852621
3269	0.852621
3270	0.852621
3271	0.852621
3272	0.852621
3273	0.852621
3274	0.852621
3275	0.852621
3276	0.852621
3277	0.852621
3278	0.852621
3279	0.852621
3280	0.852621
3281	0.852621
3282	0.852621
3283	0.852621
3284	0.852621
3285	0.852621
3286	0.852621
3287	0.852621
3288	0.852621
3289	0.852621
3290	0.852621
3291	0.852621
3292	0.852621
3293	0.852621
3294	0.852621
3295	0.852621
3296	0.852621
3297	0.852621
3298	0.852621
3299	0.852621
3300	0.852621
3301	0.852621
3302	0.852621
3303	0.852621
3304	0.852621
3305	0.852621
3306	0.852621
3307	0.852621
3308	0.852621
3309	0.852621
3310	0.852621
3311	0.852621
3312	0.852621
3313	0.852621
3314	0.852621
3315	0.852621
3316	0.852621
3317	0.852621
3318	0.852621
3319	0.852621
3320	0.852621
3321	0.852621
3322	0.852621
3323	0.852621
3324	0.852621
3325	0.852621
3326	0.852621
3327	0.852621
3328	0.852621
3329	0.852621
3330	0.852621
3331	0.852621
3332	0.852621
3333	0.852621
3334	0.852621
3335	0.852621
3336	0.852621
3337	0.852621
3338	0.852621
3339	0.852621
3340	0.852621
3341	0.852621
3342	0.852621
3343	0.852621
3344	0.852621
3345	0.852621
3346	0.852621
3347	0.852621
3348	0.852621
3349	0.852621
3350	0.852621
3351	0.852621
3352	0.852621
3353	0.852621
3354	0.852621
3355	0.852621
3356	0.852621
3357	0.852621
3358	0.852621
3359	0.852621
3360	0.852621
3361	0.852621
3362	0.852621
3363	0.852621
3364	0.852621
3365	0.852621
3366	0.852621
3367	0.852621
3368	0.852621
3369	0.852621
3370	0.852621
3371	0.852621
3372	0.852621
3373	0.852621
3374	0.852621
3375	0.852621
3376	0.852621
3377	0.852621
3378	0.852621
3379	0.852621
3380	0.852621
3381	0.852621
3382	0.852621
3383	0.852621
3384	0.852621
3385	0.852621
3386	0.852621
3387	0.852621
3388	0.852621
3389	0.852621
3390	0.852621
3391	0.852621
3392	0.852621
3393	0.852621
3394	0.852621
3395	0.852621
3396	0.852621
3397	0.852621
3398	0.852621
3399	0.852621
3400	0.852621
3401	0.852621
3402	0.852621
3403	0.852621
3404	0.852621
3405	0.852621
3406	0.852621
3407	0.852621
3408	0.852621
3409	0.852621
3410	0.852621
3411	0.852621
3412	0.852621
3413	0.852621
3414	0.852621
3415	0.852621
3416	0.852621
3417	0.852621
3418	0.852621
3419	0.852621
3420	0.852621
3421	0.852621
3422	0.852621
3423	0.852621
3424	0.852621
3425	0.852621
3426	0.852621
3427	0.852621
3428	0.852621
3429	0.852621
3430	0.852621
3431	0.852621
3432	0.852621
3433	0.852621
3434	0.852621
3435	0.852621
3436	0.852621
3437	0.852621
3438	0.852621
3439	0.852621
3440	0.852621
3441	0.852621
3442	0.852621
3443	0.852621
3444	0.852621
3445	0.852621
3446	0.852621
3447	0.852621
3448	0.852621
3449	0.852621
3450	0.852621
3451	0.852621
3452	0.852621
3453	0.852621
3454	0.852621
3455	0.852621
3456	0.852621
3457	0.852621
3458	0.852621
3459	0.852621
3460	0.852621
3461	0.852621
3462	0.852621
3463	0.852621
3464	0.852621
3465	0.852621
3466	0.852621
3467	0.852621
3468	0.852621
3469	0.852621
3470	0.852621
3471	0.852621
3472	0.852621
3473	0.852621
3474	0.852621
3475	0.852621
3476	0.852621
3477	0.852621
3478	0.852621
3479	0.852621
3480	0.852621
3481	0.852621
3482	0.852621
3483	0.852621
3484	0.852621
3485	0.852621
3486	0.852621
3487	0.852621
3488	0.852621
3489	0.852621
3490	0.852621
3491	0.852621
3492	0.852621
3493	0.852621
3494	0.852621
3495	0.852621
3496	0.852621
3497	0.852621
3498	0.852621
3499	0.852621
3500	0.852621
3501	0.852621
3502	0.852621
3503	0.852621
3504	0.852621
3505	0.852621
3506	0.852621
3507	0.852621
3508	0.852621
3509	0.852621
3510	0.852621
3511	0.852621
3512	0.852621
3513	0.852621
3514	0.852621
3515	0.852621
3516	0.852621
3517	0.852621
3518	0.852621
3519	0.852621
3520	0.852621
3521	0.852621
3522	0.852621
3523	0.852621
3524	0.852621
3525	0.852621
3526	0.852621
3527	0.852621
3528	0.852621
3529	0.852621
3530	0.852621
3531	0.852621
3532	0.852621
3533	0.852621
3534	0.852621
3535	0.852621
3536	0.852621
3537	0.852621
3538	0.852621
3539	0.852621
3540	0.852621
3541	0.852621
3542	0.852621
3543	0.852621
3544	0.852621
3545	0.852621
3546	0.852621
3547	0.852621
3548	0.852621
3549	0.852621
3550	0.852621
3551	0.852621
3552	0.852621
3553	0.852621
3554	0.852621
3555	0.852621
3556	0.852621
3557	0.852621
3558	0.852621
3559	0.852621
3560	0.852621
3561	0.852621
3562	0.852621
3563	0.852621
3564	0.852621
3565	0.852621
3566	0.852621
3567	0.852621
3568	0.852621
3569	0.852621
3570	0.852621
3571	0.852621
3572	0.852621
3573	0.852621
3574	0.852621
3575	0.852621
3576	0.852621
3577	0.852621
3578	0.852621
3579	0.852621
3580	0.852621
3581	0.852621
3582	0.852621
3583	0.852621
3584	0.852621
3585	0.852621
3586	0.852621
3587	0.852621
3588	0.852621
3589	0.852621
3590	0.852621
3591	0.852621
3592	0.852621
3593	0.852621
3594	0.852621
3595	0.852621
3596	0.852621
3597	0.852621
3598	0.852621
3599	0.852621
3600	0.852621
3601	0.852621
3602	0.852621
3603	0.852621
3604	0.852621
3605	0.852621
3606	0.852621
3607	0.852621
3608	0.852621
3609	0.852621
3610	0.852621
3611	0.852621
3612	0.852621
3613	0.852621
3614	0.852621
3615	0.852621
3616	0.852621
3617	0.852621
3618	0.852621
3619	0.852621
3620	0.852621
3621	0.852621
3622	0.852621
3623	0.852621
3624	0.852621
3625	0.852621
3626	0.852621
3627	0.852621
3628	0.852621
3629	0.852621
3630	0.852621
3631	0.852621
3632	0.852621
3633	0.852621
3634	0.852621
3635	0.852621
3636	0.852621
3637	0.852621
3638	0.852621
3639	0.852621
3640	0.852621
3641	0.852621
3642	0.852621
3643	0.852621
3644	0.852621
3645	0.852621
3646	0.852621
3647	0.852621
3648	0.852621
3649	0.852621
3650	0.852621
3651	0.852621
3652	0.852621
3653	0.852621
3654	0.852621
3655	0.852621
3656	0.852621
3657	0.852621
3658	0.852621
3659	0.852621
3660	0.852621
3661	0.852621
3662	0.852621
3663	0.852621
3664	0.852621
3665	0.852621
3666	0.852621
3667	0.852621
3668	0.852621
3669	0.852621
3670	0.852621
3671	0.852621
3672	0.852621
3673	0.852621
3674	0.852621
3675	0.852621
3676	0.852621
3677	0.852621
3678	0.852621
3679	0.852621
3680	0.852621
3681	0.852621
3682	0.852621
3683	0.852621
3684	0.852621
3685	0.852621
3686	0.852621
3687	0.852621
3688	0.852621
3689	0.852621
3690	0.852621
3691	0.852621
3692	0.852621
3693	0.852621
3694	0.852621
3695	0.852621
3696	0.852621
3697	0.852621
3698	0.852621
3699	0.852621
3700	0.852621
3701	0.852621
3702	0.852621
3703	0.852621
3704	0.852621
3705	0.852621
3706	0.852621
3707	0.852621
3708	0.852621
3709	0.852621
3710	0.852621
3711	0.852621
3712	0.852621
3713	0.852621
3714	0.852621
3715	0.852621
3716	0.852621
3717	0.852621
3718	0.852621
3719	0.852621
3720	0.852621
3721	0.852621
3722	0.852621
3723	0.852621
3724	0.852621
3725	0.852621
3726	0.852621
3727	0.852621
3728	0.852621
3729	0.852621
3730	0.852621
3731	0.852621
3732	0.852621
3733	0.852621
3734	0.852621
3735	0.852621
3736	0.852621
3737	0.852621
3738	0.852621
3739	0.852621
3740	0.852621
3741	0.852621
3742	0.852621
3743	0.852621
3744	0.852621
3745	0.852621
3746	0.852621
3747	0.852621
3748	0.852621
3749	0.852621
3750	0.852621
3751	0.852621
3752	0.852621
3753	0.852621
3754	0.852621
3755	0.852621
3756	0.852621
3757	0.852621
3758	0.852621
3759	0.852621
3760	0.852621
3761	0.852621
3762	0.852621
3763	0.852621
3764	0.852621
3765	0.852621
3766	0.852621
3767	0.852621
3768	0.852621
3769	0.852621
3770	0.852621
3771	0.852621
3772	0.852621
3773	0.852621
3774	0.852621
3775	0.852621
3776	0.852621
3777	0.852621
3778	0.852621
3779	0.852621
3780	0.852621
3781	0.852621
3782	0.852621
3783	0.852621
3784	0.852621
3785	0.852621
3786	0.852621
3787	0.852621
3788	0.852621
3789	0.852621
3790	0.852621
3791	0.852621
3792	0.852621
3793	0.852621
3794	0.852621
3795	0.852621
3796	0.852621
3797	0.852621
3798	0.852621
3799	0.852621
3800	0.852621
3801	0.852621
3802	0.852621
3803	0.852621
3804	0.852621
3805	0.852621
3806	0.852621
3807	0.852621
3808	0.852621
3809	0.852621
3810	0.852621
3811	0.852621
3812	0.852621
3813	0.852621
3814	0.852621
3815	0.852621
3816	0.852621
3817	0.852621
3818	0.852621
3819	0.852621
3820	0.852621
3821	0.852621
3822	0.852621
3823	0.852621
3824	0.852621
3825	0.852621
3826	0.852621
3827	0.852621
3828	0.852621
3829	0.852621
3830	0.852621
3831	0.852621
3832	0.852621
3833	0.852621
3834	0.852621
3835	0.852621
3836	0.852621
3837	0.852621
3838	0.852621
3839	0.852621
3840	0.852621
3841	0.852621
3842	0.852621
3843	0.852621
3844	0.852621
3845	0.852621
3846	0.852621
3847	0.852621
3848	0.852621
3849	0.852621
3850	0.852621
3851	0.852621
3852	0.852621
3853	0.852621
3854	0.852621
3855	0.852621
3856	0.852621
3857	0.852621
3858	0.852621
3859	0.852621
3860	0.852621
3861	0.852621
3862	0.852621
3863	0.852621
3864	0.852621
3865	0.852621
3866	0.852621
3867	0.852621
3868	0.852621
3869	0.852621
3870	0.852621
3871	0.852621
3872	0.852621
3873	0.852621
3874	0.852621
3875	0.852621
3876	0.852621
3877	0.852621
3878	0.852621
3879	0.852621
3880	0.852621
3881	0.852621
3882	0.852621
3883	0.852621
3884	0.852621
3885	0.852621
3886	0.852621
3887	0.852621
3888	0.852621
3889	0.852621
3890	0.852621
3891	0.852621
3892	0.852621
3893	0.852621
3894	0.852621
3895	0.852621
3896	0.852621
3897	0.852621
3898	0.852621
3899	0.852621
3900	0.852621
3901	0.852621
3902	0.852621
3903	0.852621
3904	0.852621
3905	0.852621
3906	0.852621
3907	0.852621
3908	0.852621
3909	0.852621
3910	0.852621
3911	0.852621
3912	0.852621
3913	0.852621
3914	0.852621
3915	0.852621
3916	0.852621
3917	0.852621
3918	0.852621
3919	0.852621
3920	0.852621
3921	0.852621
3922	0.852621
3923	0.852621
3924	0.852621
3925	0.852621
3926	0.852621
3927	0.852621
3928	0.852621
3929	0.852621
3930	0.852621
3931	0.852621
3932	0.852621
3933	0.852621
3934	0.852621
3935	0.852621
3936	0.852621
3937	0.852621
3938	0.852621
3939	0.852621
3940	0.852621
3941	0.852621
3942	0.852621
3943	0.852621
3944	0.852621
3945	0.852621
3946	0.852621
3947	0.852621
3948	0.852621
3949	0.852621
3950	0.852621
3951	0.852621
3952	0.852621
3953	0.852621
3954	0.852621
3955	0.852621
3956	0.852621
3957	0.852621
3958	0.852621
3959	0.852621
3960	0.852621
3961	0.852621
3962	0.852621
3963	0.852621
3964	0.852621
3965	0.852621
3966	0.852621
3967	0.852621
3968	0.852621
3969	0.852621
3970	0.852621
3971	0.852621
3972	0.852621
3973	0.852621
3974	0.852621
3975	0.852621
3976	0.852621
3977	0.852621
3978	0.852621
3979	0.852621
3980	0.852621
3981	0.852621
3982	0.852621
3983	0.852621
3984	0.852621
3985	0.852621
3986	0.852621
3987	0.852621
3988	0.852621
3989	0.852621
3990	0.852621
3991	0.852621
3992	0.852621
3993	0.852621
3994	0.852621
3995	0.852621
3996	0.852621
3997	0.852621
3998	0.852621
3999	0.852621
4000	0.852621
4001	0.852621
4002	0.852621
4003	0.852621
4004	0.852621
4005	0.852621
4006	0.852621
4007	0.852621
4008	0.852621
4009	0.852621
4010	0.852621
4011	0.852621
4012	0.852621
4013	0.852621
4014	0.852621
4015	0.852621
4016	0.852621
4017	0.852621
4018	0.852621
4019	0.852621
4020	0.852621
4021	0.852621
4022	0.852621
4023	0.852621
4024	0.852621
4025	0.852621
4026	0.852621
4027	0.852621
4028	0.852621
4029	0.852621
4030	0.852621
4031	0.852621
4032	0.852621
4033	0.852621
4034	0.852621
4035	0.852621
4036	0.852621
4037	0.852621
4038	0.852621
4039	0.852621
4040	0.852621
4041	0.852621
4042	0.852621
4043	0.852621
4044	0.852621
4045	0.852621
4046	0.852621
4047	0.852621
4048	0.852621
4049	0.852621
4050	0.852621
4051	0.852621
4052	0.852621
4053	0.852621
4054	0.852621
4055	0.852621
4056	0.852621
4057	0.852621
4058	0.852621
4059	0.852621
4060	0.852621
4061	0.852621
4062	0.852621
4063	0.852621
4064	0.852621
4065	0.852621
4066	0.852621
4067	0.852621
4068	0.852621
4069	0.852621
4070	0.852621
4071	0.852621
4072	0.852621
4073	0.852621
4074	0.852621
4075	0.852621
4076	0.852621
4077	0.852621
4078	0.852621
4079	0.852621
4080	0.852621
4081	0.852621
4082	0.852621
4083	0.852621
4084	0.852621
4085	0.852621
4086	0.852621
4087	0.852621
4088	0.852621
4089	0.852621
4090	0.852621
4091	0.852621
4092	0.852621
4093	0.852621
4094	0.852621
4095	0.852621
4096	0.852621
4097	0.852621
4098	0.852621
4099	0.852621
4100	0.852621
4101	0.852621
4102	0.852621
4103	0.852621
4104	0.852621
4105	0.852621
4106	0.852621
4107	0.852621
4108	0.852621
4109	0.852621
4110	0.852621
4111	0.852621
4112	0.852621
4113	0.852621
4114	0.852621
4115	0.852621
4116	0.852621
4117	0.852621
4118	0.852621
4119	0.852621
4120	0.852621
4121	0.852621
4122	0.852621
4123	0.852621
4124	0.852621
4125	0.852621
4126	0.852621
4127	0.852621
4128	0.852621
4129	0.852621
4130	0.852621
4131	0.852621
4132	0.852621
4133	0.852621
4134	0.852621
4135	0.852621
4136	0.852621
4137	0.852621
4138	0.852621
4139	0.852621
4140	0.852621
4141	0.852621
4142	0.852621
4143	0.852621
4144	0.852621
4145	0.852621
4146	0.852621
4147	0.852621
4148	0.852621
4149	0.852621
4150	0.852621
4151	0.852621
4152	0.852621
4153	0.852621
4154	0.852621
4155	0.852621
4156	0.852621
4157	0.852621
4158	0.852621
4159	0.852621
4160	0.852621
4161	0.852621
4162	0.852621
4163	0.852621
4164	0.852621
4165	0.852621
4166	0.852621
4167	0.852621
4168	0.852621
4169	0.852621
4170	0.852621
4171	0.852621
4172	0.852621
4173	0.852621
4174	0.852621
4175	0.852621
4176	0.852621
4177	0.852621
4178	0.852621
4179	0.852621
4180	0.852621
4181	0.852621
4182	0.852621
4183	0.852621
4184	0.852621
4185	0.852621
4186	0.852621
4187	0.852621
4188	0.852621
4189	0.852621
4190	0.852621
4191	0.852621
4192	0.852621
4193	0.852621
4194	0.852621
4195	0.852621
4196	0.852621
4197	0.852621
4198	0.852621
4199	0.852621
4200	0.852621
4201	0.852621
4202	0.852621
4203	0.852621
4204	0.852621
4205	0.852621
4206	0.852621
4207	0.852621
4208	0.852621
4209	0.852621
4210	0.852621
4211	0.852621
4212	0.852621
4213	0.852621
4214	0.852621
4215	0.852621
4216	0.852621
4217	0.852621
4218	0.852621
4219	0.852621
4220	0.852621
4221	0.852621
4222	0.852621
4223	0.852621
4224	0.852621
4225	0.852621
4226	0.852621
4227	0.852621
4228	0.852621
4229	0.852621
4230	0.852621
4231	0.852621
4232	0.852621
4233	0.852621
4234	0.852621
4235	0.852621
4236	0.852621
4237	0.852621
4238	0.852621
4239	0.852621
4240	0.852621
4241	0.852621
4242	0.852621
4243	0.852621
4244	0.852621
4245	0.852621
4246	0.852621
4247	0.852621
4248	0.852621
4249	0.852621
4250	0.852621
4251	0.852621
4252	0.852621
4253	0.852621
4254	0.852621
4255	0.852621
4256	0.852621
4257	0.852621
4258	0.852621
4259	0.852621
4260	0.852621
4261	0.852621
4262	0.852621
4263	0.852621
4264	0.852621
4265	0.852621
4266	0.852621
4267	0.852621
4268	0.852621
4269	0.852621
4270	0.852621
4271	0.852621
4272	0.852621
4273	0.852621
4274	0.852621
4275	0.852621
4276	0.852621
4277	0.852621
4278	0.852621
4279	0.852621
4280	0.852621
4281	0.852621
4282	0.852621
4283	0.852621
4284	0.852621
4285	0.852621
4286	0.852621
4287	0.852621
4288	0.852621
4289	0.852621
4290	0.852621
4291	0.852621
4292	0.852621
4293	0.852621
4294	0.852621
4295	0.852621
4296	0.852621
4297	0.852621
4298	0.852621
4299	0.852621
4300	0.852621
4301	0.852621
4302	0.852621
4303	0.852621
4304	0.852621
4305	0.852621
4306	0.852621
4307	0.852621
4308	0.852621
4309	0.852621
4310	0.852621
4311	0.852621
4312	0.852621
4313	0.852621
4314	0.852621
4315	0.852621
4316	0.852621
4317	0.852621
4318	0.852621
4319	0.852621
4320	0.852621
4321	0.852621
4322	0.852621
4323	0.852621
4324	0.852621
4325	0.852621
4326	0.852621
4327	0.852621
4328	0.852621
4329	0.852621
4330	0.852621
4331	0.852621
4332	0.852621
4333	0.852621
4334	0.852621
4335	0.852621
4336	0.852621
4337	0.852621
4338	0.852621
4339	0.852621
4340	0.852621
4341	0.852621
4342	0.852621
4343	0.852621
4344	0.852621
4345	0.852621
4346	0.852621
4347	0.852621
4348	0.852621
4349	0.852621
4350	0.852621
4351	0.852621
4352	0.852621
4353	0.852621
4354	0.852621
4355	0.852621
4356	0.852621
4357	0.852621
4358	0.852621
4359	0.852621
4360	0.852621
4361	0.852621
4362	0.852621
4363	0.852621
4364	0.852621
4365	0.852621
4366	0.852621
4367	0.852621
4368	0.852621
4369	0.852621
4370	0.852621
4371	0.852621
4372	0.852621
4373	0.852621
4374	0.852621
4375	0.852621
4376	0.852621
4377	0.852621
4378	0.852621
4379	0.852621
4380	0.852621
4381	0.852621
4382	0.852621
4383	0.852621
4384	0.852621
4385	0.852621
4386	0.852621
4387	0.852621
4388	0.852621
4389	0.852621
4390	0.852621
4391	0.852621
4392	0.852621
4393	0.852621
4394	0.852621
4395	0.852621
4396	0.852621
4397	0.852621
4398	0.852621
4399	0.852621
4400	0.852621
4401	0.852621
4402	0.852621
4403	0.852621
4404	0.852621
4405	0.852621
4406	0.852621
4407	0.852621
4408	0.852621
4409	0.852621
4410	0.852621
4411	0.852621
4412	0.852621
4413	0.852621
4414	0.852621
4415	0.852621
4416	0.852621
4417	0.852621
4418	0.852621
4419	0.852621
4420	0.852621
4421	0.852621
4422	0.852621
4423	0.852621
4424	0.852621
4425	0.852621
4426	0.852621
4427	0.852621
4428	0.852621
4429	0.852621
4430	0.852621
4431	0.852621
4432	0.852621
4433	0.852621
4434	0.852621
4435	0.852621
4436	0.852621
4437	0.852621
4438	0.852621
4439	0.852621
4440	0.852621
4441	0.852621
4442	0.852621
4443	0.852621
4444	0.852621
4445	0.852621
4446	0.852621
4447	0.852621
4448	0.852621
4449	0.852621
4450	0.852621
4451	0.852621
4452	0.852621
4453	0.852621
4454	0.852621
4455	0.852621
4456	0.852621
4457	0.852621
4458	0.852621
4459	0.852621
4460	0.852621
4461	0.852621
4462	0.852621
4463	0.852621
4464	0.852621
4465	0.852621
4466	0.852621
4467	0.852621
4468	0.852621
4469	0.852621
4470	0.852621
4471	0.852621
4472	0.852621
4473	0.852621
4474	0.852621
4475	0.852621
4476	0.852621
4477	0.852621
4478	0.852621
4479	0.852621
4480	0.852621
4481	0.852621
4482	0.852621
4483	0.852621
4484	0.852621
4485	0.852621
4486	0.852621
4487	0.852621
4488	0.852621
4489	0.852621
4490	0.852621
4491	0.852621
4492	0.852621
4493	0.852621
4494	0.852621
4495	0.852621
4496	0.852621
4497	0.852621
4498	0.852621
4499	0.852621
4500	0.852621
4501	0.852621
4502	0.852621
4503	0.852621
4504	0.852621
4505	0.852621
4506	0.852621
4507	0.852621
4508	0.852621
4509	0.852621
4510	0.852621
4511	0.852621
4512	0.852621
4513	0.852621
4514	0.852621
4515	0.852621
4516	0.852621
4517	0.852621
4518	0.852621
4519	0.852621
4520	0.852621
4521	0.852621
4522	0.852621
4523	0.852621
4524	0.852621
4525	0.852621
4526	0.852621
4527	0.852621
4528	0.852621
4529	0.852621
4530	0.852621
4531	0.852621
4532	0.852621
4533	0.852621
4534	0.852621
4535	0.852621
4536	0.852621
4537	0.852621
4538	0.852621
4539	0.852621
4540	0.852621
4541	0.852621
4542	0.852621
4543	0.852621
4544	0.852621
4545	0.852621
4546	0.852621
4547	0.852621
4548	0.852621
4549	0.852621
4550	0.852621
4551	0.852621
4552	0.852621
4553	0.852621
4554	0.852621
4555	0.852621
4556	0.852621
4557	0.852621
4558	0.852621
4559	0.852621
4560	0.852621
4561	0.852621
4562	0.852621
4563	0.852621
4564	0.852621
4565	0.852621
4566	0.852621
4567	0.852621
4568	0.852621
4569	0.852621
4570	0.852621
4571	0.852621
4572	0.852621
4573	0.852621
4574	0.852621
4575	0.852621
4576	0.852621
4577	0.852621
4578	0.852621
4579	0.852621
4580	0.852621
4581	0.852621
4582	0.852621
4583	0.852621
4584	0.852621
4585	0.852621
4586	0.852621
4587	0.852621
4588	0.852621
4589	0.852621
4590	0.852621
4591	0.852621
4592	0.852621
4593	0.852621
4594	0.852621
4595	0.852621
4596	0.852621
4597	0.852621
4598	0.852621
4599	0.852621
4600	0.852621
4601	0.852621
4602	0.852621
4603	0.852621
4604	0.852621
4605	0.852621
4606	0.852621
4607	0.852621
4608	0.852621
4609	0.852621
4610	0.852621
4611	0.852621
4612	0.852621
4613	0.852621
4614	0.852621
4615	0.852621
4616	0.852621
4617	0.852621
4618	0.852621
4619	0.852621
4620	0.852621
4621	0.852621
4622	0.852621
4623	0.852621
4624	0.852621
4625	0.852621
4626	0.852621
4627	0.852621
4628	0.852621
4629	0.852621
4630	0.852621
4631	0.852621
4632	0.852621
4633	0.852621
4634	0.852621
4635	0.852621
4636	0.852621
4637	0.852621
4638	0.852621
4639	0.852621
4640	0.852621
4641	0.852621
4642	0.852621
4643	0.852621
4644	0.852621
4645	0.852621
4646	0.852621
4647	0.852621
4648	0.852621
4649	0.852621
4650	0.852621
4651	0.852621
4652	0.852621
4653	0.852621
4654	0.852621
4655	0.852621
4656	0.852621
4657	0.852621
4658	0.852621
4659	0.852621
4660	0.852621
4661	0.852621
4662	0.852621
4663	0.852621
4664	0.852621
4665	0.852621
4666	0.852621
4667	0.852621
4668	0.852621
4669	0.852621
4670	0.852621
4671	0.852621
4672	0.852621
4673	0.852621
4674	0.852621
4675	0.852621
4676	0.852621
4677	0.852621
4678	0.852621
4679	0.852621
4680	0.852621
4681	0.852621
4682	0.852621
4683	0.852621
4684	0.852621
4685	0.852621
4686	0.852621
4687	0.852621
4688	0.852621
4689	0.852621
4690	0.852621
4691	0.852621
4692	0.852621
4693	0.852621
4694	0.852621
4695	0.852621
4696	0.852621
4697	0.852621
4698	0.852621
4699	0.852621
4700	0.852621
4701	0.852621
4702	0.852621
4703	0.852621
4704	0.852621
4705	0.852621
4706	0.852621
4707	0.852621
4708	0.852621
4709	0.852621
4710	0.852621
4711	0.852621
4712	0.852621
4713	0.852621
4714	0.852621
4715	0.852621
4716	0.852621
4717	0.852621
4718	0.852621
4719	0.852621
4720	0.852621
4721	0.852621
4722	0.852621
4723	0.852621
4724	0.852621
4725	0.852621
4726	0.852621
4727	0.852621
4728	0.852621
4729	0.852621
4730	0.852621
4731	0.852621
4732	0.852621
4733	0.852621
4734	0.852621
4735	0.852621
4736	0.852621
4737	0.852621
4738	0.852621
4739	0.852621
4740	0.852621
4741	0.852621
4742	0.852621
4743	0.852621
4744	0.852621
4745	0.852621
4746	0.852621
4747	0.852621
4748	0.852621
4749	0.852621
4750	0.852621
4751	0.852621
4752	0.852621
4753	0.852621
4754	0.852621
4755	0.852621
4756	0.852621
4757	0.852621
4758	0.852621
4759	0.852621
4760	0.852621
4761	0.852621
4762	0.852621
4763	0.852621
4764	0.852621
4765	0.852621
4766	0.852621
4767	0.852621
4768	0.852621
4769	0.852621
4770	0.852621
4771	0.852621
4772	0.852621
4773	0.852621
4774	0.852621
4775	0.852621
4776	0.852621
4777	0.852621
4778	0.852621
4779	0.852621
4780	0.852621
4781	0.852621
4782	0.852621
4783	0.852621
4784	0.852621
4785	0.852621
4786	0.852621
4787	0.852621
4788	0.852621
4789	0.852621
4790	0.852621
4791	0.852621
4792	0.852621
4793	0.852621
4794	0.852621
4795	0.852621
4796	0.852621
4797	0.852621
4798	0.852621
4799	0.852621
4800	0.852621
4801	0.852621
4802	0.852621
4803	0.852621
4804	0.852621
4805	0.852621
4806	0.852621
4807	0.852621
4808	0.852621
4809	0.852621
4810	0.852621
4811	0.852621
4812	0.852621
4813	0.852621
4814	0.852621
4815	0.852621
4816	0.852621
4817	0.852621
4818	0.852621
4819	0.852621
4820	0.852621
4821	0.852621
4822	0.852621
4823	0.855825
4824	0.855825
4825	0.855825
4826	0.855825
4827	0.855825
4828	0.855825
4829	0.855825
4830	0.855825
4831	0.855825
4832	0.855825
4833	0.855825
4834	0.855825
4835	0.855825
4836	0.855825
4837	0.855825
4838	0.855825
4839	0.855825
4840	0.855825
4841	0.855825
4842	0.855825
4843	0.855825
4844	0.855825
4845	0.855825
4846	0.855825
4847	0.855825
4848	0.855825
4849	0.855825
4850	0.855825
4851	0.855825
4852	0.855825
4853	0.855825
4854	0.855825
4855	0.855825
4856	0.855825
4857	0.855825
4858	0.855825
4859	0.855825
4860	0.855825
4861	0.855825
4862	0.855825
4863	0.855825
4864	0.855825
4865	0.855825
4866	0.855825
4867	0.855825
4868	0.855825
4869	0.855825
4870	0.855825
4871	0.855825
4872	0.855825
4873	0.855825
4874	0.855825
4875	0.855825
4876	0.855825
4877	0.855825
4878	0.855825
4879	0.855825
4880	0.855825
4881	0.855825
4882	0.855825
4883	0.855825
4884	0.855825
4885	0.855825
4886	0.855825
4887	0.855825
4888	0.855825
4889	0.855825
4890	0.855825
4891	0.855825
4892	0.855825
4893	0.855825
4894	0.855825
4895	0.855825
4896	0.855825
4897	0.855825
4898	0.855825
4899	0.855825
4900	0.855825
4901	0.855825
4902	0.855825
4903	0.855825
4904	0.855825
4905	0.855825
4906	0.855825
4907	0.855825
4908	0.855825
4909	0.855825
4910	0.855825
4911	0.855825
4912	0.855825
4913	0.855825
4914	0.855825
4915	0.855825
4916	0.855825
4917	0.855825
4918	0.855825
4919	0.855825
4920	0.855825
4921	0.855825
4922	0.855825
4923	0.855825
4924	0.855825
4925	0.855825
4926	0.855825
4927	0.855825
4928	0.855825
4929	0.855825
4930	0.855825
4931	0.855825
4932	0.855825
4933	0.868641
4934	0.868641
4935	0.868641
4936	0.868641
4937	0.868641
4938	0.871845
4939	0.871845
4940	0.871845
4941	0.871845
4942	0.871845
4943	0.871845
4944	0.871845
4945	0.871845
4946	0.871845
4947	0.871845
4948	0.871845
4949	0.871845
4950	0.871845
4951	0.871845
4952	0.871845
4953	0.871845
4954	0.871845
4955	0.871845
4956	0.871845
4957	0.871845
4958	0.871845
4959	0.871845
4960	0.871845
4961	0.871845
4962	0.871845
4963	0.871845
4964	0.871845
4965	0.871845
4966	0.871845
4967	0.871845
4968	0.871845
4969	0.871845
4970	0.871845
4971	0.871845
4972	0.875049
4973	0.878252
4974	0.878252
4975	0.878252
4976	0.878252
4977	0.878252
4978	0.878252
4979	0.878252
4980	0.878252
4981	0.878252
4982	0.878252
4983	0.878252
4984	0.878252
4985	0.878252
4986	0.878252
4987	0.878252
4988	0.878252
4989	0.878252
4990	0.878252
4991	0.878252
4992	0.878252
4993	0.878252
4994	0.878252
4995	0.878252
4996	0.878252
4997	0.878252
4998	0.878252
4999	0.878252
5000	0.878252
5001	0.878252
5002	0.878252
5003	0.878252
5004	0.878252
5005	0.878252
5006	0.878252
5007	0.878252
5008	0.878252
5009	0.878252
5010	0.878252
5011	0.878252
5012	0.878252
5013	0.878252
5014	0.878252
5015	0.878252
5016	0.878252
5017	0.913495
5018	0.913495
5019	0.913495
5020	0.913495
5021	0.913495
5022	0.913495
5023	0.913495
5024	0.913495
5025	0.913495
5026	0.913495
5027	0.913495
5028	0.913495
5029	0.913495
5030	0.913495
5031	0.913495
5032	0.919903
5033	0.919903
5034	0.919903
5035	0.919903
5036	0.919903
5037	0.919903
5038	0.919903
5039	0.919903
5040	0.919903
5041	0.919903
5042	0.919903
5043	0.919903
5044	0.919903
5045	0.919903
5046	0.919903
5047	0.919903
5048	0.919903
5049	0.919903
5050	0.919903
5051	0.919903
5052	0.919903
5053	0.919903
5054	0.919903
5055	0.919903
5056	0.919903
5057	0.919903
5058	0.919903
5059	0.919903
5060	0.919903
5061	0.919903
5062	0.919903
5063	0.919903
5064	0.919903
5065	0.919903
5066	0.919903
5067	0.919903
5068	0.919903
5069	0.919903
5070	0.919903
5071	0.919903
5072	0.919903
5073	0.919903
5074	0.919903
5075	0.919903
5076	0.919903
5077	0.919903
5078	0.919903
5079	0.919903
5080	0.919903
5081	0.919903
5082	0.919903
5083	0.919903
5084	0.919903
5085	0.919903
5086	0.919903
5087	0.919903
5088	0.919903
5089	0.919903
5090	0.919903
5091	0.919903
5092	0.919903
5093	0.919903
5094	0.919903
5095	0.919903
5096	0.919903
5097	0.919903
5098	0.919903
5099	0.919903
5100	0.919903
5101	0.919903
5102	0.919903
5103	0.919903
5104	0.919903
5105	0.919903
5106	0.919903
5107	0.919903
5108	0.919903
5109	0.919903
5110	0.919903
5111	0.919903
5112	0.919903
5113	0.919903
5114	0.919903
5115	0.919903
5116	0.919903
5117	0.919903
5118	0.919903
5119	0.919903
5120	0.919903
5121	0.919903
5122	0.919903
5123	0.919903
5124	0.919903
5125	0.919903
5126	0.919903
5127	0.919903
5128	0.919903
5129	0.919903
5130	0.919903
5131	0.919903
5132	0.919903
5133	0.919903
5134	0.919903
5135	0.919903
5136	0.919903
5137	0.919903
5138	0.919903
5139	0.919903
5140	0.919903
5141	0.919903
5142	0.919903
5143	0.919903
5144	0.919903
5145	0.919903
5146	0.919903
5147	0.919903
5148	0.919903
5149	0.919903
5150	0.919903
5151	0.919903
5152	0.919903
5153	0.919903
5154	0.919903
5155	0.919903
5156	0.919903
5157	0.919903
5158	0.919903
5159	0.919903
5160	0.919903
5161	0.919903
5162	0.919903
5163	0.919903
5164	0.919903
5165	0.919903
5166	0.919903
5167	0.919903
5168	0.919903
5169	0.919903
5170	0.919903
5171	0.919903
5172	0.919903
5173	0.919903
5174	0.919903
5175	0.919903
5176	0.919903
5177	0.919903
5178	0.919903
5179	0.919903
5180	0.919903
5181	0.919903
5182	0.919903
5183	0.919903
5184	0.919903
5185	0.919903
5186	0.919903
5187	0.919903
5188	0.919903
5189	0.919903
5190	0.919903
5191	0.919903
5192	0.919903
5193	0.919903
5194	0.919903
5195	0.919903
5196	0.919903
5197	0.919903
5198	0.919903
5199	0.919903
5200	0.919903
5201	0.919903
5202	0.919903
5203	0.919903
5204	0.919903
5205	0.919903
5206	0.919903
5207	0.919903
5208	0.919903
5209	0.919903
5210	0.919903
5211	0.919903
5212	0.919903
5213	0.919903
5214	0.919903
5215	0.919903
5216	0.919903
5217	0.919903
5218	0.919903
5219	0.919903
5220	0.919903
5221	0.919903
5222	0.919903
5223	0.919903
5224	0.919903
5225	0.919903
5226	0.919903
5227	0.919903
5228	0.919903
5229	0.919903
5230	0.919903
5231	0.919903
5232	0.919903
5233	0.919903
5234	0.919903
5235	0.919903
5236	0.919903
5237	0.919903
5238	0.919903
5239	0.919903
5240	0.919903
5241	0.919903
5242	0.919903
5243	0.919903
5244	0.919903
5245	0.919903
5246	0.919903
5247	0.919903
5248	0.919903
5249	0.919903
5250	0.919903
5251	0.919903
5252	0.919903
5253	0.919903
5254	0.919903
5255	0.919903
5256	0.919903
5257	0.919903
5258	0.919903
5259	0.919903
5260	0.919903
5261	0.919903
5262	0.919903
5263	0.919903
5264	0.919903
5265	0.919903
5266	0.919903
5267	0.919903
5268	0.919903
5269	0.919903
5270	0.919903
5271	0.919903
5272	0.919903
5273	0.919903
5274	0.919903
5275	0.919903
5276	0.919903
5277	0.919903
5278	0.919903
5279	0.919903
5280	0.919903
5281	0.919903
5282	0.919903
5283	0.919903
5284	0.919903
5285	0.919903
5286	0.919903
5287	0.919903
5288	0.919903
5289	0.919903
5290	0.919903
5291	0.919903
5292	0.919903
5293	0.919903
5294	0.919903
5295	0.919903
5296	0.919903
5297	0.919903
5298	0.919903
5299	0.919903
5300	0.919903
5301	0.919903
5302	0.919903
5303	0.919903
5304	0.919903
5305	0.919903
5306	0.919903
5307	0.919903
5308	0.919903
5309	0.919903
5310	0.919903
5311	0.919903
5312	0.919903
5313	0.919903
5314	0.919903
5315	0.919903
5316	0.919903
5317	0.919903
5318	0.919903
5319	0.919903
5320	0.919903
5321	0.919903
5322	0.919903
5323	0.919903
5324	0.919903
5325	0.919903
5326	0.919903
5327	0.932718
5328	0.94233
5329	0.94233
5330	0.94233
5331	0.94233
5332	0.94233
5333	0.94233
5334	0.94233
5335	0.94233
5336	0.945534
5337	0.945534
5338	0.945534
5339	0.945534
5340	0.945534
5341	0.955146
5342	0.955146
5343	0.955146
5344	0.955146
5345	0.955146
5346	0.95835
5347	0.95835
5348	0.95835
5349	0.95835
5350	0.95835
5351	0.95835
5352	0.95835
5353	0.95835
5354	0.95835
5355	0.95835
5356	0.95835
5357	0.95835
5358	0.95835
5359	0.95835
5360	0.95835
5361	0.95835
5362	0.95835
5363	0.95835
5364	0.95835
5365	0.95835
5366	0.95835
5367	0.95835
5368	0.95835
5369	0.95835
5370	0.95835
5371	0.95835
5372	0.95835
5373	0.95835
5374	0.95835
5375	0.95835
5376	0.95835
5377	0.95835
5378	0.95835
5379	0.95835
5380	0.95835
5381	0.95835
5382	0.95835
5383	0.95835
5384	0.95835
5385	0.95835
5386	0.95835
5387	0.95835
5388	0.95835
5389	0.95835
5390	0.95835
5391	0.95835
5392	0.95835
5393	0.95835
5394	0.95835
5395	0.95835
5396	0.95835
5397	0.95835
5398	0.95835
5399	0.95835
5400	0.95835
5401	0.95835
5402	0.95835
5403	0.95835
5404	0.95835
5405	0.95835
5406	0.95835
5407	0.95835
5408	0.95835
5409	0.95835
5410	0.95835
5411	0.95835
5412	0.95835
5413	0.95835
5414	0.95835
5415	0.95835
5416	0.95835
5417	0.95835
5418	0.95835
5419	0.95835
5420	0.95835
5421	0.95835
5422	0.95835
5423	0.95835
5424	0.95835
5425	0.95835
5426	0.95835
5427	0.95835
5428	0.95835
5429	0.95835
5430	0.95835
5431	0.95835
5432	0.95835
5433	0.95835
5434	0.95835
5435	0.95835
5436	0.95835
5437	0.95835
5438	0.95835
5439	0.95835
5440	0.95835
5441	0.95835
5442	0.95835
5443	0.95835
5444	0.95835
5445	0.95835
5446	0.95835
5447	0.95835
5448	0.95835
5449	0.95835
5450	0.95835
5451	0.95835
5452	0.95835
5453	0.95835
5454	0.95835
5455	0.95835
5456	0.95835
5457	0.95835
5458	0.95835
5459	0.95835
5460	0.95835
5461	0.95835
5462	0.95835
5463	0.95835
5464	0.95835
5465	0.95835
5466	0.95835
5467	0.95835
5468	0.95835
5469	0.95835
5470	0.95835
5471	0.95835
5472	0.95835
5473	0.95835
5474	0.95835
5475	0.95835
5476	0.95835
5477	0.95835
5478	0.95835
5479	0.95835
5480	0.95835
5481	0.95835
5482	0.95835
5483	0.95835
5484	0.95835
5485	0.95835
5486	0.95835
5487	0.95835
5488	0.95835
5489	0.95835
5490	0.95835
5491	0.95835
5492	0.95835
5493	0.95835
5494	0.95835
5495	0.95835
5496	0.95835
5497	0.95835
5498	0.95835
5499	0.95835
5500	0.95835
5501	0.95835
5502	0.95835
5503	0.95835
5504	0.95835
5505	0.95835
5506	0.95835
5507	0.95835
5508	0.95835
5509	0.95835
5510	0.95835
5511	0.95835
5512	0.95835
5513	0.95835
5514	0.95835
5515	0.95835
5516	0.95835
5517	0.95835
5518	0.95835
5519	0.95835
5520	0.95835
5521	0.95835
5522	0.95835
5523	0.95835
5524	0.95835
5525	0.95835
5526	0.95835
5527	0.95835
5528	0.95835
5529	0.95835
5530	0.95835
5531	0.95835
5532	0.95835
5533	0.95835
5534	0.95835
5535	0.95835
5536	0.95835
5537	0.95835
5538	0.95835
5539	0.95835
5540	0.95835
5541	0.95835
5542	0.95835
5543	0.95835
5544	0.95835
5545	0.95835
5546	0.95835
5547	0.95835
5548	0.95835
5549	0.95835
5550	0.95835
5551	0.95835
5552	0.95835
5553	0.95835
5554	0.95835
5555	0.95835
5556	0.95835
5557	0.95835
5558	0.95835
5559	0.95835
5560	0.95835
5561	0.95835
5562	0.95835
5563	0.95835
5564	0.95835
5565	0.95835
5566	0.95835
5567	0.95835
5568	0.95835
5569	0.95835
5570	0.95835
5571	0.95835
5572	0.95835
5573	0.95835
5574	0.95835
5575	0.95835
5576	0.95835
5577	0.95835
5578	0.95835
5579	0.95835
5580	0.95835
5581	0.95835
5582	0.95835
5583	0.95835
5584	0.95835
5585	0.95835
5586	0.95835
5587	0.95835
5588	0.95835
5589	0.95835
5590	0.95835
5591	0.95835
5592	0.95835
5593	0.95835
5594	0.95835
5595	0.95835
5596	0.95835
5597	0.95835
5598	0.95835
5599	0.95835
5600	0.95835
5601	0.95835
5602	0.95835
5603	0.95835
5604	0.95835
5605	0.95835
5606	0.95835
5607	0.95835
5608	0.95835
5609	0.95835
5610	0.95835
5611	0.95835
5612	0.95835
5613	0.95835
5614	0.95835
5615	0.95835
5616	0.95835
5617	0.95835
5618	0.95835
5619	0.95835
5620	0.95835
5621	0.95835
5622	0.95835
5623	0.95835
5624	0.95835
5625	0.95835
5626	0.95835
5627	0.95835
5628	0.95835
5629	0.95835
5630	0.95835
5631	0.95835
5632	0.95835
5633	0.95835
5634	0.95835
5635	0.95835
5636	0.95835
5637	0.95835
5638	0.95835
5639	0.95835
5640	0.95835
5641	0.95835
5642	0.95835
5643	0.95835
5644	0.95835
5645	0.95835
5646	0.95835
5647	0.95835
5648	0.95835
5649	0.95835
5650	0.95835
5651	0.95835
5652	0.95835
5653	0.95835
5654	0.95835
5655	0.95835
5656	0.95835
5657	0.95835
5658	0.95835
5659	0.95835
5660	0.95835
5661	0.95835
5662	0.95835
5663	0.95835
5664	0.95835
5665	0.95835
5666	0.95835
5667	0.95835
5668	0.95835
5669	0.95835
5670	0.95835
5671	0.95835
5672	0.95835
5673	0.95835
5674	0.95835
5675	0.95835
5676	0.95835
5677	0.95835
5678	0.95835
5679	0.95835
5680	0.95835
5681	0.95835
5682	0.95835
5683	0.95835
5684	1
## No. organisms: 20
## Seeds        : 1475302474, 39291
## Runtime      : 0h 9m 24s.
## Started at   : Sun Oct 20 23:34:34 2019
## Ended at     : Sun Oct 20 23:43:58 2019
