1	0.530874
2	0.566214
3	0.59233
4	0.61165
5	0.61165
6	0.61165
7	0.634369
8	0.647379
9	0.650583
10	0.650583
11	0.650583
12	0.650583
13	0.650583
14	0.650583
15	0.650583
16	0.650583
17	0.663398
18	0.663398
19	0.663398
20	0.67301
21	0.67301
22	0.676214
23	0.685825
24	0.685825
25	0.685825
26	0.689029
27	0.692233
28	0.692233
29	0.692233
30	0.692233
31	0.692233
32	0.692233
33	0.724466
34	0.724466
35	0.724466
36	0.724466
37	0.730874
38	0.730874
39	0.730874
40	0.730874
41	0.730874
42	0.730874
43	0.734078
44	0.740485
45	0.743689
46	0.743689
47	0.743689
48	0.76932
49	0.772524
50	0.772524
51	0.772524
52	0.788544
53	0.798155
54	0.804563
55	0.804563
56	0.810971
57	0.810971
58	0.810971
59	0.810971
60	0.810971
61	0.810971
62	0.810971
63	0.810971
64	0.810971
65	0.810971
66	0.810971
67	0.810971
68	0.810971
69	0.814175
70	0.814175
71	0.814175
72	0.817379
73	0.817379
74	0.817379
75	0.817379
76	0.817379
77	0.817379
78	0.817379
79	0.817379
80	0.817379
81	0.817379
82	0.817379
83	0.817379
84	0.817379
85	0.817379
86	0.817379
87	0.817379
88	0.817379
89	0.817379
90	0.817379
91	0.817379
92	0.820583
93	0.820583
94	0.820583
95	0.820583
96	0.823786
97	0.823786
98	0.823786
99	0.823786
100	0.823786
101	0.830194
102	0.833398
103	0.833398
104	0.833398
105	0.833398
106	0.833398
107	0.833398
108	0.833398
109	0.839806
110	0.839806
111	0.839806
112	0.839806
113	0.839806
114	0.839806
115	0.839806
116	0.839806
117	0.839806
118	0.839806
119	0.839806
120	0.839806
121	0.839806
122	0.839806
123	0.849417
124	0.849417
125	0.855825
126	0.865437
127	0.865437
128	0.871845
129	0.871845
130	0.871845
131	0.871845
132	0.871845
133	0.871845
134	0.871845
135	0.878252
136	0.878252
137	0.878252
138	0.878252
139	0.878252
140	0.878252
141	0.878252
142	0.878252
143	0.878252
144	0.878252
145	0.878252
146	0.878252
147	0.878252
148	0.878252
149	0.878252
150	0.878252
151	0.878252
152	0.878252
153	0.878252
154	0.878252
155	0.878252
156	0.878252
157	0.878252
158	0.878252
159	0.878252
160	0.878252
161	0.878252
162	0.878252
163	0.878252
164	0.878252
165	0.878252
166	0.878252
167	0.878252
168	0.878252
169	0.878252
170	0.878252
171	0.878252
172	0.878252
173	0.878252
174	0.878252
175	0.878252
176	0.878252
177	0.878252
178	0.878252
179	0.878252
180	0.878252
181	0.878252
182	0.878252
183	0.878252
184	0.878252
185	0.878252
186	0.878252
187	0.878252
188	0.878252
189	0.878252
190	0.878252
191	0.878252
192	0.878252
193	0.878252
194	0.878252
195	0.878252
196	0.878252
197	0.878252
198	0.878252
199	0.878252
200	0.878252
201	0.878252
202	0.878252
203	0.878252
204	0.878252
205	0.878252
206	0.878252
207	0.878252
208	0.878252
209	0.878252
210	0.878252
211	0.878252
212	0.878252
213	0.878252
214	0.878252
215	0.878252
216	0.878252
217	0.878252
218	0.878252
219	0.878252
220	0.878252
221	0.878252
222	0.878252
223	0.878252
224	0.878252
225	0.878252
226	0.878252
227	0.878252
228	0.878252
229	0.878252
230	0.878252
231	0.878252
232	0.878252
233	0.878252
234	0.878252
235	0.878252
236	0.878252
237	0.878252
238	0.878252
239	0.878252
240	0.878252
241	0.878252
242	0.878252
243	0.878252
244	0.878252
245	0.878252
246	0.878252
247	0.878252
248	0.878252
249	0.878252
250	0.878252
251	0.878252
252	0.878252
253	0.878252
254	0.878252
255	0.878252
256	0.878252
257	0.878252
258	0.878252
259	0.878252
260	0.878252
261	0.878252
262	0.878252
263	0.878252
264	0.878252
265	0.878252
266	0.878252
267	0.878252
268	0.878252
269	0.878252
270	0.878252
271	0.878252
272	0.878252
273	0.878252
274	0.878252
275	0.878252
276	0.878252
277	0.878252
278	0.878252
279	0.878252
280	0.878252
281	0.878252
282	0.878252
283	0.878252
284	0.878252
285	0.878252
286	0.878252
287	0.878252
288	0.878252
289	0.878252
290	0.878252
291	0.878252
292	0.878252
293	0.878252
294	0.878252
295	0.878252
296	0.878252
297	0.878252
298	0.878252
299	0.878252
300	0.878252
301	0.878252
302	0.878252
303	0.878252
304	0.878252
305	0.878252
306	0.878252
307	0.878252
308	0.878252
309	0.878252
310	0.878252
311	0.878252
312	0.878252
313	0.878252
314	0.878252
315	0.878252
316	0.878252
317	0.878252
318	0.878252
319	0.878252
320	0.878252
321	0.878252
322	0.878252
323	0.878252
324	0.878252
325	0.878252
326	0.878252
327	0.878252
328	0.878252
329	0.878252
330	0.878252
331	0.878252
332	0.878252
333	0.878252
334	0.878252
335	0.878252
336	0.878252
337	0.878252
338	0.878252
339	0.878252
340	0.878252
341	0.878252
342	0.878252
343	0.878252
344	0.878252
345	0.878252
346	0.878252
347	0.878252
348	0.878252
349	0.878252
350	0.878252
351	0.878252
352	0.878252
353	0.878252
354	0.878252
355	0.878252
356	0.878252
357	0.878252
358	0.878252
359	0.878252
360	0.878252
361	0.878252
362	0.878252
363	0.878252
364	0.878252
365	0.878252
366	0.878252
367	0.878252
368	0.878252
369	0.878252
370	0.878252
371	0.878252
372	0.878252
373	0.878252
374	0.878252
375	0.878252
376	0.878252
377	0.878252
378	0.878252
379	0.878252
380	0.878252
381	0.878252
382	0.878252
383	0.878252
384	0.878252
385	0.878252
386	0.878252
387	0.878252
388	0.878252
389	0.878252
390	0.878252
391	0.878252
392	0.878252
393	0.878252
394	0.878252
395	0.878252
396	0.878252
397	0.878252
398	0.878252
399	0.878252
400	0.878252
401	0.878252
402	0.878252
403	0.878252
404	0.878252
405	0.878252
406	0.878252
407	0.878252
408	0.878252
409	0.878252
410	0.878252
411	0.878252
412	0.878252
413	0.878252
414	0.878252
415	0.878252
416	0.878252
417	0.878252
418	0.878252
419	0.878252
420	0.878252
421	0.878252
422	0.878252
423	0.878252
424	0.878252
425	0.878252
426	0.878252
427	0.878252
428	0.878252
429	0.878252
430	0.878252
431	0.878252
432	0.878252
433	0.878252
434	0.878252
435	0.878252
436	0.878252
437	0.878252
438	0.878252
439	0.878252
440	0.878252
441	0.878252
442	0.878252
443	0.878252
444	0.878252
445	0.878252
446	0.878252
447	0.878252
448	0.878252
449	0.878252
450	0.878252
451	0.878252
452	0.878252
453	0.878252
454	0.878252
455	0.878252
456	0.878252
457	0.878252
458	0.878252
459	0.878252
460	0.878252
461	0.878252
462	0.878252
463	0.878252
464	0.878252
465	0.878252
466	0.878252
467	0.878252
468	0.878252
469	0.878252
470	0.878252
471	0.878252
472	0.878252
473	0.878252
474	0.878252
475	0.878252
476	0.878252
477	0.878252
478	0.878252
479	0.878252
480	0.878252
481	0.878252
482	0.878252
483	0.878252
484	0.878252
485	0.878252
486	0.878252
487	0.878252
488	0.878252
489	0.878252
490	0.878252
491	0.878252
492	0.878252
493	0.878252
494	0.878252
495	0.878252
496	0.878252
497	0.878252
498	0.878252
499	0.878252
500	0.878252
501	0.878252
502	0.878252
503	0.878252
504	0.878252
505	0.878252
506	0.878252
507	0.878252
508	0.878252
509	0.878252
510	0.878252
511	0.878252
512	0.878252
513	0.878252
514	0.878252
515	0.878252
516	0.878252
517	0.878252
518	0.878252
519	0.878252
520	0.878252
521	0.878252
522	0.878252
523	0.878252
524	0.878252
525	0.878252
526	0.878252
527	0.878252
528	0.878252
529	0.878252
530	0.878252
531	0.878252
532	0.878252
533	0.878252
534	0.878252
535	0.878252
536	0.878252
537	0.878252
538	0.878252
539	0.878252
540	0.878252
541	0.878252
542	0.878252
543	0.878252
544	0.878252
545	0.878252
546	0.878252
547	0.878252
548	0.878252
549	0.878252
550	0.878252
551	0.878252
552	0.878252
553	0.878252
554	0.878252
555	0.878252
556	0.878252
557	0.878252
558	0.878252
559	0.878252
560	0.878252
561	0.878252
562	0.878252
563	0.878252
564	0.878252
565	0.878252
566	0.878252
567	0.878252
568	0.878252
569	0.878252
570	0.878252
571	0.878252
572	0.878252
573	0.878252
574	0.878252
575	0.878252
576	0.878252
577	0.878252
578	0.878252
579	0.878252
580	0.878252
581	0.878252
582	0.878252
583	0.878252
584	0.878252
585	0.878252
586	0.878252
587	0.878252
588	0.878252
589	0.878252
590	0.878252
591	0.878252
592	0.878252
593	0.878252
594	0.878252
595	0.878252
596	0.878252
597	0.878252
598	0.878252
599	0.878252
600	0.878252
601	0.878252
602	0.878252
603	0.878252
604	0.878252
605	0.878252
606	0.878252
607	0.878252
608	0.878252
609	0.878252
610	0.878252
611	0.878252
612	0.878252
613	0.878252
614	0.878252
615	0.878252
616	0.878252
617	0.878252
618	0.878252
619	0.878252
620	0.878252
621	0.878252
622	0.878252
623	0.878252
624	0.878252
625	0.878252
626	0.878252
627	0.878252
628	0.878252
629	0.878252
630	0.878252
631	0.878252
632	0.878252
633	0.878252
634	0.878252
635	0.878252
636	0.878252
637	0.878252
638	0.878252
639	0.878252
640	0.878252
641	0.878252
642	0.878252
643	0.878252
644	0.878252
645	0.878252
646	0.878252
647	0.878252
648	0.878252
649	0.878252
650	0.878252
651	0.878252
652	0.878252
653	0.878252
654	0.878252
655	0.878252
656	0.878252
657	0.878252
658	0.878252
659	0.878252
660	0.878252
661	0.878252
662	0.878252
663	0.878252
664	0.878252
665	0.878252
666	0.878252
667	0.878252
668	0.878252
669	0.878252
670	0.878252
671	0.878252
672	0.878252
673	0.878252
674	0.878252
675	0.878252
676	0.878252
677	0.878252
678	0.878252
679	0.878252
680	0.878252
681	0.878252
682	0.878252
683	0.878252
684	0.878252
685	0.878252
686	0.878252
687	0.878252
688	0.878252
689	0.878252
690	0.878252
691	0.878252
692	0.878252
693	0.878252
694	0.878252
695	0.878252
696	0.878252
697	0.878252
698	0.878252
699	0.878252
700	0.878252
701	0.878252
702	0.878252
703	0.878252
704	0.878252
705	0.878252
706	0.878252
707	0.878252
708	0.878252
709	0.878252
710	0.878252
711	0.878252
712	0.878252
713	0.878252
714	0.878252
715	0.878252
716	0.878252
717	0.878252
718	0.878252
719	0.878252
720	0.878252
721	0.878252
722	0.878252
723	0.878252
724	0.878252
725	0.878252
726	0.878252
727	0.878252
728	0.878252
729	0.878252
730	0.878252
731	0.878252
732	0.878252
733	0.878252
734	0.878252
735	0.878252
736	0.878252
737	0.878252
738	0.878252
739	0.878252
740	0.878252
741	0.878252
742	0.878252
743	0.878252
744	0.878252
745	0.878252
746	0.878252
747	0.878252
748	0.878252
749	0.878252
750	0.878252
751	0.878252
752	0.878252
753	0.878252
754	0.878252
755	0.878252
756	0.878252
757	0.878252
758	0.878252
759	0.878252
760	0.878252
761	0.878252
762	0.878252
763	0.878252
764	0.878252
765	0.878252
766	0.878252
767	0.878252
768	0.878252
769	0.878252
770	0.878252
771	0.878252
772	0.878252
773	0.878252
774	0.878252
775	0.878252
776	0.878252
777	0.878252
778	0.878252
779	0.878252
780	0.878252
781	0.878252
782	0.878252
783	0.878252
784	0.878252
785	0.878252
786	0.878252
787	0.878252
788	0.878252
789	0.878252
790	0.878252
791	0.878252
792	0.878252
793	0.878252
794	0.878252
795	0.878252
796	0.878252
797	0.878252
798	0.878252
799	0.878252
800	0.878252
801	0.878252
802	0.878252
803	0.878252
804	0.878252
805	0.878252
806	0.878252
807	0.878252
808	0.878252
809	0.878252
810	0.878252
811	0.878252
812	0.878252
813	0.878252
814	0.878252
815	0.878252
816	0.878252
817	0.878252
818	0.878252
819	0.878252
820	0.878252
821	0.878252
822	0.878252
823	0.878252
824	0.878252
825	0.878252
826	0.878252
827	0.878252
828	0.878252
829	0.878252
830	0.878252
831	0.878252
832	0.878252
833	0.878252
834	0.878252
835	0.878252
836	0.878252
837	0.878252
838	0.878252
839	0.878252
840	0.878252
841	0.878252
842	0.878252
843	0.878252
844	0.878252
845	0.878252
846	0.878252
847	0.878252
848	0.878252
849	0.878252
850	0.878252
851	0.878252
852	0.878252
853	0.878252
854	0.878252
855	0.878252
856	0.878252
857	0.878252
858	0.878252
859	0.878252
860	0.878252
861	0.878252
862	0.878252
863	0.878252
864	0.878252
865	0.878252
866	0.878252
867	0.878252
868	0.878252
869	0.878252
870	0.878252
871	0.878252
872	0.878252
873	0.878252
874	0.878252
875	0.878252
876	0.878252
877	0.878252
878	0.878252
879	0.878252
880	0.878252
881	0.878252
882	0.878252
883	0.878252
884	0.878252
885	0.878252
886	0.878252
887	0.878252
888	0.878252
889	0.878252
890	0.878252
891	0.878252
892	0.878252
893	0.878252
894	0.878252
895	0.878252
896	0.878252
897	0.878252
898	0.878252
899	0.878252
900	0.878252
901	0.878252
902	0.878252
903	0.878252
904	0.878252
905	0.878252
906	0.878252
907	0.903883
908	0.903883
909	0.903883
910	0.903883
911	0.903883
912	0.903883
913	0.903883
914	0.903883
915	0.903883
916	0.903883
917	0.903883
918	0.903883
919	0.916699
920	0.916699
921	0.916699
922	0.916699
923	0.916699
924	0.916699
925	0.916699
926	0.916699
927	0.916699
928	0.916699
929	0.916699
930	0.916699
931	0.916699
932	0.916699
933	0.916699
934	0.916699
935	0.916699
936	0.916699
937	0.916699
938	0.916699
939	0.916699
940	0.916699
941	0.916699
942	0.916699
943	0.916699
944	0.916699
945	0.916699
946	0.916699
947	0.916699
948	0.916699
949	0.916699
950	0.916699
951	0.916699
952	0.916699
953	0.916699
954	0.916699
955	0.916699
956	0.916699
957	0.916699
958	0.916699
959	0.916699
960	0.916699
961	0.916699
962	0.916699
963	0.916699
964	0.916699
965	0.916699
966	0.916699
967	0.916699
968	0.916699
969	0.916699
970	0.916699
971	0.916699
972	0.916699
973	0.916699
974	0.916699
975	0.916699
976	0.916699
977	0.916699
978	0.916699
979	0.916699
980	0.916699
981	0.916699
982	0.916699
983	0.916699
984	0.916699
985	0.916699
986	0.916699
987	0.916699
988	0.916699
989	0.916699
990	0.916699
991	0.916699
992	0.916699
993	0.916699
994	0.916699
995	0.916699
996	0.916699
997	0.916699
998	0.916699
999	0.916699
1000	0.916699
1001	0.916699
1002	0.916699
1003	0.916699
1004	0.916699
1005	0.916699
1006	0.916699
1007	0.916699
1008	0.916699
1009	0.916699
1010	0.916699
1011	0.916699
1012	0.916699
1013	0.916699
1014	0.916699
1015	0.916699
1016	0.916699
1017	0.916699
1018	0.916699
1019	0.916699
1020	0.916699
1021	0.916699
1022	0.916699
1023	0.916699
1024	0.916699
1025	0.916699
1026	0.916699
1027	0.916699
1028	0.916699
1029	0.916699
1030	0.916699
1031	0.916699
1032	0.916699
1033	0.916699
1034	0.916699
1035	0.916699
1036	0.916699
1037	0.916699
1038	0.916699
1039	0.916699
1040	0.916699
1041	0.916699
1042	0.916699
1043	0.916699
1044	0.916699
1045	0.916699
1046	0.916699
1047	0.916699
1048	0.916699
1049	0.916699
1050	0.916699
1051	0.916699
1052	0.916699
1053	0.916699
1054	0.916699
1055	0.916699
1056	0.916699
1057	0.916699
1058	0.916699
1059	0.916699
1060	0.916699
1061	0.916699
1062	0.916699
1063	0.916699
1064	0.916699
1065	0.916699
1066	0.916699
1067	0.916699
1068	0.916699
1069	0.916699
1070	0.916699
1071	0.916699
1072	0.916699
1073	0.916699
1074	0.916699
1075	0.916699
1076	0.916699
1077	0.916699
1078	0.916699
1079	0.916699
1080	0.916699
1081	0.916699
1082	0.916699
1083	0.916699
1084	0.916699
1085	0.916699
1086	0.916699
1087	0.916699
1088	0.916699
1089	0.916699
1090	0.916699
1091	0.916699
1092	0.916699
1093	0.916699
1094	0.916699
1095	0.916699
1096	0.916699
1097	0.916699
1098	0.916699
1099	0.916699
1100	0.916699
1101	0.916699
1102	0.916699
1103	0.916699
1104	0.916699
1105	0.916699
1106	0.916699
1107	0.916699
1108	0.916699
1109	0.916699
1110	0.916699
1111	0.916699
1112	0.916699
1113	0.916699
1114	0.916699
1115	0.916699
1116	0.916699
1117	0.916699
1118	0.916699
1119	0.916699
1120	0.916699
1121	0.916699
1122	0.916699
1123	0.916699
1124	0.916699
1125	0.916699
1126	0.916699
1127	0.916699
1128	0.916699
1129	0.916699
1130	0.916699
1131	0.916699
1132	0.916699
1133	0.916699
1134	0.916699
1135	0.916699
1136	0.916699
1137	0.916699
1138	0.916699
1139	0.916699
1140	0.916699
1141	0.916699
1142	0.916699
1143	0.916699
1144	0.916699
1145	0.916699
1146	0.916699
1147	0.916699
1148	0.916699
1149	0.916699
1150	0.916699
1151	0.916699
1152	0.916699
1153	0.916699
1154	0.916699
1155	0.916699
1156	0.916699
1157	0.916699
1158	0.916699
1159	0.916699
1160	0.916699
1161	0.916699
1162	0.916699
1163	0.916699
1164	0.916699
1165	0.916699
1166	0.916699
1167	0.916699
1168	0.916699
1169	0.916699
1170	0.916699
1171	0.916699
1172	0.916699
1173	0.916699
1174	0.916699
1175	0.916699
1176	0.916699
1177	0.916699
1178	0.916699
1179	0.916699
1180	0.916699
1181	0.916699
1182	0.916699
1183	0.916699
1184	0.916699
1185	0.916699
1186	0.916699
1187	0.916699
1188	0.916699
1189	0.916699
1190	0.916699
1191	0.916699
1192	0.916699
1193	0.916699
1194	0.916699
1195	0.916699
1196	0.916699
1197	0.916699
1198	0.916699
1199	0.916699
1200	0.916699
1201	0.916699
1202	0.916699
1203	0.916699
1204	0.916699
1205	0.916699
1206	0.916699
1207	0.916699
1208	0.916699
1209	0.916699
1210	0.916699
1211	0.916699
1212	0.916699
1213	0.916699
1214	0.916699
1215	0.916699
1216	0.916699
1217	0.916699
1218	0.916699
1219	0.916699
1220	0.916699
1221	0.916699
1222	0.916699
1223	0.916699
1224	0.916699
1225	0.916699
1226	0.916699
1227	0.916699
1228	0.916699
1229	0.916699
1230	0.916699
1231	0.916699
1232	0.916699
1233	0.916699
1234	0.916699
1235	0.916699
1236	0.916699
1237	0.916699
1238	0.916699
1239	0.916699
1240	0.916699
1241	0.916699
1242	0.916699
1243	0.916699
1244	0.916699
1245	0.916699
1246	0.916699
1247	0.916699
1248	0.916699
1249	0.916699
1250	0.916699
1251	0.916699
1252	0.916699
1253	0.916699
1254	0.916699
1255	0.916699
1256	0.916699
1257	0.916699
1258	0.916699
1259	0.916699
1260	0.916699
1261	0.916699
1262	0.916699
1263	0.916699
1264	0.916699
1265	0.916699
1266	0.916699
1267	0.916699
1268	0.916699
1269	0.916699
1270	0.916699
1271	0.916699
1272	0.916699
1273	0.916699
1274	0.916699
1275	0.916699
1276	0.916699
1277	0.916699
1278	0.916699
1279	0.916699
1280	0.916699
1281	0.916699
1282	0.916699
1283	0.916699
1284	0.916699
1285	0.916699
1286	0.916699
1287	0.916699
1288	0.916699
1289	0.916699
1290	0.916699
1291	0.916699
1292	0.916699
1293	0.916699
1294	0.916699
1295	0.916699
1296	0.916699
1297	0.916699
1298	0.916699
1299	0.916699
1300	0.916699
1301	0.916699
1302	0.916699
1303	0.916699
1304	0.916699
1305	0.916699
1306	0.916699
1307	0.916699
1308	0.916699
1309	0.916699
1310	0.916699
1311	0.916699
1312	0.916699
1313	0.916699
1314	0.916699
1315	0.916699
1316	0.916699
1317	0.916699
1318	0.916699
1319	0.916699
1320	0.916699
1321	0.916699
1322	0.916699
1323	0.916699
1324	0.916699
1325	0.916699
1326	0.916699
1327	0.916699
1328	0.916699
1329	0.916699
1330	0.916699
1331	0.916699
1332	0.916699
1333	0.916699
1334	0.916699
1335	0.916699
1336	0.916699
1337	0.916699
1338	0.916699
1339	0.916699
1340	0.916699
1341	0.916699
1342	0.916699
1343	0.916699
1344	0.916699
1345	0.916699
1346	0.916699
1347	0.916699
1348	0.916699
1349	0.916699
1350	0.916699
1351	0.916699
1352	0.916699
1353	0.916699
1354	0.916699
1355	0.916699
1356	0.916699
1357	0.916699
1358	0.916699
1359	0.916699
1360	0.916699
1361	0.916699
1362	0.916699
1363	0.916699
1364	0.916699
1365	0.916699
1366	0.916699
1367	0.916699
1368	0.916699
1369	0.916699
1370	0.916699
1371	0.916699
1372	0.916699
1373	0.916699
1374	0.916699
1375	0.916699
1376	0.916699
1377	0.916699
1378	0.916699
1379	0.916699
1380	0.916699
1381	0.916699
1382	0.916699
1383	0.916699
1384	0.916699
1385	0.916699
1386	0.916699
1387	0.916699
1388	0.916699
1389	0.916699
1390	0.916699
1391	0.916699
1392	0.916699
1393	0.916699
1394	0.916699
1395	0.916699
1396	0.916699
1397	0.916699
1398	0.916699
1399	0.916699
1400	0.916699
1401	0.916699
1402	0.916699
1403	0.916699
1404	0.916699
1405	0.916699
1406	0.916699
1407	0.916699
1408	0.916699
1409	0.916699
1410	0.916699
1411	0.916699
1412	0.916699
1413	0.916699
1414	0.916699
1415	0.916699
1416	0.916699
1417	0.916699
1418	0.916699
1419	0.916699
1420	0.916699
1421	0.916699
1422	0.916699
1423	0.916699
1424	0.916699
1425	0.916699
1426	0.916699
1427	0.916699
1428	0.916699
1429	0.916699
1430	0.916699
1431	0.916699
1432	0.916699
1433	0.916699
1434	0.916699
1435	0.916699
1436	0.916699
1437	0.916699
1438	0.916699
1439	0.916699
1440	0.916699
1441	0.916699
1442	0.916699
1443	0.916699
1444	0.916699
1445	0.916699
1446	0.916699
1447	0.916699
1448	0.916699
1449	0.916699
1450	0.916699
1451	0.916699
1452	0.916699
1453	0.916699
1454	0.916699
1455	0.916699
1456	0.916699
1457	0.916699
1458	0.916699
1459	0.916699
1460	0.916699
1461	0.916699
1462	0.916699
1463	0.916699
1464	0.916699
1465	0.916699
1466	0.916699
1467	0.916699
1468	0.916699
1469	0.916699
1470	0.916699
1471	0.916699
1472	0.916699
1473	0.916699
1474	0.916699
1475	0.916699
1476	0.916699
1477	0.916699
1478	0.916699
1479	0.916699
1480	0.916699
1481	0.916699
1482	0.916699
1483	0.916699
1484	0.916699
1485	0.916699
1486	0.916699
1487	0.916699
1488	0.916699
1489	0.916699
1490	0.916699
1491	0.916699
1492	0.916699
1493	0.916699
1494	0.916699
1495	0.916699
1496	0.916699
1497	0.916699
1498	0.916699
1499	0.916699
1500	0.916699
1501	0.916699
1502	0.916699
1503	0.916699
1504	0.916699
1505	0.916699
1506	0.916699
1507	0.916699
1508	0.916699
1509	0.916699
1510	0.916699
1511	0.916699
1512	0.916699
1513	0.916699
1514	0.916699
1515	0.916699
1516	0.916699
1517	0.916699
1518	0.916699
1519	0.916699
1520	0.916699
1521	0.916699
1522	0.916699
1523	0.916699
1524	0.916699
1525	0.916699
1526	0.916699
1527	0.916699
1528	0.916699
1529	0.916699
1530	0.916699
1531	0.916699
1532	0.916699
1533	0.916699
1534	0.916699
1535	0.916699
1536	0.916699
1537	0.916699
1538	0.916699
1539	0.916699
1540	0.916699
1541	0.916699
1542	0.916699
1543	0.916699
1544	0.916699
1545	0.916699
1546	0.916699
1547	0.916699
1548	0.916699
1549	0.916699
1550	0.916699
1551	0.916699
1552	0.916699
1553	0.916699
1554	0.916699
1555	0.916699
1556	0.916699
1557	0.916699
1558	0.916699
1559	0.916699
1560	0.916699
1561	0.916699
1562	0.916699
1563	0.916699
1564	0.916699
1565	0.916699
1566	0.916699
1567	0.916699
1568	0.916699
1569	0.916699
1570	0.916699
1571	0.916699
1572	0.916699
1573	0.916699
1574	0.916699
1575	0.916699
1576	0.916699
1577	0.916699
1578	0.916699
1579	0.916699
1580	0.916699
1581	0.916699
1582	0.916699
1583	0.916699
1584	0.916699
1585	0.916699
1586	0.916699
1587	0.916699
1588	0.916699
1589	0.916699
1590	0.916699
1591	0.916699
1592	0.916699
1593	0.916699
1594	0.916699
1595	0.916699
1596	0.916699
1597	0.916699
1598	0.916699
1599	0.916699
1600	0.916699
1601	0.916699
1602	0.916699
1603	0.916699
1604	0.916699
1605	0.916699
1606	0.916699
1607	0.916699
1608	0.916699
1609	0.916699
1610	0.916699
1611	0.916699
1612	0.916699
1613	0.916699
1614	0.916699
1615	0.916699
1616	0.916699
1617	0.916699
1618	0.916699
1619	0.916699
1620	0.916699
1621	0.916699
1622	0.916699
1623	0.916699
1624	0.916699
1625	0.916699
1626	0.916699
1627	0.916699
1628	0.916699
1629	0.916699
1630	0.916699
1631	0.916699
1632	0.916699
1633	0.916699
1634	0.916699
1635	0.916699
1636	0.916699
1637	0.916699
1638	0.916699
1639	0.916699
1640	0.916699
1641	0.916699
1642	0.916699
1643	0.916699
1644	0.916699
1645	0.916699
1646	0.916699
1647	0.916699
1648	0.916699
1649	0.916699
1650	0.916699
1651	0.916699
1652	0.916699
1653	0.916699
1654	0.916699
1655	0.916699
1656	0.916699
1657	0.916699
1658	0.916699
1659	0.916699
1660	0.916699
1661	0.916699
1662	0.916699
1663	0.916699
1664	0.916699
1665	0.916699
1666	0.916699
1667	0.916699
1668	0.916699
1669	0.916699
1670	0.916699
1671	0.916699
1672	0.916699
1673	0.916699
1674	0.916699
1675	0.916699
1676	0.916699
1677	0.916699
1678	0.916699
1679	0.916699
1680	0.916699
1681	0.916699
1682	0.916699
1683	0.916699
1684	0.916699
1685	0.916699
1686	0.916699
1687	0.916699
1688	0.916699
1689	0.916699
1690	0.916699
1691	0.916699
1692	0.916699
1693	0.916699
1694	0.916699
1695	0.916699
1696	0.916699
1697	0.916699
1698	0.916699
1699	0.916699
1700	0.916699
1701	0.916699
1702	0.916699
1703	0.916699
1704	0.916699
1705	0.916699
1706	0.916699
1707	0.916699
1708	0.916699
1709	0.916699
1710	0.916699
1711	0.916699
1712	0.916699
1713	0.916699
1714	0.916699
1715	0.916699
1716	0.916699
1717	0.916699
1718	0.916699
1719	0.916699
1720	0.916699
1721	0.916699
1722	0.916699
1723	0.916699
1724	0.916699
1725	0.916699
1726	0.916699
1727	0.916699
1728	0.916699
1729	0.916699
1730	0.916699
1731	0.916699
1732	0.916699
1733	0.916699
1734	0.916699
1735	0.916699
1736	0.916699
1737	0.916699
1738	0.916699
1739	0.916699
1740	0.916699
1741	0.916699
1742	0.916699
1743	0.916699
1744	0.916699
1745	0.916699
1746	0.916699
1747	0.916699
1748	0.916699
1749	0.916699
1750	0.916699
1751	0.916699
1752	0.916699
1753	0.916699
1754	0.916699
1755	0.916699
1756	0.916699
1757	0.916699
1758	0.916699
1759	0.916699
1760	0.916699
1761	0.916699
1762	0.916699
1763	0.916699
1764	0.916699
1765	0.916699
1766	0.916699
1767	0.916699
1768	0.916699
1769	0.916699
1770	0.916699
1771	0.916699
1772	0.916699
1773	0.916699
1774	0.916699
1775	0.916699
1776	0.916699
1777	0.916699
1778	0.916699
1779	0.916699
1780	0.916699
1781	0.916699
1782	0.916699
1783	0.916699
1784	0.916699
1785	0.916699
1786	0.916699
1787	0.916699
1788	0.916699
1789	0.916699
1790	0.916699
1791	0.916699
1792	0.916699
1793	0.916699
1794	0.916699
1795	0.916699
1796	0.916699
1797	0.916699
1798	0.916699
1799	0.916699
1800	0.916699
1801	0.916699
1802	0.916699
1803	0.916699
1804	0.916699
1805	0.916699
1806	0.916699
1807	0.916699
1808	0.916699
1809	0.916699
1810	0.916699
1811	0.916699
1812	0.916699
1813	0.916699
1814	0.916699
1815	0.916699
1816	0.916699
1817	0.916699
1818	0.916699
1819	0.916699
1820	0.916699
1821	0.916699
1822	0.916699
1823	0.916699
1824	0.916699
1825	0.916699
1826	0.916699
1827	0.916699
1828	0.916699
1829	0.916699
1830	0.916699
1831	0.916699
1832	0.916699
1833	0.916699
1834	0.916699
1835	0.916699
1836	0.916699
1837	0.916699
1838	0.916699
1839	0.916699
1840	0.916699
1841	0.916699
1842	0.916699
1843	0.916699
1844	0.916699
1845	0.916699
1846	0.916699
1847	0.916699
1848	0.916699
1849	0.916699
1850	0.916699
1851	0.916699
1852	0.916699
1853	0.916699
1854	0.916699
1855	0.916699
1856	0.916699
1857	0.916699
1858	0.916699
1859	0.916699
1860	0.916699
1861	0.916699
1862	0.916699
1863	0.916699
1864	0.916699
1865	0.916699
1866	0.916699
1867	0.916699
1868	0.916699
1869	0.916699
1870	0.916699
1871	0.916699
1872	0.916699
1873	0.916699
1874	0.916699
1875	0.916699
1876	0.916699
1877	0.916699
1878	0.916699
1879	0.916699
1880	0.916699
1881	0.916699
1882	0.916699
1883	0.916699
1884	0.916699
1885	0.916699
1886	0.916699
1887	0.916699
1888	0.916699
1889	0.916699
1890	0.916699
1891	0.916699
1892	0.916699
1893	0.916699
1894	0.916699
1895	0.916699
1896	0.916699
1897	0.916699
1898	0.916699
1899	0.916699
1900	0.916699
1901	0.916699
1902	0.916699
1903	0.916699
1904	0.916699
1905	0.916699
1906	0.916699
1907	0.916699
1908	0.916699
1909	0.916699
1910	0.916699
1911	0.916699
1912	0.916699
1913	0.916699
1914	0.916699
1915	0.916699
1916	0.916699
1917	0.916699
1918	0.916699
1919	0.916699
1920	0.916699
1921	0.916699
1922	0.916699
1923	0.916699
1924	0.916699
1925	0.916699
1926	0.916699
1927	0.916699
1928	0.916699
1929	0.916699
1930	0.916699
1931	0.916699
1932	0.916699
1933	0.916699
1934	0.916699
1935	0.916699
1936	0.916699
1937	0.916699
1938	0.916699
1939	0.916699
1940	0.916699
1941	0.916699
1942	0.916699
1943	0.916699
1944	0.916699
1945	0.916699
1946	0.916699
1947	0.916699
1948	0.916699
1949	0.916699
1950	0.916699
1951	0.916699
1952	0.916699
1953	0.916699
1954	0.916699
1955	0.916699
1956	0.916699
1957	0.916699
1958	0.916699
1959	0.916699
1960	0.916699
1961	0.916699
1962	0.916699
1963	0.916699
1964	0.916699
1965	0.916699
1966	0.916699
1967	0.916699
1968	0.916699
1969	0.916699
1970	0.916699
1971	0.916699
1972	0.916699
1973	0.916699
1974	0.916699
1975	0.916699
1976	0.916699
1977	0.916699
1978	0.916699
1979	0.916699
1980	0.916699
1981	0.916699
1982	0.916699
1983	0.916699
1984	0.916699
1985	0.916699
1986	0.916699
1987	0.916699
1988	0.916699
1989	0.916699
1990	0.916699
1991	0.916699
1992	0.916699
1993	0.916699
1994	0.916699
1995	0.916699
1996	0.916699
1997	0.916699
1998	0.916699
1999	0.916699
2000	0.916699
2001	0.916699
2002	0.916699
2003	0.916699
2004	0.916699
2005	0.916699
2006	0.916699
2007	0.916699
2008	0.916699
2009	0.916699
2010	0.916699
2011	0.916699
2012	0.916699
2013	0.916699
2014	0.916699
2015	0.916699
2016	0.916699
2017	0.916699
2018	0.916699
2019	0.916699
2020	0.916699
2021	0.916699
2022	0.916699
2023	0.916699
2024	0.916699
2025	0.916699
2026	0.916699
2027	0.916699
2028	0.916699
2029	0.916699
2030	0.916699
2031	0.916699
2032	0.916699
2033	0.916699
2034	0.916699
2035	0.916699
2036	0.916699
2037	0.916699
2038	0.916699
2039	0.916699
2040	0.916699
2041	0.916699
2042	0.916699
2043	0.916699
2044	0.916699
2045	0.916699
2046	0.916699
2047	0.916699
2048	0.916699
2049	0.916699
2050	0.916699
2051	0.916699
2052	0.916699
2053	0.916699
2054	0.916699
2055	0.916699
2056	0.916699
2057	0.916699
2058	0.916699
2059	0.916699
2060	0.916699
2061	0.916699
2062	0.916699
2063	0.916699
2064	0.916699
2065	0.916699
2066	0.916699
2067	0.916699
2068	0.916699
2069	0.916699
2070	0.916699
2071	0.916699
2072	0.916699
2073	0.916699
2074	0.916699
2075	0.916699
2076	0.916699
2077	0.916699
2078	0.916699
2079	0.916699
2080	0.916699
2081	0.916699
2082	0.916699
2083	0.916699
2084	0.916699
2085	0.916699
2086	0.916699
2087	0.916699
2088	0.916699
2089	0.916699
2090	0.916699
2091	0.916699
2092	0.916699
2093	0.916699
2094	0.916699
2095	0.916699
2096	0.916699
2097	0.916699
2098	0.916699
2099	0.916699
2100	0.916699
2101	0.916699
2102	0.916699
2103	0.916699
2104	0.916699
2105	0.916699
2106	0.916699
2107	0.916699
2108	0.916699
2109	0.916699
2110	0.916699
2111	0.916699
2112	0.916699
2113	0.916699
2114	0.916699
2115	0.916699
2116	0.916699
2117	0.916699
2118	0.916699
2119	0.916699
2120	0.916699
2121	0.916699
2122	0.916699
2123	0.916699
2124	0.916699
2125	0.916699
2126	0.916699
2127	0.916699
2128	0.916699
2129	0.916699
2130	0.916699
2131	0.916699
2132	0.916699
2133	0.916699
2134	0.916699
2135	0.916699
2136	0.916699
2137	0.916699
2138	0.916699
2139	0.916699
2140	0.916699
2141	0.916699
2142	0.916699
2143	0.916699
2144	0.916699
2145	0.916699
2146	0.916699
2147	0.916699
2148	0.916699
2149	0.916699
2150	0.916699
2151	0.916699
2152	0.916699
2153	0.916699
2154	0.916699
2155	0.916699
2156	0.916699
2157	0.916699
2158	0.916699
2159	0.916699
2160	0.916699
2161	0.916699
2162	0.916699
2163	0.916699
2164	0.916699
2165	0.916699
2166	0.916699
2167	0.916699
2168	0.916699
2169	0.916699
2170	0.916699
2171	0.916699
2172	0.916699
2173	0.916699
2174	0.916699
2175	0.916699
2176	0.916699
2177	0.916699
2178	0.916699
2179	0.916699
2180	0.916699
2181	0.916699
2182	0.916699
2183	0.916699
2184	0.916699
2185	0.916699
2186	0.916699
2187	0.916699
2188	0.916699
2189	0.916699
2190	0.916699
2191	0.916699
2192	0.916699
2193	0.916699
2194	0.916699
2195	0.916699
2196	0.916699
2197	0.916699
2198	0.916699
2199	0.916699
2200	0.916699
2201	0.916699
2202	0.916699
2203	0.916699
2204	0.916699
2205	0.916699
2206	0.916699
2207	0.916699
2208	0.916699
2209	0.916699
2210	0.916699
2211	0.916699
2212	0.916699
2213	0.916699
2214	0.916699
2215	0.916699
2216	0.916699
2217	0.916699
2218	0.916699
2219	0.916699
2220	0.916699
2221	0.916699
2222	0.916699
2223	0.916699
2224	0.916699
2225	0.916699
2226	0.916699
2227	0.916699
2228	0.916699
2229	0.916699
2230	0.916699
2231	0.916699
2232	0.916699
2233	0.916699
2234	0.916699
2235	0.916699
2236	0.916699
2237	0.916699
2238	0.916699
2239	0.916699
2240	0.916699
2241	0.916699
2242	0.916699
2243	0.916699
2244	0.916699
2245	0.916699
2246	0.916699
2247	0.916699
2248	0.916699
2249	0.916699
2250	0.916699
2251	0.916699
2252	0.916699
2253	0.916699
2254	0.916699
2255	0.916699
2256	0.916699
2257	0.916699
2258	0.916699
2259	0.916699
2260	0.916699
2261	0.916699
2262	0.916699
2263	0.916699
2264	0.916699
2265	0.916699
2266	0.916699
2267	0.916699
2268	0.916699
2269	0.916699
2270	0.916699
2271	0.916699
2272	0.916699
2273	0.916699
2274	0.916699
2275	0.916699
2276	0.916699
2277	0.916699
2278	0.916699
2279	0.916699
2280	0.916699
2281	0.916699
2282	0.916699
2283	0.916699
2284	0.916699
2285	0.916699
2286	0.916699
2287	0.916699
2288	0.916699
2289	0.916699
2290	0.916699
2291	0.916699
2292	0.916699
2293	0.916699
2294	0.916699
2295	0.916699
2296	0.916699
2297	0.916699
2298	0.916699
2299	0.916699
2300	0.916699
2301	0.916699
2302	0.916699
2303	0.916699
2304	0.916699
2305	0.916699
2306	0.916699
2307	0.916699
2308	0.916699
2309	0.916699
2310	0.916699
2311	0.916699
2312	0.916699
2313	0.916699
2314	0.916699
2315	0.916699
2316	0.916699
2317	0.916699
2318	0.916699
2319	0.916699
2320	0.916699
2321	0.916699
2322	0.916699
2323	0.916699
2324	0.916699
2325	0.916699
2326	0.916699
2327	0.916699
2328	0.916699
2329	0.916699
2330	0.916699
2331	0.916699
2332	0.916699
2333	0.916699
2334	0.916699
2335	0.916699
2336	0.916699
2337	0.916699
2338	0.916699
2339	0.916699
2340	0.916699
2341	0.916699
2342	0.916699
2343	0.916699
2344	0.916699
2345	0.916699
2346	0.916699
2347	0.916699
2348	0.916699
2349	0.916699
2350	0.916699
2351	0.916699
2352	0.916699
2353	0.916699
2354	0.916699
2355	0.916699
2356	0.916699
2357	0.916699
2358	0.916699
2359	0.916699
2360	0.916699
2361	0.916699
2362	0.916699
2363	0.916699
2364	0.916699
2365	0.916699
2366	0.916699
2367	0.916699
2368	0.916699
2369	0.916699
2370	0.916699
2371	0.916699
2372	0.916699
2373	0.916699
2374	0.916699
2375	0.916699
2376	0.916699
2377	0.916699
2378	0.916699
2379	0.916699
2380	0.916699
2381	0.916699
2382	0.916699
2383	0.916699
2384	0.916699
2385	0.916699
2386	0.916699
2387	0.916699
2388	0.916699
2389	0.916699
2390	0.916699
2391	0.916699
2392	0.916699
2393	0.916699
2394	0.916699
2395	0.916699
2396	0.916699
2397	0.916699
2398	0.916699
2399	0.916699
2400	0.916699
2401	0.916699
2402	0.916699
2403	0.916699
2404	0.916699
2405	0.916699
2406	0.916699
2407	0.916699
2408	0.916699
2409	0.916699
2410	0.916699
2411	0.916699
2412	0.916699
2413	0.916699
2414	0.916699
2415	0.916699
2416	0.916699
2417	0.916699
2418	0.916699
2419	0.916699
2420	0.916699
2421	0.916699
2422	0.916699
2423	0.916699
2424	0.916699
2425	0.916699
2426	0.916699
2427	0.916699
2428	0.916699
2429	0.916699
2430	0.916699
2431	0.916699
2432	0.916699
2433	0.916699
2434	0.916699
2435	0.916699
2436	0.916699
2437	0.916699
2438	0.916699
2439	0.916699
2440	0.916699
2441	0.916699
2442	0.916699
2443	0.916699
2444	0.916699
2445	0.916699
2446	0.916699
2447	0.916699
2448	0.916699
2449	0.916699
2450	0.916699
2451	0.916699
2452	0.916699
2453	0.916699
2454	0.916699
2455	0.916699
2456	0.916699
2457	0.916699
2458	0.916699
2459	0.916699
2460	0.916699
2461	0.916699
2462	0.916699
2463	0.916699
2464	0.916699
2465	0.916699
2466	0.916699
2467	0.916699
2468	0.916699
2469	0.916699
2470	0.916699
2471	0.916699
2472	0.916699
2473	0.916699
2474	0.916699
2475	0.916699
2476	0.916699
2477	0.916699
2478	0.916699
2479	0.916699
2480	0.916699
2481	0.916699
2482	0.916699
2483	0.916699
2484	0.916699
2485	0.916699
2486	0.916699
2487	0.916699
2488	0.916699
2489	0.916699
2490	0.916699
2491	0.916699
2492	0.916699
2493	0.916699
2494	0.916699
2495	0.916699
2496	0.916699
2497	0.916699
2498	0.916699
2499	0.916699
2500	0.916699
2501	0.916699
2502	0.916699
2503	0.916699
2504	0.916699
2505	0.916699
2506	0.916699
2507	0.916699
2508	0.916699
2509	0.916699
2510	0.916699
2511	0.916699
2512	0.916699
2513	0.916699
2514	0.916699
2515	0.916699
2516	0.916699
2517	0.916699
2518	0.916699
2519	0.916699
2520	0.916699
2521	0.916699
2522	0.916699
2523	0.916699
2524	0.916699
2525	0.916699
2526	0.916699
2527	0.916699
2528	0.916699
2529	0.916699
2530	0.916699
2531	0.916699
2532	0.916699
2533	0.916699
2534	0.916699
2535	0.916699
2536	0.916699
2537	0.916699
2538	0.916699
2539	0.916699
2540	0.916699
2541	0.916699
2542	0.916699
2543	0.916699
2544	0.916699
2545	0.916699
2546	0.916699
2547	0.916699
2548	0.916699
2549	0.916699
2550	0.916699
2551	0.916699
2552	0.916699
2553	0.916699
2554	0.916699
2555	0.916699
2556	0.916699
2557	0.916699
2558	0.916699
2559	0.916699
2560	0.916699
2561	0.916699
2562	0.916699
2563	0.916699
2564	0.916699
2565	0.916699
2566	0.916699
2567	0.916699
2568	0.916699
2569	0.916699
2570	0.916699
2571	0.916699
2572	0.916699
2573	0.916699
2574	0.916699
2575	0.916699
2576	0.916699
2577	0.916699
2578	0.916699
2579	0.916699
2580	0.916699
2581	0.916699
2582	0.916699
2583	0.916699
2584	0.916699
2585	0.916699
2586	0.916699
2587	0.916699
2588	0.916699
2589	0.916699
2590	0.916699
2591	0.916699
2592	0.916699
2593	0.916699
2594	0.916699
2595	0.916699
2596	0.916699
2597	0.916699
2598	0.916699
2599	0.916699
2600	0.916699
2601	0.916699
2602	0.916699
2603	0.916699
2604	0.916699
2605	0.916699
2606	0.916699
2607	0.916699
2608	0.916699
2609	0.916699
2610	0.916699
2611	0.916699
2612	0.916699
2613	0.916699
2614	0.916699
2615	0.916699
2616	0.916699
2617	0.916699
2618	0.916699
2619	0.916699
2620	0.916699
2621	0.916699
2622	0.916699
2623	0.916699
2624	0.916699
2625	0.916699
2626	0.916699
2627	0.916699
2628	0.916699
2629	0.916699
2630	0.916699
2631	0.916699
2632	0.916699
2633	0.916699
2634	0.916699
2635	0.916699
2636	0.916699
2637	0.916699
2638	0.916699
2639	0.916699
2640	0.916699
2641	0.916699
2642	0.916699
2643	0.916699
2644	0.916699
2645	0.916699
2646	0.916699
2647	0.916699
2648	0.916699
2649	0.916699
2650	0.916699
2651	0.916699
2652	0.916699
2653	0.916699
2654	0.916699
2655	0.916699
2656	0.916699
2657	0.916699
2658	0.916699
2659	0.916699
2660	0.916699
2661	0.916699
2662	0.916699
2663	0.916699
2664	0.916699
2665	0.916699
2666	0.916699
2667	0.916699
2668	0.916699
2669	0.916699
2670	0.916699
2671	0.916699
2672	0.916699
2673	0.916699
2674	0.916699
2675	0.916699
2676	0.916699
2677	0.916699
2678	0.916699
2679	0.916699
2680	0.916699
2681	0.916699
2682	0.916699
2683	0.916699
2684	0.916699
2685	0.916699
2686	0.916699
2687	0.916699
2688	0.916699
2689	0.916699
2690	0.916699
2691	0.916699
2692	0.916699
2693	0.916699
2694	0.916699
2695	0.916699
2696	0.916699
2697	0.916699
2698	0.916699
2699	0.916699
2700	0.916699
2701	0.916699
2702	0.916699
2703	0.916699
2704	0.916699
2705	0.916699
2706	0.916699
2707	0.916699
2708	0.916699
2709	0.916699
2710	0.916699
2711	0.916699
2712	0.916699
2713	0.916699
2714	0.916699
2715	0.916699
2716	0.916699
2717	0.916699
2718	0.916699
2719	0.916699
2720	0.916699
2721	0.916699
2722	0.916699
2723	0.916699
2724	0.916699
2725	0.916699
2726	0.916699
2727	0.916699
2728	0.916699
2729	0.916699
2730	0.916699
2731	0.916699
2732	0.916699
2733	0.916699
2734	0.916699
2735	0.916699
2736	0.916699
2737	0.916699
2738	0.916699
2739	0.916699
2740	0.916699
2741	0.916699
2742	0.916699
2743	0.916699
2744	0.916699
2745	0.916699
2746	0.916699
2747	0.916699
2748	0.916699
2749	0.916699
2750	0.916699
2751	0.916699
2752	0.916699
2753	0.916699
2754	0.916699
2755	0.916699
2756	0.916699
2757	0.916699
2758	0.916699
2759	0.916699
2760	0.916699
2761	0.916699
2762	0.916699
2763	0.916699
2764	0.916699
2765	0.916699
2766	0.916699
2767	0.916699
2768	0.916699
2769	0.916699
2770	0.916699
2771	0.916699
2772	0.916699
2773	0.916699
2774	0.916699
2775	0.916699
2776	0.916699
2777	0.916699
2778	0.916699
2779	0.916699
2780	0.916699
2781	0.916699
2782	0.916699
2783	0.916699
2784	0.916699
2785	0.916699
2786	0.916699
2787	0.916699
2788	0.916699
2789	0.916699
2790	0.916699
2791	0.916699
2792	0.916699
2793	0.916699
2794	0.916699
2795	0.916699
2796	0.916699
2797	0.916699
2798	0.916699
2799	0.916699
2800	0.916699
2801	0.916699
2802	0.916699
2803	0.916699
2804	0.916699
2805	0.916699
2806	0.916699
2807	0.916699
2808	0.916699
2809	0.916699
2810	0.916699
2811	0.916699
2812	0.916699
2813	0.916699
2814	0.916699
2815	0.916699
2816	0.916699
2817	0.916699
2818	0.916699
2819	0.916699
2820	0.916699
2821	0.916699
2822	0.916699
2823	0.916699
2824	0.916699
2825	0.916699
2826	0.916699
2827	0.916699
2828	0.916699
2829	0.916699
2830	0.916699
2831	0.916699
2832	0.916699
2833	0.916699
2834	0.916699
2835	0.916699
2836	0.916699
2837	0.916699
2838	0.916699
2839	0.916699
2840	0.916699
2841	0.916699
2842	0.916699
2843	0.916699
2844	0.916699
2845	0.916699
2846	0.916699
2847	0.916699
2848	0.916699
2849	0.916699
2850	0.916699
2851	0.916699
2852	0.916699
2853	0.916699
2854	0.916699
2855	0.916699
2856	0.916699
2857	0.916699
2858	0.916699
2859	0.916699
2860	0.916699
2861	0.916699
2862	0.916699
2863	0.916699
2864	0.916699
2865	0.916699
2866	0.916699
2867	0.916699
2868	0.916699
2869	0.916699
2870	0.916699
2871	0.916699
2872	0.916699
2873	0.916699
2874	0.916699
2875	0.916699
2876	0.916699
2877	0.916699
2878	0.916699
2879	0.916699
2880	0.916699
2881	0.916699
2882	0.916699
2883	0.916699
2884	0.916699
2885	0.916699
2886	0.916699
2887	0.916699
2888	0.916699
2889	0.916699
2890	0.916699
2891	0.916699
2892	0.916699
2893	0.916699
2894	0.916699
2895	0.916699
2896	0.916699
2897	0.916699
2898	0.916699
2899	0.916699
2900	0.916699
2901	0.916699
2902	0.916699
2903	0.916699
2904	0.916699
2905	0.916699
2906	0.916699
2907	0.916699
2908	0.916699
2909	0.916699
2910	0.916699
2911	0.916699
2912	0.916699
2913	0.916699
2914	0.916699
2915	0.916699
2916	0.916699
2917	0.916699
2918	0.916699
2919	0.916699
2920	0.916699
2921	0.916699
2922	0.916699
2923	0.916699
2924	0.916699
2925	0.916699
2926	0.916699
2927	0.916699
2928	0.916699
2929	0.916699
2930	0.916699
2931	0.916699
2932	0.916699
2933	0.916699
2934	0.916699
2935	0.916699
2936	0.916699
2937	0.916699
2938	0.916699
2939	0.916699
2940	0.916699
2941	0.916699
2942	0.916699
2943	0.916699
2944	0.916699
2945	0.916699
2946	0.916699
2947	0.916699
2948	0.916699
2949	0.916699
2950	0.916699
2951	0.916699
2952	0.916699
2953	0.916699
2954	0.916699
2955	0.916699
2956	0.916699
2957	0.916699
2958	0.916699
2959	0.916699
2960	0.916699
2961	0.916699
2962	0.916699
2963	0.916699
2964	0.916699
2965	0.916699
2966	0.916699
2967	0.916699
2968	0.916699
2969	0.916699
2970	0.916699
2971	0.916699
2972	0.916699
2973	0.916699
2974	0.916699
2975	0.916699
2976	0.916699
2977	0.916699
2978	0.916699
2979	0.916699
2980	0.916699
2981	0.916699
2982	0.916699
2983	0.916699
2984	0.916699
2985	0.916699
2986	0.916699
2987	0.916699
2988	0.916699
2989	0.916699
2990	0.916699
2991	0.916699
2992	0.916699
2993	0.916699
2994	0.916699
2995	0.916699
2996	0.916699
2997	0.916699
2998	0.916699
2999	0.916699
3000	0.916699
3001	0.916699
3002	0.916699
3003	0.916699
3004	0.916699
3005	0.916699
3006	0.916699
3007	0.916699
3008	0.916699
3009	0.916699
3010	0.916699
3011	0.916699
3012	0.916699
3013	0.916699
3014	0.916699
3015	0.916699
3016	0.916699
3017	0.916699
3018	0.916699
3019	0.916699
3020	0.916699
3021	0.916699
3022	0.916699
3023	0.916699
3024	0.916699
3025	0.916699
3026	0.916699
3027	0.916699
3028	0.916699
3029	0.916699
3030	0.916699
3031	0.916699
3032	0.916699
3033	0.916699
3034	0.916699
3035	0.916699
3036	0.916699
3037	0.916699
3038	0.916699
3039	0.916699
3040	0.916699
3041	0.916699
3042	0.916699
3043	0.916699
3044	0.916699
3045	0.916699
3046	0.916699
3047	0.916699
3048	0.916699
3049	0.916699
3050	0.916699
3051	0.916699
3052	0.916699
3053	0.916699
3054	0.916699
3055	0.916699
3056	0.916699
3057	0.916699
3058	0.916699
3059	0.916699
3060	0.916699
3061	0.916699
3062	0.916699
3063	0.916699
3064	0.916699
3065	0.916699
3066	0.916699
3067	0.916699
3068	0.916699
3069	0.916699
3070	0.916699
3071	0.916699
3072	0.916699
3073	0.916699
3074	0.916699
3075	0.916699
3076	0.916699
3077	0.916699
3078	0.916699
3079	0.916699
3080	0.916699
3081	0.916699
3082	0.916699
3083	0.916699
3084	0.916699
3085	0.916699
3086	0.916699
3087	0.916699
3088	0.916699
3089	0.916699
3090	0.916699
3091	0.916699
3092	0.916699
3093	0.916699
3094	0.916699
3095	0.916699
3096	0.916699
3097	0.916699
3098	0.916699
3099	0.916699
3100	0.916699
3101	0.916699
3102	0.916699
3103	0.916699
3104	0.916699
3105	0.916699
3106	0.916699
3107	0.916699
3108	0.916699
3109	0.916699
3110	0.916699
3111	0.916699
3112	0.916699
3113	0.916699
3114	0.916699
3115	0.916699
3116	0.916699
3117	0.916699
3118	0.916699
3119	0.916699
3120	0.916699
3121	0.916699
3122	0.916699
3123	0.916699
3124	0.916699
3125	0.916699
3126	0.916699
3127	0.916699
3128	0.916699
3129	0.916699
3130	0.916699
3131	0.916699
3132	0.916699
3133	0.916699
3134	0.916699
3135	0.916699
3136	0.916699
3137	0.916699
3138	0.916699
3139	0.916699
3140	0.916699
3141	0.916699
3142	0.916699
3143	0.916699
3144	0.916699
3145	0.916699
3146	0.916699
3147	0.916699
3148	0.916699
3149	0.916699
3150	0.916699
3151	0.916699
3152	0.916699
3153	0.916699
3154	0.916699
3155	0.916699
3156	0.916699
3157	0.916699
3158	0.916699
3159	0.916699
3160	0.916699
3161	0.916699
3162	0.916699
3163	0.916699
3164	0.916699
3165	0.916699
3166	0.916699
3167	0.916699
3168	0.916699
3169	0.916699
3170	0.916699
3171	0.916699
3172	0.916699
3173	0.916699
3174	0.916699
3175	0.916699
3176	0.916699
3177	0.916699
3178	0.916699
3179	0.916699
3180	0.916699
3181	0.916699
3182	0.916699
3183	0.916699
3184	0.916699
3185	0.916699
3186	0.916699
3187	0.916699
3188	0.916699
3189	0.916699
3190	0.916699
3191	0.916699
3192	0.916699
3193	0.916699
3194	0.916699
3195	0.916699
3196	0.916699
3197	0.916699
3198	0.916699
3199	0.916699
3200	0.916699
3201	0.916699
3202	0.916699
3203	0.916699
3204	0.916699
3205	0.916699
3206	0.916699
3207	0.916699
3208	0.916699
3209	0.916699
3210	0.916699
3211	0.916699
3212	0.916699
3213	0.916699
3214	0.916699
3215	0.916699
3216	0.916699
3217	0.916699
3218	0.916699
3219	0.916699
3220	0.916699
3221	0.916699
3222	0.916699
3223	0.916699
3224	0.916699
3225	0.916699
3226	0.916699
3227	0.916699
3228	0.916699
3229	0.916699
3230	0.916699
3231	0.916699
3232	0.916699
3233	0.916699
3234	0.916699
3235	0.916699
3236	0.916699
3237	0.916699
3238	0.916699
3239	0.916699
3240	0.916699
3241	0.916699
3242	0.916699
3243	0.916699
3244	0.916699
3245	0.916699
3246	0.916699
3247	0.916699
3248	0.916699
3249	0.916699
3250	0.916699
3251	0.916699
3252	0.916699
3253	0.916699
3254	0.916699
3255	0.916699
3256	0.916699
3257	0.916699
3258	0.916699
3259	0.916699
3260	0.916699
3261	0.916699
3262	0.916699
3263	0.916699
3264	0.916699
3265	0.916699
3266	0.916699
3267	0.916699
3268	0.916699
3269	0.916699
3270	0.916699
3271	0.916699
3272	0.916699
3273	0.916699
3274	0.916699
3275	0.916699
3276	0.916699
3277	0.916699
3278	0.916699
3279	0.916699
3280	0.916699
3281	0.916699
3282	0.916699
3283	0.916699
3284	0.916699
3285	0.916699
3286	0.916699
3287	0.916699
3288	0.916699
3289	0.916699
3290	0.916699
3291	0.916699
3292	0.916699
3293	0.916699
3294	0.916699
3295	0.916699
3296	0.916699
3297	0.916699
3298	0.916699
3299	0.916699
3300	0.916699
3301	0.916699
3302	0.916699
3303	0.916699
3304	0.916699
3305	0.916699
3306	0.916699
3307	0.916699
3308	0.916699
3309	0.916699
3310	0.916699
3311	0.916699
3312	0.916699
3313	0.916699
3314	0.916699
3315	0.916699
3316	0.916699
3317	0.916699
3318	0.916699
3319	0.916699
3320	0.916699
3321	0.916699
3322	0.916699
3323	0.916699
3324	0.916699
3325	0.916699
3326	0.916699
3327	0.916699
3328	0.916699
3329	0.916699
3330	0.916699
3331	0.916699
3332	0.916699
3333	0.916699
3334	0.916699
3335	0.916699
3336	0.916699
3337	0.916699
3338	0.916699
3339	0.916699
3340	0.916699
3341	0.916699
3342	0.916699
3343	0.916699
3344	0.916699
3345	0.916699
3346	0.916699
3347	0.916699
3348	0.916699
3349	0.916699
3350	0.916699
3351	0.916699
3352	0.916699
3353	0.916699
3354	0.916699
3355	0.916699
3356	0.916699
3357	0.916699
3358	0.916699
3359	0.916699
3360	0.916699
3361	0.916699
3362	0.916699
3363	0.916699
3364	0.916699
3365	0.916699
3366	0.916699
3367	0.916699
3368	0.916699
3369	0.916699
3370	0.916699
3371	0.916699
3372	0.916699
3373	0.916699
3374	0.916699
3375	0.916699
3376	0.916699
3377	0.916699
3378	0.916699
3379	0.916699
3380	0.916699
3381	0.916699
3382	0.916699
3383	0.916699
3384	0.916699
3385	0.916699
3386	0.916699
3387	0.916699
3388	0.916699
3389	0.916699
3390	0.916699
3391	0.916699
3392	0.916699
3393	0.916699
3394	0.916699
3395	0.916699
3396	0.916699
3397	0.916699
3398	0.916699
3399	0.916699
3400	0.916699
3401	0.916699
3402	0.916699
3403	0.916699
3404	0.916699
3405	0.916699
3406	0.916699
3407	0.916699
3408	0.916699
3409	0.916699
3410	0.916699
3411	0.916699
3412	0.916699
3413	0.916699
3414	0.916699
3415	0.916699
3416	0.916699
3417	0.916699
3418	0.916699
3419	0.916699
3420	0.916699
3421	0.916699
3422	0.916699
3423	0.916699
3424	0.916699
3425	0.916699
3426	0.916699
3427	0.916699
3428	0.916699
3429	0.916699
3430	0.916699
3431	0.916699
3432	0.916699
3433	0.916699
3434	0.916699
3435	0.916699
3436	0.916699
3437	0.916699
3438	0.916699
3439	0.916699
3440	0.916699
3441	0.916699
3442	0.916699
3443	0.916699
3444	0.916699
3445	0.916699
3446	0.916699
3447	0.916699
3448	0.916699
3449	0.916699
3450	0.916699
3451	0.916699
3452	0.916699
3453	0.916699
3454	0.916699
3455	0.916699
3456	0.916699
3457	0.916699
3458	0.916699
3459	0.916699
3460	0.916699
3461	0.916699
3462	0.916699
3463	0.916699
3464	0.916699
3465	0.916699
3466	0.916699
3467	0.916699
3468	0.916699
3469	0.916699
3470	0.916699
3471	0.916699
3472	0.916699
3473	0.916699
3474	0.916699
3475	0.916699
3476	0.916699
3477	0.916699
3478	0.916699
3479	0.916699
3480	0.916699
3481	0.916699
3482	0.916699
3483	0.916699
3484	0.916699
3485	0.916699
3486	0.916699
3487	0.916699
3488	0.916699
3489	0.916699
3490	0.916699
3491	0.916699
3492	0.916699
3493	0.916699
3494	0.916699
3495	0.916699
3496	0.916699
3497	0.916699
3498	0.916699
3499	0.916699
3500	0.916699
3501	0.916699
3502	0.916699
3503	0.916699
3504	0.916699
3505	0.916699
3506	0.916699
3507	0.916699
3508	0.916699
3509	0.916699
3510	0.916699
3511	0.916699
3512	0.916699
3513	0.916699
3514	0.916699
3515	0.916699
3516	0.916699
3517	0.916699
3518	0.916699
3519	0.916699
3520	0.916699
3521	0.916699
3522	0.916699
3523	0.916699
3524	0.916699
3525	0.916699
3526	0.916699
3527	0.916699
3528	0.916699
3529	0.916699
3530	0.916699
3531	0.916699
3532	0.916699
3533	0.916699
3534	0.916699
3535	0.916699
3536	0.916699
3537	0.916699
3538	0.916699
3539	0.916699
3540	0.916699
3541	0.916699
3542	0.916699
3543	0.916699
3544	0.916699
3545	0.916699
3546	0.916699
3547	0.916699
3548	0.916699
3549	0.916699
3550	0.916699
3551	0.916699
3552	0.916699
3553	0.916699
3554	0.916699
3555	0.916699
3556	0.916699
3557	0.916699
3558	0.916699
3559	0.916699
3560	0.916699
3561	0.916699
3562	0.916699
3563	0.916699
3564	0.916699
3565	0.916699
3566	0.916699
3567	0.916699
3568	0.916699
3569	0.916699
3570	0.916699
3571	0.916699
3572	0.916699
3573	0.916699
3574	0.916699
3575	0.916699
3576	0.916699
3577	0.916699
3578	0.916699
3579	0.916699
3580	0.916699
3581	0.916699
3582	0.916699
3583	0.916699
3584	0.916699
3585	0.916699
3586	0.916699
3587	0.916699
3588	0.916699
3589	0.916699
3590	0.916699
3591	0.916699
3592	0.916699
3593	0.916699
3594	0.916699
3595	0.916699
3596	0.916699
3597	0.916699
3598	0.916699
3599	0.916699
3600	0.916699
3601	0.916699
3602	0.916699
3603	0.916699
3604	0.916699
3605	0.916699
3606	0.916699
3607	0.916699
3608	0.916699
3609	0.916699
3610	0.916699
3611	0.916699
3612	0.916699
3613	0.916699
3614	0.916699
3615	0.916699
3616	0.916699
3617	0.916699
3618	0.916699
3619	0.916699
3620	0.916699
3621	0.916699
3622	0.916699
3623	0.916699
3624	0.916699
3625	0.916699
3626	0.916699
3627	0.916699
3628	0.916699
3629	0.916699
3630	0.916699
3631	0.916699
3632	0.916699
3633	0.916699
3634	0.916699
3635	0.916699
3636	0.916699
3637	0.916699
3638	0.916699
3639	0.916699
3640	0.916699
3641	0.916699
3642	0.916699
3643	0.916699
3644	0.916699
3645	0.916699
3646	0.916699
3647	0.916699
3648	0.916699
3649	0.916699
3650	0.916699
3651	0.916699
3652	0.916699
3653	0.916699
3654	0.916699
3655	0.916699
3656	0.916699
3657	0.916699
3658	0.916699
3659	0.916699
3660	0.916699
3661	0.916699
3662	0.916699
3663	0.916699
3664	0.916699
3665	0.916699
3666	0.916699
3667	0.916699
3668	0.916699
3669	0.916699
3670	0.916699
3671	0.916699
3672	0.916699
3673	0.916699
3674	0.916699
3675	0.916699
3676	0.916699
3677	0.916699
3678	0.916699
3679	0.916699
3680	0.916699
3681	0.916699
3682	0.916699
3683	0.916699
3684	0.916699
3685	0.916699
3686	0.916699
3687	0.916699
3688	0.916699
3689	0.916699
3690	0.916699
3691	0.916699
3692	0.916699
3693	0.916699
3694	0.916699
3695	0.916699
3696	0.916699
3697	0.916699
3698	0.916699
3699	0.916699
3700	0.916699
3701	0.916699
3702	0.916699
3703	0.916699
3704	0.916699
3705	0.916699
3706	0.916699
3707	0.916699
3708	0.916699
3709	0.916699
3710	0.916699
3711	0.916699
3712	0.916699
3713	0.916699
3714	0.916699
3715	0.916699
3716	0.916699
3717	0.916699
3718	0.916699
3719	0.916699
3720	0.916699
3721	0.916699
3722	0.916699
3723	0.916699
3724	0.916699
3725	0.916699
3726	0.916699
3727	0.916699
3728	0.916699
3729	0.916699
3730	0.916699
3731	0.916699
3732	0.916699
3733	0.916699
3734	0.916699
3735	0.916699
3736	0.916699
3737	0.916699
3738	0.916699
3739	0.916699
3740	0.916699
3741	0.916699
3742	0.916699
3743	0.916699
3744	0.916699
3745	0.916699
3746	0.916699
3747	0.916699
3748	0.916699
3749	0.916699
3750	0.916699
3751	0.916699
3752	0.916699
3753	0.916699
3754	0.916699
3755	0.916699
3756	0.916699
3757	0.916699
3758	0.916699
3759	0.916699
3760	0.916699
3761	0.916699
3762	0.916699
3763	0.916699
3764	0.916699
3765	0.916699
3766	0.916699
3767	0.916699
3768	0.916699
3769	0.916699
3770	0.916699
3771	0.916699
3772	0.916699
3773	0.916699
3774	0.916699
3775	0.916699
3776	0.916699
3777	0.916699
3778	0.916699
3779	0.916699
3780	0.916699
3781	0.916699
3782	0.916699
3783	0.916699
3784	0.916699
3785	0.916699
3786	0.916699
3787	0.916699
3788	0.916699
3789	0.916699
3790	0.916699
3791	0.916699
3792	0.916699
3793	0.916699
3794	0.916699
3795	0.916699
3796	0.916699
3797	0.916699
3798	0.916699
3799	0.916699
3800	0.916699
3801	0.916699
3802	0.916699
3803	0.916699
3804	0.916699
3805	0.916699
3806	0.916699
3807	0.916699
3808	0.916699
3809	0.916699
3810	0.916699
3811	0.916699
3812	0.916699
3813	0.916699
3814	0.916699
3815	0.916699
3816	0.916699
3817	0.916699
3818	0.916699
3819	0.916699
3820	0.916699
3821	0.916699
3822	0.916699
3823	0.916699
3824	0.916699
3825	0.916699
3826	0.916699
3827	0.916699
3828	0.916699
3829	0.916699
3830	0.916699
3831	0.916699
3832	0.916699
3833	0.916699
3834	0.916699
3835	0.916699
3836	0.916699
3837	0.916699
3838	0.916699
3839	0.916699
3840	0.916699
3841	0.916699
3842	0.916699
3843	0.916699
3844	0.916699
3845	0.916699
3846	0.916699
3847	0.916699
3848	0.916699
3849	0.916699
3850	0.916699
3851	0.916699
3852	0.916699
3853	0.916699
3854	0.916699
3855	0.916699
3856	0.916699
3857	0.916699
3858	0.916699
3859	0.916699
3860	0.916699
3861	0.916699
3862	0.916699
3863	0.916699
3864	0.916699
3865	0.916699
3866	0.916699
3867	0.916699
3868	0.916699
3869	0.916699
3870	0.916699
3871	0.916699
3872	0.916699
3873	0.916699
3874	0.916699
3875	0.916699
3876	0.916699
3877	0.916699
3878	0.916699
3879	0.916699
3880	0.916699
3881	0.916699
3882	0.916699
3883	0.916699
3884	0.916699
3885	0.916699
3886	0.916699
3887	0.916699
3888	0.916699
3889	0.916699
3890	0.916699
3891	0.916699
3892	0.916699
3893	0.916699
3894	0.916699
3895	0.916699
3896	0.916699
3897	0.916699
3898	0.916699
3899	0.916699
3900	0.916699
3901	0.916699
3902	0.916699
3903	0.916699
3904	0.916699
3905	0.916699
3906	0.916699
3907	0.916699
3908	0.916699
3909	0.916699
3910	0.916699
3911	0.916699
3912	0.916699
3913	0.916699
3914	0.916699
3915	0.916699
3916	0.916699
3917	0.916699
3918	0.916699
3919	0.916699
3920	0.916699
3921	0.916699
3922	0.916699
3923	0.916699
3924	0.916699
3925	0.916699
3926	0.916699
3927	0.916699
3928	0.916699
3929	0.916699
3930	0.916699
3931	0.916699
3932	0.916699
3933	0.916699
3934	0.916699
3935	0.916699
3936	0.916699
3937	0.916699
3938	0.916699
3939	0.916699
3940	0.916699
3941	0.916699
3942	0.916699
3943	0.916699
3944	0.916699
3945	0.916699
3946	0.916699
3947	0.916699
3948	0.916699
3949	0.916699
3950	0.916699
3951	0.916699
3952	0.916699
3953	0.916699
3954	0.916699
3955	0.916699
3956	0.916699
3957	0.916699
3958	0.916699
3959	0.916699
3960	0.916699
3961	0.916699
3962	0.916699
3963	0.916699
3964	0.916699
3965	0.916699
3966	0.916699
3967	0.916699
3968	0.916699
3969	0.916699
3970	0.916699
3971	0.916699
3972	0.916699
3973	0.916699
3974	0.916699
3975	0.916699
3976	0.916699
3977	0.916699
3978	0.916699
3979	0.916699
3980	0.916699
3981	0.916699
3982	0.916699
3983	0.916699
3984	0.916699
3985	0.916699
3986	0.916699
3987	0.916699
3988	0.916699
3989	0.916699
3990	0.916699
3991	0.916699
3992	0.916699
3993	0.916699
3994	0.916699
3995	0.916699
3996	0.916699
3997	0.916699
3998	0.916699
3999	0.916699
4000	0.916699
4001	0.916699
4002	0.916699
4003	0.916699
4004	0.916699
4005	0.916699
4006	0.916699
4007	0.916699
4008	0.916699
4009	0.916699
4010	0.916699
4011	0.916699
4012	0.916699
4013	0.916699
4014	0.916699
4015	0.916699
4016	0.916699
4017	0.916699
4018	0.916699
4019	0.916699
4020	0.916699
4021	0.916699
4022	0.916699
4023	0.916699
4024	0.916699
4025	0.916699
4026	0.916699
4027	0.916699
4028	0.916699
4029	0.916699
4030	0.916699
4031	0.916699
4032	0.916699
4033	0.916699
4034	0.916699
4035	0.916699
4036	0.916699
4037	0.916699
4038	0.916699
4039	0.916699
4040	0.916699
4041	0.916699
4042	0.916699
4043	0.916699
4044	0.916699
4045	0.916699
4046	0.916699
4047	0.916699
4048	0.916699
4049	0.916699
4050	0.916699
4051	0.916699
4052	0.916699
4053	0.916699
4054	0.916699
4055	0.916699
4056	0.916699
4057	0.916699
4058	0.916699
4059	0.916699
4060	0.916699
4061	0.916699
4062	0.916699
4063	0.916699
4064	0.916699
4065	0.916699
4066	0.916699
4067	0.916699
4068	0.916699
4069	0.916699
4070	0.916699
4071	0.916699
4072	0.916699
4073	0.916699
4074	0.916699
4075	0.916699
4076	0.916699
4077	0.916699
4078	0.916699
4079	0.916699
4080	0.916699
4081	0.916699
4082	0.916699
4083	0.916699
4084	0.916699
4085	0.916699
4086	0.916699
4087	0.916699
4088	0.916699
4089	0.916699
4090	0.916699
4091	0.916699
4092	0.916699
4093	0.916699
4094	0.916699
4095	0.916699
4096	0.916699
4097	0.916699
4098	0.916699
4099	0.916699
4100	0.916699
4101	0.916699
4102	0.916699
4103	0.916699
4104	0.916699
4105	0.916699
4106	0.916699
4107	0.916699
4108	0.916699
4109	0.916699
4110	0.916699
4111	0.916699
4112	0.916699
4113	0.916699
4114	0.916699
4115	0.916699
4116	0.916699
4117	0.916699
4118	0.916699
4119	0.916699
4120	0.916699
4121	0.916699
4122	0.916699
4123	0.916699
4124	0.916699
4125	0.916699
4126	0.916699
4127	0.916699
4128	0.916699
4129	0.916699
4130	0.916699
4131	0.916699
4132	0.916699
4133	0.916699
4134	0.916699
4135	0.916699
4136	0.916699
4137	0.916699
4138	0.916699
4139	0.916699
4140	0.916699
4141	0.916699
4142	0.916699
4143	0.916699
4144	0.916699
4145	0.916699
4146	0.916699
4147	0.916699
4148	0.916699
4149	0.916699
4150	0.916699
4151	0.916699
4152	0.916699
4153	0.916699
4154	0.916699
4155	0.916699
4156	0.916699
4157	0.916699
4158	0.916699
4159	0.916699
4160	0.916699
4161	0.916699
4162	0.916699
4163	0.916699
4164	0.916699
4165	0.916699
4166	0.916699
4167	0.916699
4168	0.916699
4169	0.916699
4170	0.916699
4171	0.916699
4172	0.916699
4173	0.916699
4174	0.916699
4175	0.916699
4176	0.916699
4177	0.916699
4178	0.916699
4179	0.916699
4180	0.916699
4181	0.916699
4182	0.916699
4183	0.916699
4184	0.916699
4185	0.916699
4186	0.916699
4187	0.916699
4188	0.916699
4189	0.916699
4190	0.916699
4191	0.916699
4192	0.916699
4193	0.916699
4194	0.916699
4195	0.916699
4196	0.916699
4197	0.916699
4198	0.916699
4199	0.916699
4200	0.916699
4201	0.916699
4202	0.916699
4203	0.916699
4204	0.916699
4205	0.916699
4206	0.916699
4207	0.916699
4208	0.916699
4209	0.916699
4210	0.916699
4211	0.916699
4212	0.916699
4213	0.916699
4214	0.916699
4215	0.916699
4216	0.916699
4217	0.916699
4218	0.916699
4219	0.916699
4220	0.916699
4221	0.916699
4222	0.916699
4223	0.916699
4224	0.916699
4225	0.916699
4226	0.916699
4227	0.916699
4228	0.916699
4229	0.916699
4230	0.916699
4231	0.916699
4232	0.916699
4233	0.916699
4234	0.916699
4235	0.916699
4236	0.916699
4237	0.916699
4238	0.916699
4239	0.916699
4240	0.916699
4241	0.916699
4242	0.916699
4243	0.916699
4244	0.916699
4245	0.916699
4246	0.916699
4247	0.916699
4248	0.916699
4249	0.916699
4250	0.916699
4251	0.916699
4252	0.916699
4253	0.916699
4254	0.916699
4255	0.916699
4256	0.916699
4257	0.916699
4258	0.916699
4259	0.916699
4260	0.916699
4261	0.916699
4262	0.916699
4263	0.916699
4264	0.916699
4265	0.916699
4266	0.916699
4267	0.916699
4268	0.916699
4269	0.916699
4270	0.916699
4271	0.916699
4272	0.916699
4273	0.916699
4274	0.916699
4275	0.916699
4276	0.916699
4277	0.916699
4278	0.916699
4279	0.916699
4280	0.916699
4281	0.916699
4282	0.916699
4283	0.916699
4284	0.916699
4285	0.916699
4286	0.916699
4287	0.916699
4288	0.916699
4289	0.916699
4290	0.916699
4291	0.916699
4292	0.916699
4293	0.916699
4294	0.916699
4295	0.916699
4296	0.916699
4297	0.916699
4298	0.916699
4299	0.916699
4300	0.916699
4301	0.916699
4302	0.916699
4303	0.916699
4304	0.916699
4305	0.916699
4306	0.916699
4307	0.916699
4308	0.916699
4309	0.916699
4310	0.916699
4311	0.916699
4312	0.916699
4313	0.916699
4314	0.916699
4315	0.916699
4316	0.916699
4317	0.916699
4318	0.916699
4319	0.919903
4320	0.919903
4321	0.919903
4322	0.919903
4323	0.919903
4324	0.932718
4325	0.932718
4326	0.939126
4327	0.945534
4328	0.945534
4329	0.945534
4330	0.945534
4331	0.945534
4332	0.945534
4333	0.945534
4334	0.945534
4335	0.945534
4336	0.945534
4337	0.945534
4338	0.945534
4339	0.945534
4340	0.951942
4341	0.951942
4342	0.951942
4343	0.951942
4344	0.951942
4345	0.951942
4346	0.951942
4347	0.951942
4348	0.951942
4349	0.951942
4350	0.951942
4351	0.951942
4352	0.951942
4353	0.951942
4354	0.951942
4355	0.951942
4356	0.951942
4357	0.951942
4358	0.951942
4359	0.951942
4360	0.951942
4361	0.951942
4362	0.951942
4363	0.951942
4364	0.951942
4365	0.951942
4366	0.951942
4367	0.951942
4368	0.951942
4369	0.951942
4370	0.951942
4371	0.951942
4372	0.951942
4373	0.951942
4374	0.951942
4375	0.951942
4376	0.951942
4377	0.951942
4378	0.951942
4379	0.951942
4380	0.951942
4381	0.951942
4382	0.951942
4383	0.951942
4384	0.951942
4385	0.951942
4386	0.951942
4387	0.951942
4388	0.951942
4389	0.951942
4390	0.951942
4391	0.951942
4392	0.951942
4393	0.951942
4394	0.951942
4395	0.951942
4396	0.951942
4397	0.951942
4398	0.951942
4399	0.951942
4400	0.951942
4401	0.951942
4402	0.951942
4403	0.951942
4404	0.951942
4405	0.951942
4406	0.951942
4407	0.951942
4408	0.951942
4409	0.951942
4410	0.951942
4411	0.951942
4412	0.951942
4413	0.951942
4414	0.951942
4415	0.951942
4416	0.951942
4417	0.951942
4418	0.951942
4419	0.951942
4420	0.951942
4421	0.951942
4422	0.951942
4423	0.951942
4424	0.951942
4425	0.951942
4426	0.951942
4427	0.951942
4428	0.951942
4429	0.951942
4430	0.951942
4431	0.951942
4432	0.951942
4433	0.951942
4434	0.951942
4435	0.951942
4436	0.951942
4437	0.951942
4438	0.951942
4439	0.951942
4440	0.951942
4441	0.951942
4442	0.951942
4443	0.951942
4444	0.951942
4445	0.951942
4446	0.951942
4447	0.951942
4448	0.951942
4449	0.951942
4450	0.951942
4451	0.951942
4452	0.951942
4453	0.951942
4454	0.951942
4455	0.951942
4456	0.951942
4457	0.951942
4458	0.951942
4459	0.951942
4460	0.951942
4461	0.951942
4462	0.951942
4463	0.951942
4464	0.951942
4465	0.951942
4466	0.951942
4467	0.951942
4468	0.951942
4469	0.951942
4470	0.951942
4471	0.951942
4472	0.951942
4473	0.951942
4474	0.951942
4475	0.951942
4476	0.951942
4477	0.951942
4478	0.951942
4479	0.951942
4480	0.951942
4481	0.951942
4482	0.951942
4483	0.951942
4484	0.951942
4485	0.951942
4486	0.951942
4487	0.951942
4488	0.951942
4489	0.951942
4490	0.951942
4491	0.951942
4492	0.951942
4493	0.951942
4494	0.951942
4495	0.951942
4496	0.951942
4497	0.951942
4498	0.951942
4499	0.951942
4500	0.951942
4501	0.951942
4502	0.951942
4503	0.951942
4504	0.951942
4505	0.951942
4506	0.951942
4507	0.951942
4508	0.951942
4509	0.951942
4510	0.951942
4511	0.951942
4512	0.951942
4513	0.951942
4514	0.951942
4515	0.951942
4516	0.951942
4517	0.951942
4518	0.951942
4519	0.951942
4520	0.951942
4521	0.951942
4522	0.951942
4523	0.951942
4524	0.951942
4525	0.951942
4526	0.951942
4527	0.951942
4528	0.951942
4529	0.951942
4530	0.951942
4531	0.951942
4532	0.951942
4533	0.951942
4534	0.951942
4535	0.951942
4536	0.951942
4537	0.951942
4538	0.951942
4539	0.951942
4540	0.951942
4541	0.951942
4542	0.951942
4543	0.951942
4544	0.951942
4545	0.951942
4546	0.951942
4547	0.951942
4548	0.951942
4549	0.951942
4550	0.951942
4551	0.951942
4552	0.951942
4553	0.951942
4554	0.951942
4555	0.951942
4556	0.951942
4557	0.951942
4558	0.951942
4559	0.951942
4560	0.951942
4561	0.951942
4562	0.951942
4563	0.951942
4564	0.951942
4565	0.951942
4566	0.951942
4567	0.951942
4568	0.951942
4569	0.951942
4570	0.951942
4571	0.951942
4572	0.951942
4573	0.951942
4574	0.951942
4575	0.951942
4576	0.951942
4577	0.951942
4578	0.951942
4579	0.951942
4580	0.951942
4581	0.951942
4582	0.951942
4583	0.951942
4584	0.951942
4585	0.951942
4586	0.951942
4587	0.951942
4588	0.951942
4589	0.951942
4590	0.951942
4591	0.951942
4592	0.951942
4593	0.951942
4594	0.951942
4595	0.951942
4596	0.951942
4597	0.951942
4598	0.951942
4599	0.951942
4600	0.951942
4601	0.951942
4602	0.951942
4603	0.951942
4604	0.951942
4605	0.951942
4606	0.951942
4607	0.951942
4608	0.951942
4609	0.951942
4610	0.951942
4611	0.951942
4612	0.951942
4613	0.951942
4614	0.951942
4615	0.951942
4616	0.951942
4617	0.951942
4618	0.951942
4619	0.951942
4620	0.951942
4621	0.951942
4622	0.951942
4623	0.951942
4624	0.951942
4625	0.951942
4626	0.951942
4627	0.951942
4628	0.951942
4629	0.951942
4630	0.951942
4631	0.951942
4632	0.951942
4633	0.951942
4634	0.951942
4635	0.951942
4636	0.951942
4637	0.951942
4638	0.951942
4639	0.951942
4640	0.951942
4641	0.951942
4642	0.951942
4643	0.951942
4644	0.951942
4645	0.951942
4646	0.951942
4647	0.951942
4648	0.951942
4649	0.951942
4650	0.951942
4651	0.951942
4652	0.951942
4653	0.951942
4654	0.951942
4655	0.951942
4656	0.951942
4657	0.951942
4658	0.951942
4659	0.951942
4660	0.951942
4661	0.951942
4662	0.951942
4663	0.951942
4664	0.951942
4665	0.951942
4666	0.951942
4667	0.951942
4668	0.951942
4669	0.951942
4670	0.951942
4671	0.951942
4672	0.951942
4673	0.951942
4674	0.951942
4675	0.951942
4676	0.951942
4677	0.951942
4678	0.951942
4679	0.951942
4680	0.951942
4681	0.951942
4682	0.951942
4683	0.951942
4684	0.951942
4685	0.951942
4686	0.951942
4687	0.951942
4688	0.951942
4689	0.951942
4690	0.951942
4691	0.951942
4692	0.951942
4693	0.951942
4694	0.951942
4695	0.951942
4696	0.951942
4697	0.951942
4698	0.951942
4699	0.951942
4700	0.951942
4701	0.951942
4702	0.951942
4703	0.951942
4704	0.951942
4705	0.951942
4706	0.951942
4707	0.951942
4708	0.951942
4709	0.951942
4710	0.951942
4711	0.951942
4712	0.951942
4713	0.951942
4714	0.951942
4715	0.951942
4716	0.951942
4717	0.951942
4718	0.951942
4719	0.951942
4720	0.951942
4721	0.951942
4722	0.951942
4723	0.951942
4724	0.951942
4725	0.951942
4726	0.951942
4727	0.951942
4728	0.951942
4729	0.951942
4730	0.951942
4731	0.951942
4732	0.951942
4733	0.951942
4734	0.951942
4735	0.951942
4736	0.951942
4737	0.951942
4738	0.951942
4739	0.951942
4740	0.951942
4741	0.951942
4742	0.951942
4743	0.951942
4744	0.951942
4745	0.951942
4746	0.951942
4747	0.951942
4748	0.951942
4749	0.951942
4750	0.951942
4751	0.951942
4752	0.951942
4753	0.951942
4754	0.951942
4755	0.951942
4756	0.951942
4757	0.951942
4758	0.951942
4759	0.951942
4760	0.951942
4761	0.951942
4762	0.951942
4763	0.951942
4764	0.951942
4765	0.951942
4766	0.951942
4767	0.951942
4768	0.951942
4769	0.951942
4770	0.951942
4771	0.951942
4772	0.951942
4773	0.951942
4774	0.951942
4775	0.951942
4776	0.951942
4777	0.951942
4778	0.951942
4779	0.951942
4780	0.951942
4781	0.951942
4782	0.951942
4783	0.951942
4784	0.951942
4785	0.951942
4786	0.951942
4787	0.951942
4788	0.951942
4789	0.951942
4790	0.951942
4791	0.951942
4792	0.951942
4793	0.951942
4794	0.951942
4795	0.951942
4796	0.951942
4797	0.951942
4798	0.951942
4799	0.951942
4800	0.951942
4801	0.951942
4802	0.951942
4803	0.951942
4804	0.951942
4805	0.951942
4806	0.951942
4807	0.951942
4808	0.951942
4809	0.951942
4810	0.951942
4811	0.951942
4812	0.951942
4813	0.951942
4814	0.951942
4815	0.951942
4816	0.951942
4817	0.951942
4818	0.951942
4819	0.951942
4820	0.951942
4821	0.951942
4822	0.951942
4823	0.951942
4824	0.951942
4825	0.951942
4826	0.951942
4827	0.951942
4828	0.951942
4829	0.951942
4830	0.951942
4831	0.951942
4832	0.951942
4833	0.951942
4834	0.951942
4835	0.951942
4836	0.951942
4837	0.951942
4838	0.951942
4839	0.951942
4840	0.951942
4841	0.951942
4842	0.951942
4843	0.951942
4844	0.951942
4845	0.951942
4846	0.951942
4847	0.951942
4848	0.951942
4849	0.951942
4850	0.951942
4851	0.951942
4852	0.951942
4853	0.951942
4854	0.951942
4855	0.951942
4856	0.951942
4857	0.951942
4858	0.951942
4859	0.951942
4860	0.951942
4861	0.951942
4862	0.951942
4863	0.951942
4864	0.951942
4865	0.951942
4866	0.951942
4867	0.951942
4868	0.951942
4869	0.951942
4870	0.951942
4871	0.951942
4872	0.951942
4873	0.951942
4874	0.951942
4875	0.951942
4876	0.951942
4877	0.951942
4878	0.951942
4879	0.951942
4880	0.951942
4881	0.951942
4882	0.951942
4883	0.951942
4884	0.951942
4885	0.951942
4886	0.951942
4887	0.951942
4888	0.951942
4889	0.951942
4890	0.951942
4891	0.951942
4892	0.951942
4893	0.951942
4894	0.951942
4895	0.951942
4896	0.951942
4897	0.951942
4898	0.951942
4899	0.951942
4900	0.951942
4901	0.951942
4902	0.951942
4903	0.951942
4904	0.951942
4905	0.951942
4906	0.951942
4907	0.951942
4908	0.951942
4909	0.951942
4910	0.951942
4911	0.951942
4912	0.951942
4913	0.951942
4914	0.951942
4915	0.951942
4916	0.951942
4917	0.951942
4918	0.951942
4919	0.951942
4920	0.951942
4921	0.951942
4922	0.951942
4923	0.951942
4924	0.951942
4925	0.951942
4926	0.951942
4927	0.951942
4928	0.951942
4929	0.951942
4930	0.951942
4931	0.951942
4932	0.951942
4933	0.951942
4934	0.951942
4935	0.951942
4936	0.951942
4937	0.951942
4938	0.951942
4939	0.951942
4940	0.951942
4941	0.951942
4942	0.951942
4943	0.951942
4944	0.951942
4945	0.951942
4946	0.951942
4947	0.951942
4948	0.951942
4949	0.951942
4950	0.951942
4951	0.951942
4952	0.951942
4953	0.951942
4954	0.951942
4955	0.951942
4956	0.951942
4957	0.951942
4958	0.951942
4959	0.951942
4960	0.951942
4961	0.951942
4962	0.951942
4963	0.951942
4964	0.951942
4965	0.951942
4966	0.951942
4967	0.951942
4968	0.951942
4969	0.951942
4970	0.951942
4971	0.951942
4972	0.951942
4973	0.951942
4974	0.951942
4975	0.951942
4976	0.951942
4977	0.951942
4978	0.951942
4979	0.951942
4980	0.951942
4981	0.951942
4982	0.951942
4983	0.951942
4984	0.951942
4985	0.951942
4986	0.951942
4987	0.951942
4988	0.951942
4989	0.951942
4990	0.951942
4991	0.951942
4992	0.951942
4993	0.951942
4994	0.951942
4995	0.951942
4996	0.951942
4997	0.951942
4998	0.951942
4999	0.951942
5000	0.951942
5001	0.951942
5002	0.951942
5003	0.951942
5004	0.951942
5005	0.951942
5006	0.951942
5007	0.951942
5008	0.951942
5009	0.951942
5010	0.951942
5011	0.951942
5012	0.951942
5013	0.951942
5014	0.951942
5015	0.951942
5016	0.951942
5017	0.951942
5018	0.951942
5019	0.951942
5020	0.951942
5021	0.951942
5022	0.951942
5023	0.951942
5024	0.951942
5025	0.951942
5026	0.951942
5027	0.951942
5028	0.951942
5029	0.951942
5030	0.951942
5031	1
## No. organisms: 20
## Seeds        : 1475302465, 45393
## Runtime      : 0h 7m 59s.
## Started at   : Sun Oct 20 23:34:25 2019
## Ended at     : Sun Oct 20 23:42:24 2019
