1	0.606538
2	0.644615
3	0.67
4	0.682692
5	0.689038
6	0.689038
7	0.720769
8	0.739808
9	0.758846
10	0.758846
11	0.765192
12	0.765192
13	0.765192
14	0.765192
15	0.777885
16	0.777885
17	0.777885
18	0.777885
19	0.777885
20	0.777885
21	0.777885
22	0.777885
23	0.777885
24	0.784231
25	0.784231
26	0.784231
27	0.784231
28	0.784231
29	0.784231
30	0.784231
31	0.784231
32	0.784231
33	0.784231
34	0.790577
35	0.790577
36	0.790577
37	0.790577
38	0.790577
39	0.790577
40	0.790577
41	0.790577
42	0.790577
43	0.790577
44	0.790577
45	0.790577
46	0.790577
47	0.790577
48	0.790577
49	0.790577
50	0.790577
51	0.790577
52	0.790577
53	0.790577
54	0.796923
55	0.796923
56	0.796923
57	0.796923
58	0.796923
59	0.796923
60	0.796923
61	0.796923
62	0.796923
63	0.796923
64	0.796923
65	0.796923
66	0.796923
67	0.803269
68	0.803269
69	0.803269
70	0.803269
71	0.803269
72	0.803269
73	0.803269
74	0.803269
75	0.803269
76	0.803269
77	0.803269
78	0.803269
79	0.803269
80	0.803269
81	0.803269
82	0.803269
83	0.803269
84	0.803269
85	0.803269
86	0.803269
87	0.803269
88	0.803269
89	0.803269
90	0.803269
91	0.803269
92	0.803269
93	0.803269
94	0.803269
95	0.803269
96	0.815962
97	0.815962
98	0.815962
99	0.828654
100	0.828654
101	0.828654
102	0.835
103	0.841346
104	0.841346
105	0.841346
106	0.841346
107	0.854038
108	0.860385
109	0.860385
110	0.860385
111	0.866731
112	0.866731
113	0.866731
114	0.866731
115	0.866731
116	0.866731
117	0.873077
118	0.873077
119	0.873077
120	0.873077
121	0.873077
122	0.873077
123	0.873077
124	0.873077
125	0.873077
126	0.873077
127	0.873077
128	0.873077
129	0.873077
130	0.873077
131	0.873077
132	0.873077
133	0.873077
134	0.873077
135	0.873077
136	0.873077
137	0.873077
138	0.873077
139	0.873077
140	0.873077
141	0.873077
142	0.873077
143	0.873077
144	0.873077
145	0.873077
146	0.873077
147	0.873077
148	0.873077
149	0.873077
150	0.873077
151	0.873077
152	0.873077
153	0.873077
154	0.873077
155	0.873077
156	0.873077
157	0.873077
158	0.873077
159	0.873077
160	0.873077
161	0.873077
162	0.873077
163	0.873077
164	0.873077
165	0.873077
166	0.873077
167	0.873077
168	0.873077
169	0.873077
170	0.873077
171	0.873077
172	0.873077
173	0.873077
174	0.873077
175	0.873077
176	0.873077
177	0.873077
178	0.879423
179	0.879423
180	0.879423
181	0.879423
182	0.879423
183	0.879423
184	0.879423
185	0.879423
186	0.879423
187	0.879423
188	0.879423
189	0.879423
190	0.879423
191	0.879423
192	0.879423
193	0.879423
194	0.879423
195	0.879423
196	0.879423
197	0.879423
198	0.879423
199	0.879423
200	0.879423
201	0.879423
202	0.898462
203	0.911154
204	0.911154
205	0.911154
206	0.911154
207	0.911154
208	0.911154
209	0.911154
210	0.911154
211	0.911154
212	0.911154
213	0.911154
214	0.911154
215	0.911154
216	0.911154
217	0.942885
218	0.942885
219	0.942885
220	0.942885
221	0.942885
222	0.942885
223	0.942885
224	0.942885
225	0.942885
226	0.942885
227	0.942885
228	0.942885
229	0.942885
230	0.942885
231	0.942885
232	0.942885
233	0.942885
234	0.942885
235	0.942885
236	0.942885
237	0.942885
238	0.942885
239	0.942885
240	0.942885
241	0.942885
242	0.942885
243	0.942885
244	0.942885
245	0.942885
246	0.942885
247	0.942885
248	0.942885
249	0.942885
250	0.942885
251	0.942885
252	0.942885
253	0.942885
254	0.942885
255	0.942885
256	0.942885
257	0.942885
258	0.942885
259	0.942885
260	0.942885
261	0.942885
262	0.942885
263	0.942885
264	0.942885
265	0.942885
266	0.942885
267	0.942885
268	0.942885
269	0.942885
270	0.942885
271	0.942885
272	0.942885
273	0.942885
274	0.942885
275	0.942885
276	0.942885
277	0.942885
278	0.942885
279	0.942885
280	0.942885
281	0.942885
282	0.942885
283	0.949231
284	0.949231
285	0.949231
286	0.949231
287	0.949231
288	0.949231
289	0.949231
290	0.949231
291	0.949231
292	0.949231
293	0.949231
294	0.949231
295	0.949231
296	0.949231
297	0.949231
298	0.949231
299	0.949231
300	0.949231
301	0.949231
302	0.949231
303	0.949231
304	0.949231
305	0.949231
306	0.949231
307	0.949231
308	0.949231
309	0.949231
310	0.949231
311	0.949231
312	0.949231
313	0.949231
314	0.949231
315	0.949231
316	0.949231
317	0.949231
318	0.949231
319	0.949231
320	0.949231
321	0.949231
322	0.949231
323	0.949231
324	0.949231
325	0.949231
326	0.949231
327	0.949231
328	0.949231
329	0.949231
330	0.949231
331	0.949231
332	0.949231
333	0.949231
334	0.949231
335	0.949231
336	0.949231
337	0.949231
338	0.949231
339	0.949231
340	0.949231
341	0.949231
342	0.949231
343	0.949231
344	0.949231
345	0.949231
346	0.949231
347	0.949231
348	0.949231
349	0.949231
350	0.949231
351	0.949231
352	0.949231
353	0.949231
354	0.949231
355	0.949231
356	0.949231
357	0.949231
358	0.949231
359	0.949231
360	0.949231
361	0.949231
362	0.949231
363	0.949231
364	0.949231
365	0.949231
366	0.949231
367	0.949231
368	0.949231
369	0.949231
370	0.949231
371	0.949231
372	0.949231
373	0.949231
374	0.949231
375	0.949231
376	0.949231
377	0.949231
378	0.949231
379	0.949231
380	0.949231
381	0.949231
382	0.949231
383	0.949231
384	0.949231
385	0.949231
386	0.949231
387	0.949231
388	0.949231
389	0.949231
390	0.949231
391	0.949231
392	0.949231
393	0.949231
394	0.949231
395	0.949231
396	0.949231
397	0.949231
398	0.949231
399	0.949231
400	0.949231
401	0.949231
402	0.949231
403	0.949231
404	0.949231
405	0.949231
406	0.949231
407	0.949231
408	0.949231
409	0.949231
410	0.949231
411	0.949231
412	0.949231
413	0.949231
414	0.949231
415	0.949231
416	0.949231
417	0.949231
418	0.949231
419	0.949231
420	0.949231
421	0.949231
422	0.949231
423	0.949231
424	0.949231
425	0.949231
426	0.949231
427	0.949231
428	0.949231
429	0.949231
430	0.949231
431	0.949231
432	0.949231
433	0.949231
434	0.949231
435	0.949231
436	0.949231
437	0.949231
438	0.949231
439	0.949231
440	0.949231
441	0.949231
442	0.949231
443	0.949231
444	0.949231
445	0.949231
446	0.949231
447	0.949231
448	0.949231
449	0.949231
450	0.949231
451	0.949231
452	0.949231
453	0.949231
454	0.949231
455	0.949231
456	0.949231
457	0.949231
458	0.949231
459	0.949231
460	0.949231
461	0.949231
462	0.949231
463	0.949231
464	0.949231
465	0.949231
466	0.949231
467	0.949231
468	0.949231
469	0.949231
470	0.949231
471	0.949231
472	0.949231
473	0.949231
474	0.949231
475	0.949231
476	0.949231
477	0.949231
478	0.949231
479	0.949231
480	0.949231
481	0.949231
482	0.949231
483	0.949231
484	0.949231
485	0.949231
486	0.949231
487	0.949231
488	0.949231
489	0.949231
490	0.949231
491	0.949231
492	0.949231
493	0.949231
494	0.949231
495	0.949231
496	0.949231
497	0.949231
498	0.949231
499	0.949231
500	0.949231
501	0.949231
502	0.949231
503	0.949231
504	0.949231
505	0.949231
506	0.949231
507	0.949231
508	0.949231
509	0.949231
510	0.949231
511	0.949231
512	0.949231
513	0.949231
514	0.949231
515	0.949231
516	0.949231
517	0.949231
518	0.949231
519	0.949231
520	0.949231
521	0.949231
522	0.949231
523	0.949231
524	0.949231
525	0.949231
526	0.949231
527	0.949231
528	0.949231
529	0.949231
530	0.949231
531	0.949231
532	0.949231
533	0.949231
534	0.949231
535	0.949231
536	0.949231
537	0.949231
538	0.949231
539	0.949231
540	0.949231
541	0.949231
542	0.949231
543	0.949231
544	0.949231
545	0.949231
546	0.949231
547	0.949231
548	0.949231
549	0.949231
550	0.949231
551	0.949231
552	0.949231
553	0.949231
554	0.949231
555	0.949231
556	0.949231
557	0.949231
558	0.949231
559	0.949231
560	0.949231
561	0.949231
562	0.949231
563	0.949231
564	0.949231
565	0.949231
566	0.949231
567	0.949231
568	0.949231
569	0.949231
570	0.949231
571	0.949231
572	0.949231
573	0.949231
574	0.955577
575	0.955577
576	0.955577
577	0.955577
578	0.955577
579	0.955577
580	0.955577
581	0.955577
582	0.955577
583	0.955577
584	0.955577
585	0.955577
586	0.955577
587	0.955577
588	0.955577
589	0.955577
590	0.955577
591	0.955577
592	0.955577
593	0.955577
594	0.955577
595	0.955577
596	0.955577
597	0.955577
598	0.955577
599	0.955577
600	0.955577
601	0.955577
602	0.955577
603	0.955577
604	0.955577
605	0.955577
606	0.955577
607	0.955577
608	0.955577
609	0.955577
610	0.955577
611	0.955577
612	0.955577
613	0.955577
614	0.955577
615	0.955577
616	0.955577
617	0.955577
618	0.955577
619	0.955577
620	0.955577
621	0.955577
622	0.955577
623	0.955577
624	0.955577
625	0.955577
626	0.955577
627	0.955577
628	0.955577
629	0.955577
630	0.955577
631	0.955577
632	0.955577
633	0.955577
634	0.955577
635	0.955577
636	0.955577
637	0.955577
638	0.955577
639	0.955577
640	0.955577
641	0.955577
642	0.955577
643	0.955577
644	0.955577
645	0.955577
646	0.955577
647	0.955577
648	0.955577
649	0.955577
650	0.955577
651	0.955577
652	0.955577
653	0.955577
654	0.955577
655	0.955577
656	0.955577
657	0.955577
658	0.955577
659	0.955577
660	0.955577
661	0.955577
662	0.955577
663	0.955577
664	0.955577
665	0.955577
666	0.955577
667	0.955577
668	0.955577
669	0.955577
670	0.955577
671	0.955577
672	0.955577
673	0.955577
674	0.955577
675	0.955577
676	0.955577
677	0.955577
678	0.955577
679	0.955577
680	0.955577
681	0.955577
682	0.955577
683	0.955577
684	0.955577
685	0.955577
686	0.955577
687	0.955577
688	0.955577
689	0.955577
690	0.955577
691	0.955577
692	0.955577
693	0.955577
694	0.955577
695	0.955577
696	0.955577
697	0.955577
698	0.955577
699	0.955577
700	0.955577
701	0.955577
702	0.955577
703	0.955577
704	0.955577
705	0.955577
706	0.955577
707	0.955577
708	0.955577
709	0.955577
710	0.955577
711	0.955577
712	0.955577
713	0.955577
714	0.955577
715	0.955577
716	0.955577
717	0.955577
718	0.955577
719	0.955577
720	0.955577
721	0.955577
722	0.955577
723	0.955577
724	0.955577
725	0.955577
726	0.955577
727	0.955577
728	0.955577
729	0.955577
730	0.955577
731	0.955577
732	0.955577
733	0.955577
734	0.955577
735	0.955577
736	0.955577
737	0.955577
738	0.955577
739	0.955577
740	0.955577
741	0.955577
742	0.955577
743	0.955577
744	0.955577
745	0.955577
746	0.955577
747	0.955577
748	0.955577
749	0.955577
750	0.955577
751	0.955577
752	0.955577
753	0.955577
754	0.955577
755	0.955577
756	0.955577
757	0.955577
758	0.955577
759	0.955577
760	0.955577
761	0.955577
762	0.955577
763	0.955577
764	0.955577
765	0.955577
766	0.955577
767	0.955577
768	0.955577
769	0.955577
770	0.955577
771	0.955577
772	0.955577
773	0.955577
774	0.955577
775	0.955577
776	0.955577
777	0.955577
778	0.955577
779	0.955577
780	0.955577
781	0.955577
782	0.955577
783	0.955577
784	0.955577
785	0.955577
786	0.955577
787	0.955577
788	0.955577
789	0.955577
790	0.955577
791	0.955577
792	0.955577
793	0.955577
794	0.955577
795	0.955577
796	0.955577
797	0.955577
798	0.955577
799	0.955577
800	0.955577
801	0.955577
802	0.955577
803	0.955577
804	0.955577
805	0.955577
806	0.955577
807	0.955577
808	0.955577
809	0.955577
810	0.955577
811	0.955577
812	0.955577
813	0.955577
814	0.955577
815	0.955577
816	0.955577
817	0.955577
818	0.955577
819	0.955577
820	0.955577
821	0.955577
822	0.955577
823	0.955577
824	0.955577
825	0.955577
826	0.955577
827	0.955577
828	0.955577
829	0.955577
830	0.955577
831	0.955577
832	0.955577
833	0.955577
834	0.955577
835	0.955577
836	0.955577
837	0.955577
838	0.955577
839	0.955577
840	0.955577
841	0.955577
842	0.955577
843	0.955577
844	0.955577
845	0.955577
846	0.955577
847	0.955577
848	0.955577
849	0.955577
850	0.955577
851	0.955577
852	0.955577
853	0.955577
854	0.955577
855	0.955577
856	0.955577
857	0.955577
858	0.955577
859	0.955577
860	0.955577
861	0.955577
862	0.955577
863	0.955577
864	0.955577
865	0.955577
866	0.955577
867	0.955577
868	0.955577
869	0.955577
870	0.955577
871	0.955577
872	0.955577
873	0.955577
874	0.955577
875	0.955577
876	0.955577
877	0.955577
878	0.955577
879	0.955577
880	0.955577
881	0.955577
882	0.955577
883	0.955577
884	0.955577
885	0.955577
886	0.955577
887	0.955577
888	0.955577
889	0.955577
890	0.955577
891	0.955577
892	0.955577
893	0.955577
894	0.955577
895	0.955577
896	0.955577
897	0.955577
898	0.955577
899	0.955577
900	0.955577
901	0.955577
902	0.955577
903	0.955577
904	0.955577
905	0.955577
906	0.955577
907	0.955577
908	0.955577
909	0.955577
910	0.955577
911	0.955577
912	0.955577
913	0.955577
914	0.955577
915	0.955577
916	0.955577
917	0.955577
918	0.955577
919	0.955577
920	0.955577
921	0.955577
922	0.955577
923	0.955577
924	0.955577
925	0.955577
926	0.955577
927	0.955577
928	0.955577
929	0.955577
930	0.955577
931	0.955577
932	0.955577
933	0.955577
934	0.955577
935	0.955577
936	0.955577
937	0.955577
938	0.955577
939	0.955577
940	0.955577
941	0.955577
942	0.955577
943	0.955577
944	0.955577
945	0.955577
946	0.955577
947	0.955577
948	0.955577
949	0.955577
950	0.955577
951	0.955577
952	0.955577
953	0.955577
954	0.955577
955	0.955577
956	0.955577
957	0.955577
958	0.955577
959	0.955577
960	0.955577
961	0.955577
962	0.955577
963	0.955577
964	0.955577
965	0.955577
966	0.955577
967	0.955577
968	0.955577
969	0.955577
970	0.955577
971	0.955577
972	0.955577
973	0.955577
974	0.955577
975	0.955577
976	0.955577
977	0.955577
978	0.955577
979	0.955577
980	0.955577
981	0.955577
982	0.955577
983	0.955577
984	0.955577
985	0.955577
986	0.955577
987	0.955577
988	0.955577
989	0.955577
990	0.955577
991	0.955577
992	0.955577
993	0.955577
994	0.955577
995	0.955577
996	0.955577
997	0.955577
998	0.955577
999	0.955577
1000	0.955577
1001	0.955577
1002	0.955577
1003	0.955577
1004	0.955577
1005	0.955577
1006	0.955577
1007	0.955577
1008	0.955577
1009	0.955577
1010	0.955577
1011	0.955577
1012	0.955577
1013	0.955577
1014	0.955577
1015	0.955577
1016	0.955577
1017	0.955577
1018	0.955577
1019	0.955577
1020	0.955577
1021	0.955577
1022	0.955577
1023	0.955577
1024	0.955577
1025	0.955577
1026	0.955577
1027	0.955577
1028	0.955577
1029	0.955577
1030	0.955577
1031	0.955577
1032	0.955577
1033	0.955577
1034	0.955577
1035	0.955577
1036	0.955577
1037	0.955577
1038	0.955577
1039	0.955577
1040	0.955577
1041	0.955577
1042	0.955577
1043	0.955577
1044	0.955577
1045	0.955577
1046	0.955577
1047	0.955577
1048	0.955577
1049	0.955577
1050	0.955577
1051	0.955577
1052	0.955577
1053	0.955577
1054	0.955577
1055	0.955577
1056	0.955577
1057	0.955577
1058	0.955577
1059	0.955577
1060	0.955577
1061	0.955577
1062	0.955577
1063	0.955577
1064	0.955577
1065	0.955577
1066	0.955577
1067	0.955577
1068	0.955577
1069	0.955577
1070	0.955577
1071	0.955577
1072	0.955577
1073	0.955577
1074	0.955577
1075	0.955577
1076	0.955577
1077	0.955577
1078	0.955577
1079	0.955577
1080	0.955577
1081	0.955577
1082	0.955577
1083	0.955577
1084	0.955577
1085	0.955577
1086	0.955577
1087	0.955577
1088	0.955577
1089	0.955577
1090	0.955577
1091	0.955577
1092	0.955577
1093	0.955577
1094	0.955577
1095	0.955577
1096	0.955577
1097	0.955577
1098	0.955577
1099	0.955577
1100	0.955577
1101	0.955577
1102	0.955577
1103	0.955577
1104	0.955577
1105	0.955577
1106	0.955577
1107	0.955577
1108	0.955577
1109	0.955577
1110	0.955577
1111	0.955577
1112	0.955577
1113	0.955577
1114	0.955577
1115	0.955577
1116	0.955577
1117	0.955577
1118	0.955577
1119	0.955577
1120	0.955577
1121	0.955577
1122	0.955577
1123	0.955577
1124	0.955577
1125	0.955577
1126	0.955577
1127	0.955577
1128	0.955577
1129	0.955577
1130	0.955577
1131	0.955577
1132	0.955577
1133	0.955577
1134	0.955577
1135	0.955577
1136	0.955577
1137	0.955577
1138	0.955577
1139	0.955577
1140	0.955577
1141	0.955577
1142	0.955577
1143	0.955577
1144	0.955577
1145	0.955577
1146	0.955577
1147	0.955577
1148	0.955577
1149	0.955577
1150	0.955577
1151	0.955577
1152	0.955577
1153	0.955577
1154	0.955577
1155	0.955577
1156	0.955577
1157	0.955577
1158	0.955577
1159	0.955577
1160	0.955577
1161	0.955577
1162	0.955577
1163	0.955577
1164	0.955577
1165	0.955577
1166	0.955577
1167	0.955577
1168	0.955577
1169	0.955577
1170	0.955577
1171	0.955577
1172	0.955577
1173	0.955577
1174	0.955577
1175	0.955577
1176	0.955577
1177	0.955577
1178	0.955577
1179	0.955577
1180	0.955577
1181	0.955577
1182	0.955577
1183	0.955577
1184	0.955577
1185	0.955577
1186	0.955577
1187	0.955577
1188	0.955577
1189	0.955577
1190	0.955577
1191	0.955577
1192	0.955577
1193	0.955577
1194	0.955577
1195	0.955577
1196	0.955577
1197	0.955577
1198	0.955577
1199	0.955577
1200	0.955577
1201	0.955577
1202	0.955577
1203	0.955577
1204	0.955577
1205	0.955577
1206	0.955577
1207	0.955577
1208	0.955577
1209	0.955577
1210	0.955577
1211	0.955577
1212	0.955577
1213	0.955577
1214	0.955577
1215	0.955577
1216	0.955577
1217	0.955577
1218	0.955577
1219	0.955577
1220	0.955577
1221	0.955577
1222	0.955577
1223	0.955577
1224	0.955577
1225	0.955577
1226	0.955577
1227	0.955577
1228	0.955577
1229	0.955577
1230	0.955577
1231	0.955577
1232	0.955577
1233	0.955577
1234	0.955577
1235	0.955577
1236	0.955577
1237	0.955577
1238	0.955577
1239	0.955577
1240	0.955577
1241	0.955577
1242	0.955577
1243	0.955577
1244	0.955577
1245	0.955577
1246	0.955577
1247	0.955577
1248	0.955577
1249	0.955577
1250	0.955577
1251	0.955577
1252	0.955577
1253	0.955577
1254	0.955577
1255	0.955577
1256	0.955577
1257	0.955577
1258	0.955577
1259	0.955577
1260	0.955577
1261	0.955577
1262	0.955577
1263	0.955577
1264	0.955577
1265	0.955577
1266	0.955577
1267	0.955577
1268	0.955577
1269	0.955577
1270	0.955577
1271	0.955577
1272	0.955577
1273	0.955577
1274	0.955577
1275	0.955577
1276	0.955577
1277	0.955577
1278	0.955577
1279	0.955577
1280	0.955577
1281	0.955577
1282	0.955577
1283	0.955577
1284	0.955577
1285	0.955577
1286	0.955577
1287	0.955577
1288	0.955577
1289	0.955577
1290	0.955577
1291	0.955577
1292	0.955577
1293	0.955577
1294	0.955577
1295	0.955577
1296	0.955577
1297	0.955577
1298	0.955577
1299	0.955577
1300	0.955577
1301	0.955577
1302	0.955577
1303	0.955577
1304	0.955577
1305	0.955577
1306	0.955577
1307	0.955577
1308	0.955577
1309	0.955577
1310	0.955577
1311	0.955577
1312	0.955577
1313	0.955577
1314	0.955577
1315	0.955577
1316	0.955577
1317	0.955577
1318	0.955577
1319	0.955577
1320	0.955577
1321	0.955577
1322	0.955577
1323	0.955577
1324	0.955577
1325	0.955577
1326	0.955577
1327	0.955577
1328	0.955577
1329	0.955577
1330	0.955577
1331	0.955577
1332	0.955577
1333	0.955577
1334	0.955577
1335	0.955577
1336	0.955577
1337	0.955577
1338	0.955577
1339	0.955577
1340	0.955577
1341	0.955577
1342	0.955577
1343	0.955577
1344	0.955577
1345	0.955577
1346	0.955577
1347	0.955577
1348	0.955577
1349	0.955577
1350	0.955577
1351	0.955577
1352	0.955577
1353	0.955577
1354	0.955577
1355	0.955577
1356	0.955577
1357	0.955577
1358	0.955577
1359	0.955577
1360	0.955577
1361	0.955577
1362	0.955577
1363	0.955577
1364	0.955577
1365	0.955577
1366	0.955577
1367	0.955577
1368	0.955577
1369	0.955577
1370	0.955577
1371	0.955577
1372	0.955577
1373	0.955577
1374	0.955577
1375	0.955577
1376	0.955577
1377	0.955577
1378	0.955577
1379	0.955577
1380	0.955577
1381	0.955577
1382	0.955577
1383	0.955577
1384	0.955577
1385	0.955577
1386	0.955577
1387	0.955577
1388	0.955577
1389	0.955577
1390	0.955577
1391	0.955577
1392	0.955577
1393	0.955577
1394	0.955577
1395	0.955577
1396	0.955577
1397	0.955577
1398	0.955577
1399	0.955577
1400	0.955577
1401	0.955577
1402	0.955577
1403	0.955577
1404	0.955577
1405	0.955577
1406	0.955577
1407	0.955577
1408	0.955577
1409	0.955577
1410	0.955577
1411	0.955577
1412	0.955577
1413	0.955577
1414	0.955577
1415	0.955577
1416	0.955577
1417	0.955577
1418	0.955577
1419	0.955577
1420	0.955577
1421	0.955577
1422	0.955577
1423	0.955577
1424	0.955577
1425	0.955577
1426	0.955577
1427	0.955577
1428	0.955577
1429	0.955577
1430	0.955577
1431	0.955577
1432	0.955577
1433	0.955577
1434	0.955577
1435	0.955577
1436	0.955577
1437	0.955577
1438	0.955577
1439	0.955577
1440	0.955577
1441	0.955577
1442	0.955577
1443	0.955577
1444	0.955577
1445	0.955577
1446	0.955577
1447	0.955577
1448	0.955577
1449	0.955577
1450	0.955577
1451	0.955577
1452	0.955577
1453	0.955577
1454	0.955577
1455	0.955577
1456	0.955577
1457	0.955577
1458	0.955577
1459	0.955577
1460	0.955577
1461	0.955577
1462	0.955577
1463	0.955577
1464	0.955577
1465	0.955577
1466	0.955577
1467	0.955577
1468	0.955577
1469	0.955577
1470	0.955577
1471	0.955577
1472	0.955577
1473	0.955577
1474	0.955577
1475	0.955577
1476	0.955577
1477	0.955577
1478	0.955577
1479	0.955577
1480	0.955577
1481	0.955577
1482	0.955577
1483	0.955577
1484	0.955577
1485	0.955577
1486	0.955577
1487	0.955577
1488	0.955577
1489	0.955577
1490	0.955577
1491	0.955577
1492	0.955577
1493	0.955577
1494	0.955577
1495	0.955577
1496	0.955577
1497	0.955577
1498	0.955577
1499	0.955577
1500	0.955577
1501	0.955577
1502	0.955577
1503	0.955577
1504	0.955577
1505	0.955577
1506	0.955577
1507	0.955577
1508	0.955577
1509	0.955577
1510	0.955577
1511	0.955577
1512	0.955577
1513	0.955577
1514	0.955577
1515	0.955577
1516	0.955577
1517	0.955577
1518	0.955577
1519	0.955577
1520	0.955577
1521	0.955577
1522	0.955577
1523	0.955577
1524	0.955577
1525	0.955577
1526	0.955577
1527	0.955577
1528	0.955577
1529	0.955577
1530	0.955577
1531	0.955577
1532	0.955577
1533	0.955577
1534	0.955577
1535	0.955577
1536	0.955577
1537	0.955577
1538	0.955577
1539	0.955577
1540	0.955577
1541	0.955577
1542	0.955577
1543	0.955577
1544	0.955577
1545	0.955577
1546	0.955577
1547	0.955577
1548	0.955577
1549	0.955577
1550	0.955577
1551	0.955577
1552	0.955577
1553	0.955577
1554	0.955577
1555	0.955577
1556	0.955577
1557	0.955577
1558	0.955577
1559	0.955577
1560	0.955577
1561	0.955577
1562	0.955577
1563	0.955577
1564	0.955577
1565	0.955577
1566	0.955577
1567	0.955577
1568	0.955577
1569	0.955577
1570	0.955577
1571	0.955577
1572	0.955577
1573	0.955577
1574	0.955577
1575	0.955577
1576	0.955577
1577	0.955577
1578	0.955577
1579	0.955577
1580	0.955577
1581	0.955577
1582	0.955577
1583	0.955577
1584	0.955577
1585	0.955577
1586	0.955577
1587	0.955577
1588	0.955577
1589	0.955577
1590	0.955577
1591	0.955577
1592	0.955577
1593	0.955577
1594	0.955577
1595	0.955577
1596	0.955577
1597	0.955577
1598	0.955577
1599	0.955577
1600	0.955577
1601	0.955577
1602	0.955577
1603	0.955577
1604	0.955577
1605	0.955577
1606	0.955577
1607	0.955577
1608	0.955577
1609	0.955577
1610	0.955577
1611	0.955577
1612	0.955577
1613	0.955577
1614	0.955577
1615	0.955577
1616	0.955577
1617	0.955577
1618	0.955577
1619	0.955577
1620	0.955577
1621	0.955577
1622	0.955577
1623	0.955577
1624	0.955577
1625	0.955577
1626	0.955577
1627	0.955577
1628	0.955577
1629	0.955577
1630	0.955577
1631	0.955577
1632	0.955577
1633	0.955577
1634	0.955577
1635	0.955577
1636	0.955577
1637	0.955577
1638	0.955577
1639	0.955577
1640	0.955577
1641	0.955577
1642	0.955577
1643	0.955577
1644	0.955577
1645	0.955577
1646	0.955577
1647	0.955577
1648	0.955577
1649	0.955577
1650	0.955577
1651	0.955577
1652	0.955577
1653	0.955577
1654	0.955577
1655	0.955577
1656	0.955577
1657	0.955577
1658	0.955577
1659	0.955577
1660	0.955577
1661	0.955577
1662	0.955577
1663	0.955577
1664	0.955577
1665	0.955577
1666	0.955577
1667	0.955577
1668	0.955577
1669	0.955577
1670	0.955577
1671	0.955577
1672	0.955577
1673	0.955577
1674	0.955577
1675	0.955577
1676	0.955577
1677	0.955577
1678	0.955577
1679	0.955577
1680	0.955577
1681	0.955577
1682	0.955577
1683	0.955577
1684	0.955577
1685	0.955577
1686	0.955577
1687	0.955577
1688	0.955577
1689	0.955577
1690	0.955577
1691	0.955577
1692	0.955577
1693	0.955577
1694	0.955577
1695	0.955577
1696	0.955577
1697	0.955577
1698	0.955577
1699	0.955577
1700	0.955577
1701	0.955577
1702	0.955577
1703	0.955577
1704	0.955577
1705	0.955577
1706	0.955577
1707	0.955577
1708	0.955577
1709	0.955577
1710	0.955577
1711	0.955577
1712	0.955577
1713	0.955577
1714	0.955577
1715	0.955577
1716	0.955577
1717	0.955577
1718	0.955577
1719	0.955577
1720	0.955577
1721	0.955577
1722	0.955577
1723	0.955577
1724	0.955577
1725	0.955577
1726	0.955577
1727	0.955577
1728	0.955577
1729	0.955577
1730	0.955577
1731	0.955577
1732	0.955577
1733	0.955577
1734	0.955577
1735	0.955577
1736	0.955577
1737	0.955577
1738	0.955577
1739	0.955577
1740	0.955577
1741	0.955577
1742	0.955577
1743	0.955577
1744	0.955577
1745	0.955577
1746	0.955577
1747	0.955577
1748	0.955577
1749	0.955577
1750	0.955577
1751	0.955577
1752	0.955577
1753	0.955577
1754	0.955577
1755	0.955577
1756	0.955577
1757	0.955577
1758	0.955577
1759	0.955577
1760	0.955577
1761	0.955577
1762	0.955577
1763	0.955577
1764	0.955577
1765	0.955577
1766	0.955577
1767	0.955577
1768	0.955577
1769	0.955577
1770	0.955577
1771	0.955577
1772	0.955577
1773	0.955577
1774	0.955577
1775	0.955577
1776	0.955577
1777	0.955577
1778	0.955577
1779	0.955577
1780	0.955577
1781	0.955577
1782	0.955577
1783	0.955577
1784	0.955577
1785	0.955577
1786	0.955577
1787	0.955577
1788	0.955577
1789	0.955577
1790	0.955577
1791	0.955577
1792	0.955577
1793	0.955577
1794	0.955577
1795	0.955577
1796	0.955577
1797	0.955577
1798	0.955577
1799	0.955577
1800	0.955577
1801	0.955577
1802	0.955577
1803	0.955577
1804	0.955577
1805	0.955577
1806	0.955577
1807	0.955577
1808	0.955577
1809	0.955577
1810	0.955577
1811	0.955577
1812	0.955577
1813	0.955577
1814	0.955577
1815	0.955577
1816	0.955577
1817	0.955577
1818	0.955577
1819	0.955577
1820	0.955577
1821	0.955577
1822	0.955577
1823	0.955577
1824	0.955577
1825	0.955577
1826	0.955577
1827	0.955577
1828	0.955577
1829	0.955577
1830	0.955577
1831	0.955577
1832	0.955577
1833	0.955577
1834	0.955577
1835	0.955577
1836	0.955577
1837	0.955577
1838	0.955577
1839	0.955577
1840	0.955577
1841	0.955577
1842	0.955577
1843	0.955577
1844	0.955577
1845	0.955577
1846	0.955577
1847	0.955577
1848	0.955577
1849	0.955577
1850	0.955577
1851	0.955577
1852	0.955577
1853	0.955577
1854	0.955577
1855	0.955577
1856	0.955577
1857	0.955577
1858	0.955577
1859	0.955577
1860	0.955577
1861	0.955577
1862	0.955577
1863	0.955577
1864	0.955577
1865	0.955577
1866	0.955577
1867	0.955577
1868	0.955577
1869	0.955577
1870	0.955577
1871	0.955577
1872	0.955577
1873	0.955577
1874	0.955577
1875	0.955577
1876	0.955577
1877	0.955577
1878	0.955577
1879	0.955577
1880	0.955577
1881	0.955577
1882	0.955577
1883	0.955577
1884	0.955577
1885	0.955577
1886	0.955577
1887	0.955577
1888	0.955577
1889	0.955577
1890	0.955577
1891	0.955577
1892	0.955577
1893	0.955577
1894	0.955577
1895	0.955577
1896	0.955577
1897	0.955577
1898	0.955577
1899	0.955577
1900	0.955577
1901	0.955577
1902	0.955577
1903	0.955577
1904	0.955577
1905	0.955577
1906	0.955577
1907	0.955577
1908	0.955577
1909	0.955577
1910	0.955577
1911	0.955577
1912	0.955577
1913	0.955577
1914	0.955577
1915	0.955577
1916	0.955577
1917	0.955577
1918	0.961923
1919	0.961923
1920	0.961923
1921	0.961923
1922	0.961923
1923	0.961923
1924	0.961923
1925	0.961923
1926	0.961923
1927	0.961923
1928	0.961923
1929	0.961923
1930	0.961923
1931	0.961923
1932	0.961923
1933	0.961923
1934	0.961923
1935	0.961923
1936	0.961923
1937	0.961923
1938	0.961923
1939	0.961923
1940	0.961923
1941	0.961923
1942	0.961923
1943	0.961923
1944	0.961923
1945	0.961923
1946	0.961923
1947	0.961923
1948	0.961923
1949	0.961923
1950	0.961923
1951	0.961923
1952	0.961923
1953	0.961923
1954	0.961923
1955	0.961923
1956	0.961923
1957	0.961923
1958	0.974615
1959	0.974615
1960	0.974615
1961	0.974615
1962	0.974615
1963	0.974615
1964	0.974615
1965	0.974615
1966	0.974615
1967	0.974615
1968	0.974615
1969	0.974615
1970	0.974615
1971	0.974615
1972	0.974615
1973	0.974615
1974	0.974615
1975	0.974615
1976	0.974615
1977	0.974615
1978	0.974615
1979	0.974615
1980	0.974615
1981	0.974615
1982	0.974615
1983	0.974615
1984	0.974615
1985	0.974615
1986	0.974615
1987	0.974615
1988	0.974615
1989	0.974615
1990	0.974615
1991	0.974615
1992	0.974615
1993	0.974615
1994	0.974615
1995	0.974615
1996	0.974615
1997	0.974615
1998	0.980962
1999	0.980962
2000	0.980962
2001	0.980962
2002	0.980962
2003	0.980962
2004	0.980962
2005	0.980962
2006	0.980962
2007	0.980962
2008	0.980962
2009	0.980962
2010	0.980962
2011	0.980962
2012	0.980962
2013	0.980962
2014	0.980962
2015	0.980962
2016	0.987308
2017	0.987308
2018	0.987308
2019	0.987308
2020	0.987308
2021	0.987308
2022	0.987308
2023	0.987308
2024	0.987308
2025	0.987308
2026	0.987308
2027	0.987308
2028	0.987308
2029	0.987308
2030	0.987308
2031	0.987308
2032	0.987308
2033	0.987308
2034	0.987308
2035	0.987308
2036	0.987308
2037	0.987308
2038	0.987308
2039	0.987308
2040	0.987308
2041	0.987308
2042	0.987308
2043	0.987308
2044	0.987308
2045	0.987308
2046	0.987308
2047	0.987308
2048	0.987308
2049	0.987308
2050	0.987308
2051	0.987308
2052	0.987308
2053	1
## No. organisms: 20
## Seeds        : 1475306513, 822
## Runtime      : 0h 3m 6s.
## Started at   : Mon Oct 21 00:41:53 2019
## Ended at     : Mon Oct 21 00:44:59 2019
