1	0.515467
2	0.522371
3	0.526067
4	0.526067
5	0.554519
6	0.561883
7	0.565621
8	0.572064
9	0.572064
10	0.57901
11	0.592357
12	0.63636
13	0.63636
14	0.63636
15	0.643808
16	0.643808
17	0.643808
18	0.643808
19	0.681283
20	0.681283
21	0.711283
22	0.727071
23	0.727071
24	0.727071
25	0.756527
26	0.782762
27	0.808075
28	0.819121
29	0.819121
30	0.837531
31	0.837531
32	0.837531
33	0.837531
34	0.837531
35	0.837992
36	0.85364
37	0.87205
38	0.87205
39	0.873891
40	0.873891
41	0.873891
42	0.873891
43	0.873891
44	0.873891
45	0.873891
46	0.873891
47	0.873891
48	0.873891
49	0.873891
50	0.873891
51	0.873891
52	0.873891
53	0.873891
54	0.873891
55	0.873891
56	0.873891
57	0.873891
58	0.873891
59	0.873891
60	0.873891
61	0.873891
62	0.873891
63	0.873891
64	0.873891
65	0.873891
66	0.873891
67	0.873891
68	0.873891
69	0.873891
70	0.873891
71	0.873891
72	0.873891
73	0.873891
74	0.873891
75	0.873891
76	0.873891
77	0.873891
78	0.873891
79	0.873891
80	0.873891
81	0.873891
82	0.873891
83	0.873891
84	0.873891
85	0.873891
86	0.873891
87	0.873891
88	0.873891
89	0.873891
90	0.873891
91	0.873891
92	0.873891
93	0.873891
94	0.873891
95	0.873891
96	0.873891
97	0.873891
98	0.873891
99	0.873891
100	0.873891
101	0.873891
102	0.873891
103	0.873891
104	0.873891
105	0.873891
106	0.873891
107	0.873891
108	0.873891
109	0.873891
110	0.873891
111	0.873891
112	0.873891
113	0.873891
114	0.873891
115	0.873891
116	0.873891
117	0.873891
118	0.873891
119	0.873891
120	0.873891
121	0.873891
122	0.874812
123	0.874812
124	0.874812
125	0.874812
126	0.874812
127	0.874812
128	0.874812
129	0.874812
130	0.874812
131	0.874812
132	0.874812
133	0.874812
134	0.874812
135	0.874812
136	0.874812
137	0.874812
138	0.876653
139	0.876653
140	0.876653
141	0.876653
142	0.876653
143	0.876653
144	0.876653
145	0.876653
146	0.876653
147	0.876653
148	0.876653
149	0.876653
150	0.876653
151	0.876653
152	0.876653
153	0.876653
154	0.876653
155	0.876653
156	0.876653
157	0.876653
158	0.876653
159	0.876653
160	0.876653
161	0.876653
162	0.876653
163	0.876653
164	0.876653
165	0.876653
166	0.876653
167	0.876653
168	0.876653
169	0.876653
170	0.876653
171	0.876653
172	0.876653
173	0.876653
174	0.876653
175	0.876653
176	0.876653
177	0.876653
178	0.876653
179	0.876653
180	0.876653
181	0.876653
182	0.876653
183	0.876653
184	0.876653
185	0.876653
186	0.876653
187	0.876653
188	0.876653
189	0.876653
190	0.876653
191	0.876653
192	0.876653
193	0.876653
194	0.876653
195	0.876653
196	0.876653
197	0.876653
198	0.876653
199	0.876653
200	0.876653
201	0.876653
202	0.876653
203	0.876653
204	0.876653
205	0.876653
206	0.876653
207	0.876653
208	0.876653
209	0.876653
210	0.876653
211	0.876653
212	0.876653
213	0.876653
214	0.876653
215	0.876653
216	0.876653
217	0.876653
218	0.876653
219	0.876653
220	0.876653
221	0.876653
222	0.876653
223	0.876653
224	0.876653
225	0.876653
226	0.876653
227	0.876653
228	0.876653
229	0.876653
230	0.876653
231	0.876653
232	0.876653
233	0.876653
234	0.876653
235	0.876653
236	0.876653
237	0.876653
238	0.876653
239	0.876653
240	0.876653
241	0.876653
242	0.876653
243	0.876653
244	0.876653
245	0.876653
246	0.876653
247	0.876653
248	0.876653
249	0.876653
250	0.876653
251	0.876653
252	0.876653
253	0.876653
254	0.876653
255	0.876653
256	0.876653
257	0.876653
258	0.876653
259	0.876653
260	0.876653
261	0.876653
262	0.876653
263	0.876653
264	0.876653
265	0.876653
266	0.876653
267	0.876653
268	0.876653
269	0.876653
270	0.878494
271	0.878494
272	0.878494
273	0.878494
274	0.878494
275	0.878494
276	0.878494
277	0.878494
278	0.878494
279	0.878494
280	0.878494
281	0.878494
282	0.878494
283	0.878494
284	0.878494
285	0.878494
286	0.878494
287	0.878494
288	0.878494
289	0.878494
290	0.878494
291	0.878494
292	0.878494
293	0.902887
294	0.916695
295	0.916695
296	0.916695
297	0.916695
298	0.916695
299	0.916695
300	0.916695
301	0.916695
302	0.916695
303	0.916695
304	0.916695
305	0.916695
306	0.916695
307	0.916695
308	0.916695
309	0.916695
310	0.916695
311	0.916695
312	0.916695
313	0.916695
314	0.916695
315	0.916695
316	0.916695
317	0.916695
318	0.916695
319	0.916695
320	0.916695
321	0.916695
322	0.916695
323	0.916695
324	0.916695
325	0.916695
326	0.916695
327	0.916695
328	0.916695
329	0.916695
330	0.916695
331	0.916695
332	0.916695
333	0.916695
334	0.916695
335	0.916695
336	0.916695
337	0.916695
338	0.916695
339	0.916695
340	0.916695
341	0.916695
342	0.916695
343	0.916695
344	0.916695
345	0.916695
346	0.916695
347	0.916695
348	0.916695
349	0.916695
350	0.916695
351	0.916695
352	0.916695
353	0.916695
354	0.916695
355	0.916695
356	0.916695
357	0.916695
358	0.916695
359	0.916695
360	0.916695
361	0.916695
362	0.916695
363	0.916695
364	0.916695
365	0.916695
366	0.916695
367	0.916695
368	0.916695
369	0.916695
370	0.916695
371	0.916695
372	0.916695
373	0.916695
374	0.916695
375	0.916695
376	0.916695
377	0.916695
378	0.916695
379	0.916695
380	0.916695
381	0.916695
382	0.916695
383	0.916695
384	0.916695
385	0.916695
386	0.916695
387	0.916695
388	0.916695
389	0.916695
390	0.916695
391	0.916695
392	0.916695
393	0.916695
394	0.916695
395	0.916695
396	0.916695
397	0.916695
398	0.916695
399	0.916695
400	0.916695
401	0.916695
402	0.916695
403	0.916695
404	0.916695
405	0.916695
406	0.916695
407	0.916695
408	0.916695
409	0.916695
410	0.916695
411	0.916695
412	0.916695
413	0.916695
414	0.916695
415	0.916695
416	0.916695
417	0.916695
418	0.916695
419	0.916695
420	0.916695
421	0.916695
422	0.916695
423	0.916695
424	0.916695
425	0.916695
426	0.916695
427	0.916695
428	0.916695
429	0.916695
430	0.916695
431	0.916695
432	0.916695
433	0.916695
434	0.916695
435	0.916695
436	0.916695
437	0.916695
438	0.916695
439	0.916695
440	0.916695
441	0.916695
442	0.916695
443	0.916695
444	0.916695
445	0.916695
446	0.916695
447	0.916695
448	0.916695
449	0.916695
450	0.919456
451	0.919456
452	0.919456
453	0.919456
454	0.919456
455	0.919456
456	0.919456
457	0.919456
458	0.919456
459	0.919456
460	0.919456
461	0.919456
462	0.919456
463	0.919456
464	0.919456
465	0.919456
466	0.919456
467	0.919456
468	0.919456
469	0.919456
470	0.919456
471	0.919456
472	0.919456
473	0.919456
474	0.919456
475	0.919456
476	0.919456
477	0.919456
478	0.919456
479	0.919456
480	0.919456
481	0.919456
482	0.919456
483	0.919456
484	0.919456
485	0.919456
486	0.919456
487	0.919456
488	0.919456
489	0.919456
490	0.919456
491	0.919456
492	0.919456
493	0.919456
494	0.919456
495	0.919456
496	0.919456
497	0.919456
498	0.919456
499	0.919456
500	0.919456
501	0.919456
502	0.919456
503	0.919456
504	0.919456
505	0.919456
506	0.919456
507	0.919456
508	0.919456
509	0.919456
510	0.919456
511	0.919456
512	0.919456
513	0.919456
514	0.919456
515	0.919456
516	0.919456
517	0.919456
518	0.919456
519	0.919456
520	0.919456
521	0.919456
522	0.919456
523	0.919456
524	0.919456
525	0.919456
526	0.919456
527	0.919456
528	0.919456
529	0.919456
530	0.919456
531	0.919456
532	0.919456
533	0.919456
534	0.919456
535	0.919456
536	0.919456
537	0.919456
538	0.919456
539	0.919456
540	0.919456
541	0.919456
542	0.919456
543	0.919456
544	0.919456
545	0.919456
546	0.919456
547	0.919456
548	0.919456
549	0.919456
550	0.919456
551	0.919456
552	0.919456
553	0.919456
554	0.919456
555	0.919456
556	0.919456
557	0.919456
558	0.919456
559	0.919456
560	0.919456
561	0.919456
562	0.919456
563	0.919456
564	0.919456
565	0.919456
566	0.919456
567	0.919456
568	0.919456
569	0.919456
570	0.919456
571	0.919456
572	0.919456
573	0.919456
574	0.919456
575	0.919456
576	0.919456
577	0.919456
578	0.919456
579	0.919456
580	0.919456
581	0.919456
582	0.919456
583	0.919456
584	0.919456
585	0.919456
586	0.919456
587	0.919456
588	0.919456
589	0.919456
590	0.919456
591	0.919456
592	0.919456
593	0.919456
594	0.919456
595	0.919456
596	0.919456
597	0.919456
598	0.919456
599	0.919456
600	0.919456
601	0.919456
602	0.919456
603	0.919456
604	0.919456
605	0.919456
606	0.919456
607	0.919456
608	0.919456
609	0.919456
610	0.919456
611	0.919456
612	0.919456
613	0.919456
614	0.919456
615	0.919456
616	0.919456
617	0.919456
618	0.919456
619	0.919456
620	0.919456
621	0.919456
622	0.919456
623	0.919456
624	0.919456
625	0.919456
626	0.919456
627	0.919456
628	0.919456
629	0.919456
630	0.919456
631	0.919456
632	0.919456
633	0.919456
634	0.919456
635	0.919456
636	0.919456
637	0.919456
638	0.919456
639	0.919456
640	0.919456
641	0.919456
642	0.919456
643	0.919456
644	0.919456
645	0.919456
646	0.919456
647	0.919456
648	0.919456
649	0.919456
650	0.919456
651	0.919456
652	0.919456
653	0.919456
654	0.919456
655	0.919456
656	0.919456
657	0.919456
658	0.919456
659	0.919456
660	0.919456
661	0.919456
662	0.919456
663	0.919456
664	0.919456
665	0.919456
666	0.919456
667	0.919456
668	0.919456
669	0.919456
670	0.919456
671	0.919456
672	0.919456
673	0.919456
674	0.919456
675	0.919456
676	0.919456
677	0.919456
678	0.919456
679	0.919456
680	0.919456
681	0.919456
682	0.919456
683	0.919456
684	0.919456
685	0.919456
686	0.919456
687	0.919456
688	0.919456
689	0.919456
690	0.919456
691	0.919456
692	0.919456
693	0.919456
694	0.919456
695	0.919456
696	0.919456
697	0.919456
698	0.919456
699	0.919456
700	0.919456
701	0.919456
702	0.919456
703	0.919456
704	0.919456
705	0.919456
706	0.919456
707	0.919456
708	0.919456
709	0.919456
710	0.919456
711	0.919456
712	0.919456
713	0.919456
714	0.919456
715	0.919456
716	0.919456
717	0.919456
718	0.919456
719	0.919456
720	0.919456
721	0.919456
722	0.919456
723	0.919456
724	0.919456
725	0.919456
726	0.919456
727	0.919456
728	0.919456
729	0.919456
730	0.919456
731	0.919456
732	0.919456
733	0.919456
734	0.919456
735	0.919456
736	0.919456
737	0.919456
738	0.919456
739	0.919456
740	0.919456
741	0.919456
742	0.919456
743	0.919456
744	0.919456
745	0.919456
746	0.919456
747	0.919456
748	0.919456
749	0.919456
750	0.919456
751	0.919456
752	0.919456
753	0.919456
754	0.919456
755	0.919456
756	0.919456
757	0.919456
758	0.919456
759	0.919456
760	0.919456
761	0.919456
762	0.919456
763	0.919456
764	0.919456
765	0.919456
766	0.919456
767	0.919456
768	0.919456
769	0.919456
770	0.919456
771	0.919456
772	0.919456
773	0.919456
774	0.919456
775	0.919456
776	0.919456
777	0.919456
778	0.919456
779	0.919456
780	0.919456
781	0.919456
782	0.919456
783	0.919456
784	0.919456
785	0.919456
786	0.919456
787	0.919456
788	0.919456
789	0.919456
790	0.919456
791	0.919456
792	0.919456
793	0.919456
794	0.919456
795	0.919456
796	0.919456
797	0.919456
798	0.919456
799	0.919456
800	0.919456
801	0.919456
802	0.919456
803	0.919456
804	0.919456
805	0.919456
806	0.919456
807	0.919456
808	0.919456
809	0.919456
810	0.919456
811	0.919456
812	0.919456
813	0.919456
814	0.919456
815	0.919456
816	0.919456
817	0.919456
818	0.919456
819	0.919456
820	0.919456
821	0.919456
822	0.919456
823	0.919456
824	0.919456
825	0.919456
826	0.919456
827	0.919456
828	0.919456
829	0.919456
830	0.919456
831	0.919456
832	0.919456
833	0.919456
834	0.919456
835	0.919456
836	0.919456
837	0.919456
838	0.919456
839	0.919456
840	0.919456
841	0.919456
842	0.919456
843	0.919456
844	0.919456
845	0.919456
846	0.919456
847	0.919456
848	0.919456
849	0.919456
850	0.919456
851	0.919456
852	0.919456
853	0.919456
854	0.919456
855	0.919456
856	0.919456
857	0.919456
858	0.919456
859	0.919456
860	0.919456
861	0.919456
862	0.919456
863	0.919456
864	0.919456
865	0.919456
866	0.919456
867	0.919456
868	0.919456
869	0.919456
870	0.919456
871	0.919456
872	0.919456
873	0.919456
874	0.919456
875	0.919456
876	0.919456
877	0.919456
878	0.919456
879	0.919456
880	0.919456
881	0.919456
882	0.919456
883	0.919456
884	0.919456
885	0.919456
886	0.919456
887	0.919456
888	0.919456
889	0.919456
890	0.919456
891	0.919456
892	0.919456
893	0.919456
894	0.919456
895	0.919456
896	0.919456
897	0.919456
898	0.919456
899	0.919456
900	0.919456
901	0.919456
902	0.919456
903	0.919456
904	0.919456
905	0.919456
906	0.919456
907	0.919456
908	0.919456
909	0.919456
910	0.919456
911	0.919456
912	0.919456
913	0.919456
914	0.919456
915	0.919456
916	0.919456
917	0.919456
918	0.919456
919	0.919456
920	0.919456
921	0.919456
922	0.919456
923	0.919456
924	0.919456
925	0.919456
926	0.919456
927	0.919456
928	0.919456
929	0.919456
930	0.919456
931	0.919456
932	0.919456
933	0.919456
934	0.919456
935	0.919456
936	0.919456
937	0.919456
938	0.919456
939	0.919456
940	0.919456
941	0.919456
942	0.919456
943	0.919456
944	0.919456
945	0.919456
946	0.919456
947	0.919456
948	0.919456
949	0.919456
950	0.919456
951	0.919456
952	0.919456
953	0.919456
954	0.919456
955	0.919456
956	0.919456
957	0.919456
958	0.919456
959	0.919456
960	0.919456
961	0.919456
962	0.919456
963	0.919456
964	0.919456
965	0.919456
966	0.919456
967	0.919456
968	0.919456
969	0.919456
970	0.919456
971	0.919456
972	0.919456
973	0.919456
974	0.919456
975	0.919456
976	0.919456
977	0.919456
978	0.919456
979	0.919456
980	0.919456
981	0.919456
982	0.919456
983	0.919456
984	0.919456
985	0.919456
986	0.919456
987	0.919456
988	0.919456
989	0.919456
990	0.919456
991	0.919456
992	0.919456
993	0.919456
994	0.919456
995	0.919456
996	0.919456
997	0.919456
998	0.919456
999	0.919456
1000	0.919456
1001	0.919456
1002	0.919456
1003	0.919456
1004	0.919456
1005	0.919456
1006	0.919456
1007	0.919456
1008	0.919456
1009	0.919456
1010	0.919456
1011	0.919456
1012	0.919456
1013	0.919456
1014	0.919456
1015	0.919456
1016	0.919456
1017	0.919456
1018	0.919456
1019	0.919456
1020	0.919456
1021	0.919456
1022	0.919456
1023	0.919456
1024	0.919456
1025	0.919456
1026	0.919456
1027	0.919456
1028	0.919456
1029	0.919456
1030	0.919456
1031	0.919456
1032	0.919456
1033	0.919456
1034	0.919456
1035	0.919456
1036	0.919456
1037	0.919456
1038	0.919456
1039	0.919456
1040	0.919456
1041	0.919456
1042	0.919456
1043	0.919456
1044	0.919456
1045	0.919456
1046	0.919456
1047	0.919456
1048	0.919456
1049	0.919456
1050	0.919456
1051	0.919456
1052	0.919456
1053	0.919456
1054	0.919456
1055	0.919456
1056	0.919456
1057	0.919456
1058	0.919456
1059	0.919456
1060	0.919456
1061	0.919456
1062	0.919456
1063	0.919456
1064	0.919456
1065	0.919456
1066	0.919456
1067	0.919456
1068	0.919456
1069	0.919456
1070	0.919456
1071	0.919456
1072	0.919456
1073	0.919456
1074	0.919456
1075	0.919456
1076	0.919456
1077	0.919456
1078	0.919456
1079	0.919456
1080	0.919456
1081	0.919456
1082	0.919456
1083	0.919456
1084	0.919456
1085	0.919456
1086	0.919456
1087	0.919456
1088	0.919456
1089	0.919456
1090	0.919456
1091	0.919456
1092	0.919456
1093	0.919456
1094	0.919456
1095	0.919456
1096	0.919456
1097	0.919456
1098	0.919456
1099	0.919456
1100	0.919456
1101	0.919456
1102	0.919456
1103	0.919456
1104	0.919456
1105	0.919456
1106	0.919456
1107	0.919456
1108	0.919456
1109	0.919456
1110	0.919456
1111	0.919456
1112	0.919456
1113	0.919456
1114	0.919456
1115	0.919456
1116	0.919456
1117	0.919456
1118	0.919456
1119	0.919456
1120	0.919456
1121	0.919456
1122	0.919456
1123	0.919456
1124	0.919456
1125	0.919456
1126	0.919456
1127	0.919456
1128	0.919456
1129	0.919456
1130	0.919456
1131	0.919456
1132	0.919456
1133	0.919456
1134	0.919456
1135	0.919456
1136	0.919456
1137	0.919456
1138	0.919456
1139	0.919456
1140	0.919456
1141	0.919456
1142	0.919456
1143	0.919456
1144	0.919456
1145	0.919456
1146	0.919456
1147	0.919456
1148	0.919456
1149	0.919456
1150	0.919456
1151	0.919456
1152	0.919456
1153	0.919456
1154	0.919456
1155	0.919456
1156	0.919456
1157	0.919456
1158	0.919456
1159	0.919456
1160	0.919456
1161	0.919456
1162	0.919456
1163	0.919456
1164	0.919456
1165	0.919456
1166	0.919456
1167	0.919456
1168	0.919456
1169	0.919456
1170	0.919456
1171	0.919456
1172	0.919456
1173	0.919456
1174	0.919456
1175	0.919456
1176	0.919456
1177	0.919456
1178	0.919456
1179	0.919456
1180	0.919456
1181	0.919456
1182	0.919456
1183	0.919456
1184	0.919456
1185	0.919456
1186	0.919456
1187	0.919456
1188	0.919456
1189	0.919456
1190	0.919456
1191	0.919456
1192	0.919456
1193	0.919456
1194	0.919456
1195	0.919456
1196	0.919456
1197	0.919456
1198	0.919456
1199	0.919456
1200	0.919456
1201	0.919456
1202	0.919456
1203	0.919456
1204	0.919456
1205	0.919456
1206	0.919456
1207	0.919456
1208	0.919456
1209	0.919456
1210	0.919456
1211	0.919456
1212	0.919456
1213	0.919456
1214	0.919456
1215	0.919456
1216	0.919456
1217	0.919456
1218	0.919456
1219	0.919456
1220	0.919456
1221	0.919456
1222	0.919456
1223	0.919456
1224	0.919456
1225	0.919456
1226	0.919456
1227	0.919456
1228	0.919456
1229	0.919456
1230	0.919456
1231	0.919456
1232	0.919456
1233	0.919456
1234	0.919456
1235	0.919456
1236	0.919456
1237	0.919456
1238	0.919456
1239	0.919456
1240	0.919456
1241	0.919456
1242	0.919456
1243	0.919456
1244	0.919456
1245	0.919456
1246	0.919456
1247	0.919456
1248	0.919456
1249	0.919456
1250	0.919456
1251	0.919456
1252	0.919456
1253	0.919456
1254	0.919456
1255	0.919456
1256	0.919456
1257	0.919456
1258	0.919456
1259	0.919456
1260	0.919456
1261	0.919456
1262	0.919456
1263	0.919456
1264	0.919456
1265	0.919456
1266	0.919456
1267	0.919456
1268	0.919456
1269	0.919456
1270	0.919456
1271	0.919456
1272	0.919456
1273	0.919456
1274	0.919456
1275	0.919456
1276	0.919456
1277	0.919456
1278	0.919456
1279	0.919456
1280	0.919456
1281	0.919456
1282	0.919456
1283	0.919456
1284	0.919456
1285	0.919456
1286	0.919456
1287	0.919456
1288	0.919456
1289	0.919456
1290	0.919456
1291	0.919456
1292	0.919456
1293	0.919456
1294	0.919456
1295	0.919456
1296	0.919456
1297	0.919456
1298	0.919456
1299	0.919456
1300	0.919456
1301	0.919456
1302	0.919456
1303	0.919456
1304	0.919456
1305	0.919456
1306	0.919456
1307	0.919456
1308	0.919456
1309	0.919456
1310	0.919456
1311	0.919456
1312	0.919456
1313	0.919456
1314	0.919456
1315	0.919456
1316	0.919456
1317	0.919456
1318	0.919456
1319	0.919456
1320	0.919456
1321	0.919456
1322	0.919456
1323	0.919456
1324	0.919456
1325	0.919456
1326	0.919456
1327	0.919456
1328	0.919456
1329	0.919456
1330	0.919456
1331	0.919456
1332	0.919456
1333	0.919456
1334	0.919456
1335	0.919456
1336	0.919456
1337	0.919456
1338	0.919456
1339	0.919456
1340	0.919456
1341	0.919456
1342	0.919456
1343	0.919456
1344	0.919456
1345	0.919456
1346	0.919456
1347	0.919456
1348	0.919456
1349	0.919456
1350	0.919456
1351	0.919456
1352	0.919456
1353	0.919456
1354	0.919456
1355	0.919456
1356	0.919456
1357	0.919456
1358	0.919456
1359	0.919456
1360	0.919456
1361	0.919456
1362	0.919456
1363	0.919456
1364	0.919456
1365	0.919456
1366	0.919456
1367	0.919456
1368	0.919456
1369	0.919456
1370	0.919456
1371	0.919456
1372	0.919456
1373	0.919456
1374	0.919456
1375	0.919456
1376	0.919456
1377	0.919456
1378	0.919456
1379	0.919456
1380	0.919456
1381	0.919456
1382	0.919456
1383	0.919456
1384	0.919456
1385	0.919456
1386	0.919456
1387	0.919456
1388	0.919456
1389	0.919456
1390	0.919456
1391	0.919456
1392	0.919456
1393	0.919456
1394	0.919456
1395	0.919456
1396	0.919456
1397	0.919456
1398	0.919456
1399	0.919456
1400	0.919456
1401	0.919456
1402	0.919456
1403	0.919456
1404	0.919456
1405	0.919456
1406	0.919456
1407	0.919456
1408	0.919456
1409	0.919456
1410	0.919456
1411	0.919456
1412	0.919456
1413	0.919456
1414	0.919456
1415	0.919456
1416	0.919456
1417	0.919456
1418	0.919456
1419	0.919456
1420	0.919456
1421	0.919456
1422	0.919456
1423	0.919456
1424	0.919456
1425	0.919456
1426	0.919456
1427	0.919456
1428	0.919456
1429	0.919456
1430	0.919456
1431	0.919456
1432	0.919456
1433	0.919456
1434	0.919456
1435	0.919456
1436	0.919456
1437	0.919456
1438	0.919456
1439	0.919456
1440	0.919456
1441	0.919456
1442	0.919456
1443	0.919456
1444	0.919456
1445	0.919456
1446	0.919456
1447	0.919456
1448	0.919456
1449	0.919456
1450	0.919456
1451	0.919456
1452	0.919456
1453	0.919456
1454	0.919456
1455	0.919456
1456	0.919456
1457	0.919456
1458	0.919456
1459	0.919456
1460	0.919456
1461	0.919456
1462	0.919456
1463	0.919456
1464	0.919456
1465	0.919456
1466	0.919456
1467	0.919456
1468	0.919456
1469	0.919456
1470	0.919456
1471	0.919456
1472	0.919456
1473	0.919456
1474	0.919456
1475	0.919456
1476	0.919456
1477	0.919456
1478	0.919456
1479	0.919456
1480	0.919456
1481	0.919456
1482	0.919456
1483	0.919456
1484	0.919456
1485	0.919456
1486	0.919456
1487	0.919456
1488	0.919456
1489	0.919456
1490	0.919456
1491	0.919456
1492	0.919456
1493	0.919456
1494	0.919456
1495	0.919456
1496	0.919456
1497	0.919456
1498	0.919456
1499	0.919456
1500	0.919456
1501	0.919456
1502	0.919456
1503	0.919456
1504	0.919456
1505	0.919456
1506	0.919456
1507	0.919456
1508	0.919456
1509	0.919456
1510	0.919456
1511	0.941548
1512	0.941548
1513	0.941548
1514	0.941548
1515	0.941548
1516	0.941548
1517	0.941548
1518	0.941548
1519	0.941548
1520	0.941548
1521	0.941548
1522	0.941548
1523	0.941548
1524	0.941548
1525	0.941548
1526	0.941548
1527	0.941548
1528	0.941548
1529	0.941548
1530	0.941548
1531	0.941548
1532	0.941548
1533	0.941548
1534	0.941548
1535	0.941548
1536	0.941548
1537	0.941548
1538	0.941548
1539	0.941548
1540	0.941548
1541	0.941548
1542	0.941548
1543	0.941548
1544	0.941548
1545	0.941548
1546	0.941548
1547	0.941548
1548	0.941548
1549	0.941548
1550	0.941548
1551	0.941548
1552	0.941548
1553	0.941548
1554	0.941548
1555	0.941548
1556	0.941548
1557	0.941548
1558	0.941548
1559	0.941548
1560	0.941548
1561	0.941548
1562	0.941548
1563	0.941548
1564	0.941548
1565	0.941548
1566	0.941548
1567	0.941548
1568	0.941548
1569	0.941548
1570	0.941548
1571	0.941548
1572	0.941548
1573	0.941548
1574	0.941548
1575	0.941548
1576	0.941548
1577	0.941548
1578	0.941548
1579	0.941548
1580	0.941548
1581	0.941548
1582	0.941548
1583	0.941548
1584	0.941548
1585	0.941548
1586	0.941548
1587	0.941548
1588	0.941548
1589	0.941548
1590	0.941548
1591	0.941548
1592	0.941548
1593	0.941548
1594	0.941548
1595	0.941548
1596	0.941548
1597	0.941548
1598	0.941548
1599	0.941548
1600	0.941548
1601	0.941548
1602	0.941548
1603	0.941548
1604	0.941548
1605	0.941548
1606	0.941548
1607	0.941548
1608	0.941548
1609	0.941548
1610	0.941548
1611	0.941548
1612	0.941548
1613	0.941548
1614	0.941548
1615	0.941548
1616	0.941548
1617	0.941548
1618	0.941548
1619	0.941548
1620	0.941548
1621	0.941548
1622	0.941548
1623	0.941548
1624	0.941548
1625	0.941548
1626	0.941548
1627	0.941548
1628	0.941548
1629	0.941548
1630	0.941548
1631	0.941548
1632	0.941548
1633	0.941548
1634	0.941548
1635	0.941548
1636	0.941548
1637	0.941548
1638	0.941548
1639	0.941548
1640	0.941548
1641	0.941548
1642	0.941548
1643	0.941548
1644	0.941548
1645	0.941548
1646	0.941548
1647	0.941548
1648	0.941548
1649	0.941548
1650	0.941548
1651	0.941548
1652	0.941548
1653	0.941548
1654	0.941548
1655	0.941548
1656	0.941548
1657	0.941548
1658	0.941548
1659	0.941548
1660	0.941548
1661	0.941548
1662	0.941548
1663	0.941548
1664	0.941548
1665	0.941548
1666	0.941548
1667	0.941548
1668	0.941548
1669	0.941548
1670	0.941548
1671	0.941548
1672	0.941548
1673	0.941548
1674	0.941548
1675	0.941548
1676	0.941548
1677	0.941548
1678	0.941548
1679	0.941548
1680	0.941548
1681	0.941548
1682	0.941548
1683	0.941548
1684	0.941548
1685	0.941548
1686	0.941548
1687	0.941548
1688	0.941548
1689	0.941548
1690	0.941548
1691	0.941548
1692	0.941548
1693	0.941548
1694	0.941548
1695	0.941548
1696	0.941548
1697	0.941548
1698	0.941548
1699	0.941548
1700	0.941548
1701	0.941548
1702	0.941548
1703	0.941548
1704	0.941548
1705	0.941548
1706	0.941548
1707	0.941548
1708	0.941548
1709	0.941548
1710	0.941548
1711	0.941548
1712	0.941548
1713	0.941548
1714	0.941548
1715	0.941548
1716	0.941548
1717	0.941548
1718	0.941548
1719	0.941548
1720	0.941548
1721	0.941548
1722	0.941548
1723	0.941548
1724	0.941548
1725	0.941548
1726	0.941548
1727	0.941548
1728	0.941548
1729	0.941548
1730	0.941548
1731	0.941548
1732	0.941548
1733	0.941548
1734	0.941548
1735	0.941548
1736	0.941548
1737	0.941548
1738	0.941548
1739	0.941548
1740	0.941548
1741	0.941548
1742	0.941548
1743	0.941548
1744	0.941548
1745	0.941548
1746	0.941548
1747	0.941548
1748	0.941548
1749	0.941548
1750	0.941548
1751	0.941548
1752	0.941548
1753	0.941548
1754	0.941548
1755	0.941548
1756	0.941548
1757	0.941548
1758	0.941548
1759	0.941548
1760	0.941548
1761	0.941548
1762	0.941548
1763	0.941548
1764	0.941548
1765	0.941548
1766	0.941548
1767	0.941548
1768	0.941548
1769	0.941548
1770	0.941548
1771	0.941548
1772	0.941548
1773	0.941548
1774	0.941548
1775	0.941548
1776	0.941548
1777	0.941548
1778	0.941548
1779	0.941548
1780	0.941548
1781	0.941548
1782	0.941548
1783	0.941548
1784	0.941548
1785	0.941548
1786	0.941548
1787	0.941548
1788	0.941548
1789	0.941548
1790	0.941548
1791	0.941548
1792	0.941548
1793	0.941548
1794	0.941548
1795	0.941548
1796	0.941548
1797	0.941548
1798	0.941548
1799	0.941548
1800	0.941548
1801	0.941548
1802	0.941548
1803	0.941548
1804	0.941548
1805	0.941548
1806	0.941548
1807	0.941548
1808	0.941548
1809	0.941548
1810	0.941548
1811	0.941548
1812	0.941548
1813	0.941548
1814	0.941548
1815	0.941548
1816	0.941548
1817	0.941548
1818	0.941548
1819	0.941548
1820	0.941548
1821	0.941548
1822	0.941548
1823	0.941548
1824	0.941548
1825	0.941548
1826	0.941548
1827	0.941548
1828	0.941548
1829	0.941548
1830	0.941548
1831	0.941548
1832	0.941548
1833	0.941548
1834	0.941548
1835	0.941548
1836	0.941548
1837	0.941548
1838	0.941548
1839	0.941548
1840	0.941548
1841	0.941548
1842	0.941548
1843	0.941548
1844	0.941548
1845	0.941548
1846	0.941548
1847	0.941548
1848	0.941548
1849	0.941548
1850	0.941548
1851	0.941548
1852	0.941548
1853	0.941548
1854	0.941548
1855	0.941548
1856	0.941548
1857	0.941548
1858	0.941548
1859	0.941548
1860	0.941548
1861	0.941548
1862	0.941548
1863	0.941548
1864	0.941548
1865	0.941548
1866	0.941548
1867	0.941548
1868	0.941548
1869	0.941548
1870	0.941548
1871	0.941548
1872	0.941548
1873	0.941548
1874	0.941548
1875	0.941548
1876	0.941548
1877	0.941548
1878	0.941548
1879	0.941548
1880	0.941548
1881	0.941548
1882	0.941548
1883	0.941548
1884	0.941548
1885	0.941548
1886	0.941548
1887	0.941548
1888	0.941548
1889	0.941548
1890	0.941548
1891	0.941548
1892	0.941548
1893	0.941548
1894	0.941548
1895	0.941548
1896	0.941548
1897	0.941548
1898	0.941548
1899	0.941548
1900	0.941548
1901	0.941548
1902	0.941548
1903	0.941548
1904	0.941548
1905	0.941548
1906	0.941548
1907	0.941548
1908	0.941548
1909	0.941548
1910	0.941548
1911	0.941548
1912	0.941548
1913	0.941548
1914	0.941548
1915	0.941548
1916	0.941548
1917	0.941548
1918	0.941548
1919	0.959958
1920	0.959958
1921	0.959958
1922	0.959958
1923	0.959958
1924	0.959958
1925	0.959958
1926	0.959958
1927	0.959958
1928	0.959958
1929	0.959958
1930	0.959958
1931	0.959958
1932	0.959958
1933	0.959958
1934	0.959958
1935	0.959958
1936	0.959958
1937	0.959958
1938	0.959958
1939	0.959958
1940	0.959958
1941	0.959958
1942	0.959958
1943	0.959958
1944	0.959958
1945	0.959958
1946	0.959958
1947	0.959958
1948	0.959958
1949	0.959958
1950	0.959958
1951	0.959958
1952	0.959958
1953	0.959958
1954	0.959958
1955	0.959958
1956	0.959958
1957	0.959958
1958	0.959958
1959	0.959958
1960	0.959958
1961	0.959958
1962	0.959958
1963	0.959958
1964	0.959958
1965	0.959958
1966	0.959958
1967	0.959958
1968	0.959958
1969	0.959958
1970	0.959958
1971	0.959958
1972	0.959958
1973	0.959958
1974	0.959958
1975	0.959958
1976	0.959958
1977	0.959958
1978	0.959958
1979	0.959958
1980	0.959958
1981	0.959958
1982	0.959958
1983	0.959958
1984	0.959958
1985	0.959958
1986	0.959958
1987	0.959958
1988	0.959958
1989	0.959958
1990	0.959958
1991	0.959958
1992	0.959958
1993	0.959958
1994	0.959958
1995	0.959958
1996	0.959958
1997	0.959958
1998	0.959958
1999	0.959958
2000	0.959958
2001	0.959958
2002	0.959958
2003	0.959958
2004	0.959958
2005	0.959958
2006	0.959958
2007	0.959958
2008	0.959958
2009	0.959958
2010	0.959958
2011	0.959958
2012	0.959958
2013	0.959958
2014	0.959958
2015	0.959958
2016	0.959958
2017	0.959958
2018	0.959958
2019	0.959958
2020	0.959958
2021	0.959958
2022	0.959958
2023	0.959958
2024	0.959958
2025	0.959958
2026	0.959958
2027	0.959958
2028	0.959958
2029	0.959958
2030	0.959958
2031	0.959958
2032	0.959958
2033	0.959958
2034	0.959958
2035	0.959958
2036	0.959958
2037	0.959958
2038	0.959958
2039	0.959958
2040	0.959958
2041	0.959958
2042	0.959958
2043	0.959958
2044	0.959958
2045	0.959958
2046	0.959958
2047	0.959958
2048	0.959958
2049	0.959958
2050	0.959958
2051	0.959958
2052	0.959958
2053	0.959958
2054	0.959958
2055	0.959958
2056	0.959958
2057	0.959958
2058	0.959958
2059	0.959958
2060	0.959958
2061	0.959958
2062	0.959958
2063	0.959958
2064	0.959958
2065	0.959958
2066	0.959958
2067	0.959958
2068	0.959958
2069	0.959958
2070	0.959958
2071	0.959958
2072	0.959958
2073	0.959958
2074	0.959958
2075	0.959958
2076	0.959958
2077	0.959958
2078	0.959958
2079	0.959958
2080	0.959958
2081	0.959958
2082	0.959958
2083	0.959958
2084	0.959958
2085	0.959958
2086	0.959958
2087	0.959958
2088	0.959958
2089	0.959958
2090	0.959958
2091	0.959958
2092	0.959958
2093	0.959958
2094	0.959958
2095	0.959958
2096	0.959958
2097	0.959958
2098	0.959958
2099	0.959958
2100	0.959958
2101	0.959958
2102	0.959958
2103	0.959958
2104	0.959958
2105	0.959958
2106	0.959958
2107	0.959958
2108	0.959958
2109	0.959958
2110	0.959958
2111	0.959958
2112	0.959958
2113	0.959958
2114	0.959958
2115	0.959958
2116	0.959958
2117	0.959958
2118	0.959958
2119	0.959958
2120	0.959958
2121	0.959958
2122	0.959958
2123	0.959958
2124	0.959958
2125	0.959958
2126	0.959958
2127	0.959958
2128	0.959958
2129	0.959958
2130	0.959958
2131	0.959958
2132	0.959958
2133	0.959958
2134	0.959958
2135	0.959958
2136	0.959958
2137	0.959958
2138	0.959958
2139	0.959958
2140	0.959958
2141	0.959958
2142	0.959958
2143	0.959958
2144	0.959958
2145	0.959958
2146	0.959958
2147	0.959958
2148	0.959958
2149	0.959958
2150	0.959958
2151	0.959958
2152	0.959958
2153	0.959958
2154	0.959958
2155	0.959958
2156	0.959958
2157	0.959958
2158	0.959958
2159	0.959958
2160	0.959958
2161	0.959958
2162	0.959958
2163	0.959958
2164	0.959958
2165	0.959958
2166	0.959958
2167	0.959958
2168	0.959958
2169	0.959958
2170	0.959958
2171	0.959958
2172	0.959958
2173	0.959958
2174	0.959958
2175	0.959958
2176	0.959958
2177	0.959958
2178	0.959958
2179	0.959958
2180	0.959958
2181	0.959958
2182	0.959958
2183	0.959958
2184	0.959958
2185	0.959958
2186	0.959958
2187	0.959958
2188	0.959958
2189	0.959958
2190	0.959958
2191	0.959958
2192	0.959958
2193	0.959958
2194	0.959958
2195	0.959958
2196	0.961339
2197	0.961339
2198	0.961339
2199	0.961339
2200	0.961339
2201	0.961339
2202	0.961339
2203	0.961339
2204	0.961339
2205	0.961339
2206	0.961339
2207	0.961339
2208	0.961339
2209	0.961339
2210	0.961339
2211	0.961339
2212	0.961339
2213	0.961339
2214	0.961339
2215	0.961339
2216	0.961339
2217	0.961339
2218	0.961339
2219	0.961339
2220	0.961339
2221	0.961339
2222	0.961339
2223	0.961339
2224	0.961339
2225	0.961339
2226	0.961339
2227	0.961339
2228	0.961339
2229	0.961339
2230	0.961339
2231	0.961339
2232	0.961339
2233	0.961339
2234	0.961339
2235	0.961339
2236	0.961339
2237	0.961339
2238	0.961339
2239	0.961339
2240	0.961339
2241	0.961339
2242	0.961339
2243	0.961339
2244	0.961339
2245	0.961339
2246	0.961339
2247	0.961339
2248	0.961339
2249	0.961339
2250	0.961339
2251	0.961339
2252	0.961339
2253	0.961339
2254	0.961339
2255	0.961339
2256	0.961339
2257	0.961339
2258	0.961339
2259	0.961339
2260	0.961339
2261	0.961339
2262	0.961339
2263	0.961339
2264	0.961339
2265	0.961339
2266	0.961339
2267	0.961339
2268	0.961339
2269	0.961339
2270	0.961339
2271	0.961339
2272	0.961339
2273	0.961339
2274	0.961339
2275	0.961339
2276	0.961339
2277	0.961339
2278	0.961339
2279	0.961339
2280	0.961339
2281	0.961339
2282	0.961339
2283	0.961339
2284	0.961339
2285	0.961339
2286	0.961339
2287	0.961339
2288	0.961339
2289	0.961339
2290	0.961339
2291	0.961339
2292	0.961339
2293	0.961339
2294	0.961339
2295	0.961339
2296	0.961339
2297	0.961339
2298	0.961339
2299	0.961339
2300	0.961339
2301	0.961339
2302	0.961339
2303	0.961339
2304	0.961339
2305	0.961339
2306	0.961339
2307	0.961339
2308	0.961339
2309	0.961339
2310	0.961339
2311	0.961339
2312	0.961339
2313	0.961339
2314	0.961339
2315	0.961339
2316	0.961339
2317	0.961339
2318	0.961339
2319	0.961339
2320	0.961339
2321	0.961339
2322	0.961339
2323	0.961339
2324	0.961339
2325	0.961339
2326	0.961339
2327	0.961339
2328	0.961339
2329	0.961339
2330	0.961339
2331	0.961339
2332	0.961339
2333	0.961339
2334	0.961339
2335	0.961339
2336	0.961339
2337	0.961339
2338	0.961339
2339	0.961339
2340	0.961339
2341	0.961339
2342	0.961339
2343	0.961339
2344	0.961339
2345	0.961339
2346	0.961339
2347	0.961339
2348	0.961339
2349	0.961339
2350	0.961339
2351	0.961339
2352	0.961339
2353	0.961339
2354	0.961339
2355	0.961339
2356	0.961339
2357	0.961339
2358	0.961339
2359	0.961339
2360	0.961339
2361	0.961339
2362	0.961339
2363	0.961339
2364	0.961339
2365	0.961339
2366	0.961339
2367	0.961339
2368	0.961339
2369	0.961339
2370	0.961339
2371	0.961339
2372	0.961339
2373	0.961339
2374	0.961339
2375	0.961339
2376	0.961339
2377	0.961339
2378	0.961339
2379	0.961339
2380	0.961339
2381	0.961339
2382	0.961339
2383	0.961339
2384	0.961339
2385	0.961339
2386	0.961339
2387	0.961339
2388	0.961339
2389	0.961339
2390	0.961339
2391	0.961339
2392	0.961339
2393	0.961339
2394	0.961339
2395	0.961339
2396	0.961339
2397	0.961339
2398	0.961339
2399	0.961339
2400	0.961339
2401	0.961339
2402	0.961339
2403	0.961339
2404	0.961339
2405	0.961339
2406	0.961339
2407	0.961339
2408	0.961339
2409	0.961339
2410	0.961339
2411	0.961339
2412	0.961339
2413	0.961339
2414	0.961339
2415	0.961339
2416	0.961339
2417	0.961339
2418	0.961339
2419	0.961339
2420	0.961339
2421	0.961339
2422	0.961339
2423	0.961339
2424	0.961339
2425	0.961339
2426	0.961339
2427	0.961339
2428	0.961339
2429	0.961339
2430	0.961339
2431	0.961339
2432	0.961339
2433	0.961339
2434	0.961339
2435	0.961339
2436	0.961339
2437	0.961339
2438	0.961339
2439	0.961339
2440	0.961339
2441	0.961339
2442	0.961339
2443	0.961339
2444	0.961339
2445	0.961339
2446	0.961339
2447	0.961339
2448	0.961339
2449	0.961339
2450	0.961339
2451	0.961339
2452	0.961339
2453	0.961339
2454	0.961339
2455	0.961339
2456	0.961339
2457	0.961339
2458	0.961339
2459	0.961339
2460	0.961339
2461	0.961339
2462	0.961339
2463	0.961339
2464	0.961339
2465	0.961339
2466	0.961339
2467	0.961339
2468	0.961339
2469	0.961339
2470	0.961339
2471	0.961339
2472	0.961339
2473	0.961339
2474	0.961339
2475	0.961339
2476	0.961339
2477	0.961339
2478	0.961339
2479	0.961339
2480	0.961339
2481	0.961339
2482	0.961339
2483	0.961339
2484	0.961339
2485	0.961339
2486	0.961339
2487	0.961339
2488	0.961339
2489	0.961339
2490	0.961339
2491	0.961339
2492	0.961339
2493	0.961339
2494	0.961339
2495	0.961339
2496	0.961339
2497	0.961339
2498	0.961339
2499	0.961339
2500	0.961339
2501	0.961339
2502	0.961339
2503	0.961339
2504	0.961339
2505	0.961339
2506	0.961339
2507	0.961339
2508	0.961339
2509	0.961339
2510	0.961339
2511	0.961339
2512	0.961339
2513	0.961339
2514	0.961339
2515	0.961339
2516	0.961339
2517	0.961339
2518	0.961339
2519	0.961339
2520	0.961339
2521	0.961339
2522	0.961339
2523	0.961339
2524	0.961339
2525	0.961339
2526	0.961339
2527	0.961339
2528	0.961339
2529	0.961339
2530	0.961339
2531	0.961339
2532	0.961339
2533	0.961339
2534	0.961339
2535	0.961339
2536	0.961339
2537	0.961339
2538	0.961339
2539	0.961339
2540	0.961339
2541	0.961339
2542	0.961339
2543	0.961339
2544	0.961339
2545	0.961339
2546	0.961339
2547	0.961339
2548	0.961339
2549	0.961339
2550	0.961339
2551	0.961339
2552	0.961339
2553	0.961339
2554	0.961339
2555	0.961339
2556	0.961339
2557	0.961339
2558	0.961339
2559	0.961339
2560	0.961339
2561	0.961339
2562	0.961339
2563	0.961339
2564	0.961339
2565	0.961339
2566	0.961339
2567	0.961339
2568	0.961339
2569	0.961339
2570	0.961339
2571	0.961339
2572	0.961339
2573	0.961339
2574	0.961339
2575	0.961339
2576	0.961339
2577	0.961339
2578	0.961339
2579	0.961339
2580	0.961339
2581	0.961339
2582	0.961339
2583	0.961339
2584	0.961339
2585	0.961339
2586	0.961339
2587	0.961339
2588	0.961339
2589	0.961339
2590	0.961339
2591	0.961339
2592	0.961339
2593	0.961339
2594	0.961339
2595	0.961339
2596	0.961339
2597	0.961339
2598	0.961339
2599	0.961339
2600	0.961339
2601	0.961339
2602	0.961339
2603	0.961339
2604	0.961339
2605	0.961339
2606	0.961339
2607	0.961339
2608	0.961339
2609	0.961339
2610	0.961339
2611	0.961339
2612	0.961339
2613	0.961339
2614	0.961339
2615	0.961339
2616	0.961339
2617	0.961339
2618	0.961339
2619	0.961339
2620	0.961339
2621	0.961339
2622	0.961339
2623	0.961339
2624	0.961339
2625	0.961339
2626	0.961339
2627	0.961339
2628	0.961339
2629	0.961339
2630	0.961339
2631	0.961339
2632	0.961339
2633	0.961339
2634	0.961339
2635	0.961339
2636	0.961339
2637	0.961339
2638	0.961339
2639	0.961339
2640	0.961339
2641	0.961339
2642	0.961339
2643	0.961339
2644	0.961339
2645	0.961339
2646	0.961339
2647	0.961339
2648	0.961339
2649	0.961339
2650	0.961339
2651	0.961339
2652	0.961339
2653	0.961339
2654	0.961339
2655	0.961339
2656	0.961339
2657	0.961339
2658	0.961339
2659	0.961339
2660	0.961339
2661	0.961339
2662	0.961339
2663	0.961339
2664	0.961339
2665	0.961339
2666	0.961339
2667	0.961339
2668	0.961339
2669	0.961339
2670	0.961339
2671	0.961339
2672	0.961339
2673	0.961339
2674	0.961339
2675	0.961339
2676	0.961339
2677	0.961339
2678	0.961339
2679	0.961339
2680	0.961339
2681	0.961339
2682	0.961339
2683	0.961339
2684	0.961339
2685	0.961339
2686	0.961339
2687	0.961339
2688	0.961339
2689	0.961339
2690	0.961339
2691	0.961339
2692	0.961339
2693	0.961339
2694	0.961339
2695	0.961339
2696	0.961339
2697	0.961339
2698	0.961339
2699	0.961339
2700	0.961339
2701	0.961339
2702	0.961339
2703	0.961339
2704	0.961339
2705	0.961339
2706	0.961339
2707	0.961339
2708	0.961339
2709	0.961339
2710	0.961339
2711	0.961339
2712	0.961339
2713	0.961339
2714	0.961339
2715	0.961339
2716	0.961339
2717	0.961339
2718	0.961339
2719	0.961339
2720	0.961339
2721	0.961339
2722	0.961339
2723	0.961339
2724	0.961339
2725	0.961339
2726	0.961339
2727	0.961339
2728	0.961339
2729	0.961339
2730	0.961339
2731	0.961339
2732	0.961339
2733	0.961339
2734	0.961339
2735	0.961339
2736	0.961339
2737	0.961339
2738	0.961339
2739	0.961339
2740	0.961339
2741	0.961339
2742	0.961339
2743	0.961339
2744	0.961339
2745	0.961339
2746	0.961339
2747	0.961339
2748	0.961339
2749	0.961339
2750	0.961339
2751	0.961339
2752	0.961339
2753	0.961339
2754	0.961339
2755	0.961339
2756	0.961339
2757	0.961339
2758	0.961339
2759	0.961339
2760	0.961339
2761	0.961339
2762	0.961339
2763	0.961339
2764	0.961339
2765	0.961339
2766	0.961339
2767	0.961339
2768	0.961339
2769	0.961339
2770	0.961339
2771	0.961339
2772	0.961339
2773	0.961339
2774	0.961339
2775	0.961339
2776	0.961339
2777	0.961339
2778	0.961339
2779	0.961339
2780	0.961339
2781	0.961339
2782	0.961339
2783	0.961339
2784	0.961339
2785	0.961339
2786	0.961339
2787	0.961339
2788	0.961339
2789	0.961339
2790	0.961339
2791	0.961339
2792	0.961339
2793	0.961339
2794	0.961339
2795	0.961339
2796	0.961339
2797	0.961339
2798	0.961339
2799	0.961339
2800	0.961339
2801	0.961339
2802	0.961339
2803	0.961339
2804	0.961339
2805	0.961339
2806	0.961339
2807	0.961339
2808	0.961339
2809	0.961339
2810	0.961339
2811	0.961339
2812	0.961339
2813	0.961339
2814	0.961339
2815	0.961339
2816	0.961339
2817	0.961339
2818	0.961339
2819	0.961339
2820	0.961339
2821	0.961339
2822	0.961339
2823	0.961339
2824	0.961339
2825	0.961339
2826	0.961339
2827	0.961339
2828	0.961339
2829	0.961339
2830	0.961339
2831	0.961339
2832	0.961339
2833	0.961339
2834	0.961339
2835	0.961339
2836	0.961339
2837	0.961339
2838	0.961339
2839	0.961339
2840	0.961339
2841	0.961339
2842	0.961339
2843	0.961339
2844	0.961339
2845	0.961339
2846	0.961339
2847	0.961339
2848	0.961339
2849	0.961339
2850	0.961339
2851	0.961339
2852	0.961339
2853	0.961339
2854	0.961339
2855	0.961339
2856	0.961339
2857	0.961339
2858	0.961339
2859	0.961339
2860	0.961339
2861	0.961339
2862	0.961339
2863	0.961339
2864	0.961339
2865	0.961339
2866	0.961339
2867	0.961339
2868	0.961339
2869	0.961339
2870	0.961339
2871	0.961339
2872	0.961339
2873	0.961339
2874	0.961339
2875	0.961339
2876	0.961339
2877	0.961339
2878	0.961339
2879	0.961339
2880	0.961339
2881	0.961339
2882	0.961339
2883	0.961339
2884	0.961339
2885	0.961339
2886	0.961339
2887	0.961339
2888	0.961339
2889	0.961339
2890	0.961339
2891	0.961339
2892	0.961339
2893	0.961339
2894	0.961339
2895	0.961339
2896	0.961339
2897	0.961339
2898	0.961339
2899	0.961339
2900	0.961339
2901	0.961339
2902	0.961339
2903	0.961339
2904	0.961339
2905	0.961339
2906	0.961339
2907	0.961339
2908	0.961339
2909	0.961339
2910	0.961339
2911	0.961339
2912	0.961339
2913	0.961339
2914	0.961339
2915	0.961339
2916	0.961339
2917	0.961339
2918	0.961339
2919	0.961339
2920	0.961339
2921	0.961339
2922	0.961339
2923	0.961339
2924	0.961339
2925	0.961339
2926	0.961339
2927	0.961339
2928	0.961339
2929	0.961339
2930	0.961339
2931	0.961339
2932	0.961339
2933	0.961339
2934	0.961339
2935	0.961339
2936	0.961339
2937	0.961339
2938	0.961339
2939	0.961339
2940	0.961339
2941	0.961339
2942	0.961339
2943	0.961339
2944	0.961339
2945	0.961339
2946	0.961339
2947	0.961339
2948	0.961339
2949	0.961339
2950	0.961339
2951	0.961339
2952	0.961339
2953	0.961339
2954	0.961339
2955	0.961339
2956	0.961339
2957	0.961339
2958	0.961339
2959	0.961339
2960	0.961339
2961	0.961339
2962	0.961339
2963	0.961339
2964	0.961339
2965	0.961339
2966	0.961339
2967	0.961339
2968	0.961339
2969	0.961339
2970	0.961339
2971	0.961339
2972	0.961339
2973	0.961339
2974	0.961339
2975	0.961339
2976	0.961339
2977	0.961339
2978	0.961339
2979	0.961339
2980	0.961339
2981	0.961339
2982	0.961339
2983	0.961339
2984	0.961339
2985	0.961339
2986	0.961339
2987	0.961339
2988	0.961339
2989	0.961339
2990	0.961339
2991	0.961339
2992	0.961339
2993	0.961339
2994	0.961339
2995	0.961339
2996	0.961339
2997	0.961339
2998	0.961339
2999	0.961339
3000	0.961339
3001	0.961339
3002	0.961339
3003	0.961339
3004	0.961339
3005	0.961339
3006	0.961339
3007	0.961339
3008	0.961339
3009	0.961339
3010	0.961339
3011	0.961339
3012	0.961339
3013	0.961339
3014	0.961339
3015	0.961339
3016	0.961339
3017	0.961339
3018	0.961339
3019	0.961339
3020	0.961339
3021	0.961339
3022	0.961339
3023	0.961339
3024	0.961339
3025	0.961339
3026	0.961339
3027	0.961339
3028	0.961339
3029	0.961339
3030	0.961339
3031	0.961339
3032	0.961339
3033	0.961339
3034	0.961339
3035	0.961339
3036	0.961339
3037	0.961339
3038	0.961339
3039	0.961339
3040	0.961339
3041	0.961339
3042	0.961339
3043	0.961339
3044	0.961339
3045	0.961339
3046	0.961339
3047	0.961339
3048	0.961339
3049	0.961339
3050	0.961339
3051	0.961339
3052	0.961339
3053	0.961339
3054	0.961339
3055	0.961339
3056	0.961339
3057	0.961339
3058	0.961339
3059	0.961339
3060	0.961339
3061	0.961339
3062	0.961339
3063	0.961339
3064	0.961339
3065	0.961339
3066	0.961339
3067	0.961339
3068	0.961339
3069	0.961339
3070	0.961339
3071	0.961339
3072	0.961339
3073	0.961339
3074	0.961339
3075	0.961339
3076	0.961339
3077	0.961339
3078	0.961339
3079	0.961339
3080	0.961339
3081	0.961339
3082	0.961339
3083	0.961339
3084	0.961339
3085	0.961339
3086	0.961339
3087	0.961339
3088	0.961339
3089	0.961339
3090	0.961339
3091	0.961339
3092	0.961339
3093	0.961339
3094	0.961339
3095	0.961339
3096	0.961339
3097	0.961339
3098	0.961339
3099	0.961339
3100	0.961339
3101	0.961339
3102	0.961339
3103	0.961339
3104	0.961339
3105	0.961339
3106	0.961339
3107	0.961339
3108	0.961339
3109	0.961339
3110	0.961339
3111	0.961339
3112	0.961339
3113	0.961339
3114	0.961339
3115	0.961339
3116	0.961339
3117	0.961339
3118	0.961339
3119	0.961339
3120	0.961339
3121	0.961339
3122	0.961339
3123	0.961339
3124	0.961339
3125	0.961339
3126	0.961339
3127	0.961339
3128	0.961339
3129	0.961339
3130	0.961339
3131	0.961339
3132	0.961339
3133	0.961339
3134	0.961339
3135	0.961339
3136	0.961339
3137	0.961339
3138	0.961339
3139	0.961339
3140	0.961339
3141	0.961339
3142	0.961339
3143	0.961339
3144	0.961339
3145	0.961339
3146	0.961339
3147	0.961339
3148	0.961339
3149	0.961339
3150	0.961339
3151	0.961339
3152	0.961339
3153	0.961339
3154	0.961339
3155	0.961339
3156	0.961339
3157	0.961339
3158	0.961339
3159	0.961339
3160	0.961339
3161	0.961339
3162	0.961339
3163	0.961339
3164	0.961339
3165	0.961339
3166	0.961339
3167	0.961339
3168	0.961339
3169	0.961339
3170	0.961339
3171	0.961339
3172	0.961339
3173	0.961339
3174	0.961339
3175	0.961339
3176	0.961339
3177	0.961339
3178	0.961339
3179	0.961339
3180	0.961339
3181	0.961339
3182	0.961339
3183	0.961339
3184	0.961339
3185	0.961339
3186	0.961339
3187	0.961339
3188	0.961339
3189	0.961339
3190	0.961339
3191	0.961339
3192	0.961339
3193	0.961339
3194	0.961339
3195	0.961339
3196	0.961339
3197	0.961339
3198	0.961339
3199	0.961339
3200	0.961339
3201	0.961339
3202	0.961339
3203	0.961339
3204	0.961339
3205	0.961339
3206	0.961339
3207	0.961339
3208	0.961339
3209	0.961339
3210	0.961339
3211	0.961339
3212	0.961339
3213	0.961339
3214	0.961339
3215	0.961339
3216	0.961339
3217	0.961339
3218	0.961339
3219	0.961339
3220	0.961339
3221	0.961339
3222	0.961339
3223	0.961339
3224	0.961339
3225	0.961339
3226	0.961339
3227	0.961339
3228	0.961339
3229	0.961339
3230	0.961339
3231	0.961339
3232	0.961339
3233	0.961339
3234	0.961339
3235	0.961339
3236	0.961339
3237	0.961339
3238	0.961339
3239	0.961339
3240	0.961339
3241	0.961339
3242	0.961339
3243	0.961339
3244	0.961339
3245	0.961339
3246	0.961339
3247	0.961339
3248	0.961339
3249	0.961339
3250	0.961339
3251	0.961339
3252	0.961339
3253	0.961339
3254	0.961339
3255	0.961339
3256	0.961339
3257	0.961339
3258	0.961339
3259	0.961339
3260	0.961339
3261	0.961339
3262	0.961339
3263	0.961339
3264	0.961339
3265	0.961339
3266	0.961339
3267	0.961339
3268	0.961339
3269	0.961339
3270	0.961339
3271	0.961339
3272	0.961339
3273	0.961339
3274	0.961339
3275	0.961339
3276	0.961339
3277	0.961339
3278	0.961339
3279	0.961339
3280	0.961339
3281	0.961339
3282	0.961339
3283	0.961339
3284	0.961339
3285	0.961339
3286	0.961339
3287	0.961339
3288	0.961339
3289	0.961339
3290	0.961339
3291	0.961339
3292	0.961339
3293	0.961339
3294	0.961339
3295	0.961339
3296	0.961339
3297	0.961339
3298	0.961339
3299	0.961339
3300	0.961339
3301	0.961339
3302	0.961339
3303	0.961339
3304	0.961339
3305	0.961339
3306	0.961339
3307	0.961339
3308	0.961339
3309	0.961339
3310	0.961339
3311	0.961339
3312	0.961339
3313	0.961339
3314	0.961339
3315	0.961339
3316	0.961339
3317	0.961339
3318	0.961339
3319	0.961339
3320	0.961339
3321	0.961339
3322	0.961339
3323	0.961339
3324	0.961339
3325	0.961339
3326	0.961339
3327	0.961339
3328	0.961339
3329	0.961339
3330	0.961339
3331	0.961339
3332	0.961339
3333	0.961339
3334	0.961339
3335	0.961339
3336	0.961339
3337	0.961339
3338	0.961339
3339	0.961339
3340	0.961339
3341	0.961339
3342	0.961339
3343	0.961339
3344	0.961339
3345	0.961339
3346	0.961339
3347	0.961339
3348	0.961339
3349	0.961339
3350	0.961339
3351	0.961339
3352	0.961339
3353	0.961339
3354	0.961339
3355	0.961339
3356	0.961339
3357	0.961339
3358	0.961339
3359	0.961339
3360	0.961339
3361	0.961339
3362	0.961339
3363	0.961339
3364	0.961339
3365	0.961339
3366	0.961339
3367	0.961339
3368	0.961339
3369	0.961339
3370	0.961339
3371	0.961339
3372	0.961339
3373	0.961339
3374	0.961339
3375	0.961339
3376	0.961339
3377	0.961339
3378	0.961339
3379	0.961339
3380	0.961339
3381	0.961339
3382	0.961339
3383	0.961339
3384	0.961339
3385	0.961339
3386	0.961339
3387	0.961339
3388	0.961339
3389	0.961339
3390	0.961339
3391	0.961339
3392	0.961339
3393	0.961339
3394	0.961339
3395	0.961339
3396	0.961339
3397	0.961339
3398	0.961339
3399	0.961339
3400	0.961339
3401	0.961339
3402	0.961339
3403	0.961339
3404	0.961339
3405	0.961339
3406	0.961339
3407	0.961339
3408	0.961339
3409	0.961339
3410	0.961339
3411	0.961339
3412	0.961339
3413	0.961339
3414	0.961339
3415	0.961339
3416	0.961339
3417	0.961339
3418	0.961339
3419	0.961339
3420	0.961339
3421	0.961339
3422	0.961339
3423	0.961339
3424	0.961339
3425	0.961339
3426	0.961339
3427	0.961339
3428	0.961339
3429	0.961339
3430	0.961339
3431	0.961339
3432	0.961339
3433	0.961339
3434	0.961339
3435	0.961339
3436	0.961339
3437	0.961339
3438	0.961339
3439	0.961339
3440	0.961339
3441	0.961339
3442	0.961339
3443	0.961339
3444	0.961339
3445	0.961339
3446	0.961339
3447	0.961339
3448	0.961339
3449	0.961339
3450	0.961339
3451	0.961339
3452	0.961339
3453	0.961339
3454	0.961339
3455	0.961339
3456	0.961339
3457	0.961339
3458	0.961339
3459	0.961339
3460	0.961339
3461	0.961339
3462	0.961339
3463	0.961339
3464	0.961339
3465	0.961339
3466	0.961339
3467	0.961339
3468	0.961339
3469	0.961339
3470	0.961339
3471	0.961339
3472	0.961339
3473	0.961339
3474	0.961339
3475	0.961339
3476	0.961339
3477	0.961339
3478	0.961339
3479	0.961339
3480	0.961339
3481	0.961339
3482	0.961339
3483	0.961339
3484	0.961339
3485	0.961339
3486	0.961339
3487	0.961339
3488	0.961339
3489	0.961339
3490	0.961339
3491	0.961339
3492	0.961339
3493	0.961339
3494	0.961339
3495	0.961339
3496	0.961339
3497	0.961339
3498	0.961339
3499	0.961339
3500	0.961339
3501	0.961339
3502	0.961339
3503	0.961339
3504	0.961339
3505	0.961339
3506	0.961339
3507	0.961339
3508	0.961339
3509	0.961339
3510	0.961339
3511	0.961339
3512	0.961339
3513	0.961339
3514	0.961339
3515	0.961339
3516	0.961339
3517	0.961339
3518	0.961339
3519	0.961339
3520	0.961339
3521	0.961339
3522	0.961339
3523	0.961339
3524	0.961339
3525	0.961339
3526	0.961339
3527	0.961339
3528	0.961339
3529	0.961339
3530	0.961339
3531	0.961339
3532	0.961339
3533	0.961339
3534	0.961339
3535	0.961339
3536	0.961339
3537	0.961339
3538	0.961339
3539	0.961339
3540	0.961339
3541	0.961339
3542	0.961339
3543	0.961339
3544	0.961339
3545	0.961339
3546	0.961339
3547	0.961339
3548	0.961339
3549	0.961339
3550	0.961339
3551	0.961339
3552	0.961339
3553	0.961339
3554	0.961339
3555	0.961339
3556	0.961339
3557	0.961339
3558	0.961339
3559	0.961339
3560	0.961339
3561	0.961339
3562	0.961339
3563	0.961339
3564	0.961339
3565	0.961339
3566	0.961339
3567	0.961339
3568	0.961339
3569	0.961339
3570	0.961339
3571	0.961339
3572	0.961339
3573	0.961339
3574	0.961339
3575	0.961339
3576	0.961339
3577	0.961339
3578	0.961339
3579	0.961339
3580	0.961339
3581	0.961339
3582	0.961339
3583	0.961339
3584	0.961339
3585	0.961339
3586	0.961339
3587	0.961339
3588	0.961339
3589	0.961339
3590	0.961339
3591	0.961339
3592	0.961339
3593	0.961339
3594	0.961339
3595	0.961339
3596	0.961339
3597	0.961339
3598	0.961339
3599	0.961339
3600	0.961339
3601	0.961339
3602	0.961339
3603	0.961339
3604	0.961339
3605	0.961339
3606	0.961339
3607	0.961339
3608	0.961339
3609	0.961339
3610	0.961339
3611	0.961339
3612	0.961339
3613	0.961339
3614	0.961339
3615	0.961339
3616	0.961339
3617	0.961339
3618	0.961339
3619	0.961339
3620	0.961339
3621	0.961339
3622	0.961339
3623	0.961339
3624	0.961339
3625	0.961339
3626	0.961339
3627	0.961339
3628	0.961339
3629	0.961339
3630	0.961339
3631	0.961339
3632	0.961339
3633	0.961339
3634	0.961339
3635	0.961339
3636	0.961339
3637	0.961339
3638	0.961339
3639	0.961339
3640	0.961339
3641	0.961339
3642	0.961339
3643	0.961339
3644	0.961339
3645	0.961339
3646	0.961339
3647	0.961339
3648	0.961339
3649	0.961339
3650	0.961339
3651	0.961339
3652	0.961339
3653	0.961339
3654	0.961339
3655	0.961339
3656	0.961339
3657	0.961339
3658	0.961339
3659	0.961339
3660	0.961339
3661	0.961339
3662	0.961339
3663	0.961339
3664	0.961339
3665	0.961339
3666	0.961339
3667	0.961339
3668	0.961339
3669	0.961339
3670	0.961339
3671	0.961339
3672	0.961339
3673	0.961339
3674	0.961339
3675	0.961339
3676	0.961339
3677	0.961339
3678	0.961339
3679	0.961339
3680	0.961339
3681	0.961339
3682	0.961339
3683	0.961339
3684	0.961339
3685	0.961339
3686	0.961339
3687	0.961339
3688	0.961339
3689	0.961339
3690	0.961339
3691	0.961339
3692	0.961339
3693	0.961339
3694	0.961339
3695	0.961339
3696	0.961339
3697	0.961339
3698	0.961339
3699	0.961339
3700	0.961339
3701	0.961339
3702	0.961339
3703	0.961339
3704	0.961339
3705	0.961339
3706	0.961339
3707	0.961339
3708	0.961339
3709	0.961339
3710	0.961339
3711	0.961339
3712	0.961339
3713	0.961339
3714	0.961339
3715	0.961339
3716	0.961339
3717	0.961339
3718	0.961339
3719	0.961339
3720	0.961339
3721	0.961339
3722	0.961339
3723	0.961339
3724	0.961339
3725	0.961339
3726	0.961339
3727	0.961339
3728	0.961339
3729	0.961339
3730	0.961339
3731	0.961339
3732	0.961339
3733	0.961339
3734	0.961339
3735	0.961339
3736	0.961339
3737	0.961339
3738	0.961339
3739	0.961339
3740	0.961339
3741	0.961339
3742	0.961339
3743	0.961339
3744	0.961339
3745	0.961339
3746	0.961339
3747	0.961339
3748	0.961339
3749	0.961339
3750	0.961339
3751	0.961339
3752	0.961339
3753	0.961339
3754	0.961339
3755	0.961339
3756	0.961339
3757	0.961339
3758	0.961339
3759	0.961339
3760	0.961339
3761	0.961339
3762	0.961339
3763	0.961339
3764	0.961339
3765	0.961339
3766	0.961339
3767	0.961339
3768	0.961339
3769	0.961339
3770	0.961339
3771	0.961339
3772	0.961339
3773	0.961339
3774	0.961339
3775	0.961339
3776	0.961339
3777	0.961339
3778	0.961339
3779	0.961339
3780	0.961339
3781	0.961339
3782	0.961339
3783	0.961339
3784	0.961339
3785	0.961339
3786	0.961339
3787	0.961339
3788	0.961339
3789	0.961339
3790	0.961339
3791	0.961339
3792	0.961339
3793	0.961339
3794	0.961339
3795	0.961339
3796	0.961339
3797	0.961339
3798	0.961339
3799	0.961339
3800	0.961339
3801	0.961339
3802	0.961339
3803	0.961339
3804	0.961339
3805	0.961339
3806	0.961339
3807	0.961339
3808	0.961339
3809	0.961339
3810	0.961339
3811	0.961339
3812	0.961339
3813	0.961339
3814	0.961339
3815	0.961339
3816	0.961339
3817	0.961339
3818	0.961339
3819	0.961339
3820	0.961339
3821	0.961339
3822	0.961339
3823	0.961339
3824	0.961339
3825	0.961339
3826	0.961339
3827	0.961339
3828	0.961339
3829	0.961339
3830	0.961339
3831	0.961339
3832	0.961339
3833	0.961339
3834	0.961339
3835	0.961339
3836	0.961339
3837	0.961339
3838	0.961339
3839	0.961339
3840	0.961339
3841	0.961339
3842	0.961339
3843	0.961339
3844	0.961339
3845	0.961339
3846	0.961339
3847	0.961339
3848	0.961339
3849	0.961339
3850	0.961339
3851	0.961339
3852	0.961339
3853	0.961339
3854	0.961339
3855	0.961339
3856	0.961339
3857	0.961339
3858	0.961339
3859	0.961339
3860	0.961339
3861	0.961339
3862	0.961339
3863	0.961339
3864	0.961339
3865	0.961339
3866	0.961339
3867	0.961339
3868	0.961339
3869	0.961339
3870	0.961339
3871	0.961339
3872	0.961339
3873	0.961339
3874	0.961339
3875	0.961339
3876	0.961339
3877	0.961339
3878	0.961339
3879	0.961339
3880	0.961339
3881	0.961339
3882	0.961339
3883	0.961339
3884	0.961339
3885	0.961339
3886	0.961339
3887	0.961339
3888	0.961339
3889	0.961339
3890	0.961339
3891	0.961339
3892	0.961339
3893	0.961339
3894	0.961339
3895	0.961339
3896	0.961339
3897	0.961339
3898	0.961339
3899	0.961339
3900	0.961339
3901	0.961339
3902	0.961339
3903	0.961339
3904	0.961339
3905	0.961339
3906	0.961339
3907	0.961339
3908	0.961339
3909	0.961339
3910	0.961339
3911	0.961339
3912	0.961339
3913	0.961339
3914	0.961339
3915	0.961339
3916	0.961339
3917	0.961339
3918	0.961339
3919	0.961339
3920	0.961339
3921	0.961339
3922	0.961339
3923	0.961339
3924	0.961339
3925	0.961339
3926	0.961339
3927	0.961339
3928	0.961339
3929	0.961339
3930	0.961339
3931	0.961339
3932	0.961339
3933	0.961339
3934	0.961339
3935	0.961339
3936	0.961339
3937	0.961339
3938	0.961339
3939	0.961339
3940	0.961339
3941	0.961339
3942	0.961339
3943	0.961339
3944	0.961339
3945	0.961339
3946	0.961339
3947	0.961339
3948	0.961339
3949	0.961339
3950	0.961339
3951	0.961339
3952	0.961339
3953	0.961339
3954	0.961339
3955	0.961339
3956	0.961339
3957	0.961339
3958	0.961339
3959	0.961339
3960	0.961339
3961	0.961339
3962	0.961339
3963	0.961339
3964	0.961339
3965	0.961339
3966	0.961339
3967	0.961339
3968	0.961339
3969	0.961339
3970	0.961339
3971	0.961339
3972	0.961339
3973	0.961339
3974	0.961339
3975	0.961339
3976	0.961339
3977	0.961339
3978	0.961339
3979	0.961339
3980	0.961339
3981	0.961339
3982	0.961339
3983	0.961339
3984	0.961339
3985	0.961339
3986	0.961339
3987	0.961339
3988	0.961339
3989	0.961339
3990	0.961339
3991	0.961339
3992	0.961339
3993	0.961339
3994	0.961339
3995	0.961339
3996	0.961339
3997	0.961339
3998	0.961339
3999	0.961339
4000	0.961339
4001	0.961339
4002	0.961339
4003	0.961339
4004	0.961339
4005	0.961339
4006	0.961339
4007	0.961339
4008	0.961339
4009	0.961339
4010	0.961339
4011	0.961339
4012	0.961339
4013	0.961339
4014	0.961339
4015	0.961339
4016	0.961339
4017	0.961339
4018	0.961339
4019	0.961339
4020	0.961339
4021	0.961339
4022	0.961339
4023	0.961339
4024	0.961339
4025	0.961339
4026	0.961339
4027	0.961339
4028	0.961339
4029	0.961339
4030	0.961339
4031	0.961339
4032	0.961339
4033	0.961339
4034	0.961339
4035	0.961339
4036	0.961339
4037	0.961339
4038	0.961339
4039	0.961339
4040	0.961339
4041	0.961339
4042	0.961339
4043	0.961339
4044	0.961339
4045	0.961339
4046	0.961339
4047	0.961339
4048	0.961339
4049	0.961339
4050	0.961339
4051	0.961339
4052	0.961339
4053	0.961339
4054	0.961339
4055	0.961339
4056	0.961339
4057	0.961339
4058	0.961339
4059	0.961339
4060	0.961339
4061	0.961339
4062	0.961339
4063	0.961339
4064	0.961339
4065	0.961339
4066	0.961339
4067	0.961339
4068	0.961339
4069	0.961339
4070	0.961339
4071	0.961339
4072	0.961339
4073	0.961339
4074	0.961339
4075	0.961339
4076	0.961339
4077	0.961339
4078	0.961339
4079	0.961339
4080	0.961339
4081	0.961339
4082	0.961339
4083	0.961339
4084	0.961339
4085	0.961339
4086	0.961339
4087	0.961339
4088	0.961339
4089	0.961339
4090	0.961339
4091	0.961339
4092	0.961339
4093	0.961339
4094	0.961339
4095	0.961339
4096	0.961339
4097	0.961339
4098	0.961339
4099	0.961339
4100	0.961339
4101	0.961339
4102	0.961339
4103	0.961339
4104	0.961339
4105	0.961339
4106	0.961339
4107	0.961339
4108	0.961339
4109	0.961339
4110	0.961339
4111	0.961339
4112	0.961339
4113	0.961339
4114	0.961339
4115	0.961339
4116	0.961339
4117	0.961339
4118	0.961339
4119	0.961339
4120	0.961339
4121	0.961339
4122	0.961339
4123	0.961339
4124	0.961339
4125	0.961339
4126	0.961339
4127	0.961339
4128	0.961339
4129	0.961339
4130	0.961339
4131	0.961339
4132	0.961339
4133	0.961339
4134	0.961339
4135	0.961339
4136	0.961339
4137	0.961339
4138	0.961339
4139	0.961339
4140	0.961339
4141	0.961339
4142	0.961339
4143	0.961339
4144	0.961339
4145	0.961339
4146	0.961339
4147	0.961339
4148	0.961339
4149	0.961339
4150	0.961339
4151	0.961339
4152	0.961339
4153	0.961339
4154	0.961339
4155	0.961339
4156	0.961339
4157	0.961339
4158	0.961339
4159	0.961339
4160	0.961339
4161	0.961339
4162	0.961339
4163	0.961339
4164	0.961339
4165	0.961339
4166	0.961339
4167	0.961339
4168	0.961339
4169	0.961339
4170	0.961339
4171	0.961339
4172	0.961339
4173	0.961339
4174	0.961339
4175	0.961339
4176	0.961339
4177	0.961339
4178	0.961339
4179	0.961339
4180	0.961339
4181	0.961339
4182	0.961339
4183	0.961339
4184	0.961339
4185	0.961339
4186	0.961339
4187	0.961339
4188	0.961339
4189	0.961339
4190	0.961339
4191	0.961339
4192	0.961339
4193	0.961339
4194	0.961339
4195	0.961339
4196	0.961339
4197	0.961339
4198	0.961339
4199	0.961339
4200	0.961339
4201	0.961339
4202	0.961339
4203	0.961339
4204	0.961339
4205	0.961339
4206	0.961339
4207	0.961339
4208	0.961339
4209	0.961339
4210	0.961339
4211	0.961339
4212	0.961339
4213	0.961339
4214	0.961339
4215	0.961339
4216	0.961339
4217	0.961339
4218	0.961339
4219	0.961339
4220	0.961339
4221	0.961339
4222	0.961339
4223	0.961339
4224	0.961339
4225	0.961339
4226	0.961339
4227	0.961339
4228	0.961339
4229	0.961339
4230	0.961339
4231	0.961339
4232	0.961339
4233	0.961339
4234	0.961339
4235	0.961339
4236	0.961339
4237	0.961339
4238	0.961339
4239	0.961339
4240	0.961339
4241	0.961339
4242	0.961339
4243	0.961339
4244	0.961339
4245	0.961339
4246	0.961339
4247	0.961339
4248	0.961339
4249	0.961339
4250	0.961339
4251	0.961339
4252	0.961339
4253	0.961339
4254	0.961339
4255	0.961339
4256	0.961339
4257	0.961339
4258	0.961339
4259	0.961339
4260	0.961339
4261	0.961339
4262	0.961339
4263	0.961339
4264	0.961339
4265	0.961339
4266	0.961339
4267	0.961339
4268	0.961339
4269	0.961339
4270	0.961339
4271	0.961339
4272	0.961339
4273	0.961339
4274	0.961339
4275	0.961339
4276	0.961339
4277	0.961339
4278	0.961339
4279	0.961339
4280	0.961339
4281	0.961339
4282	0.961339
4283	0.961339
4284	0.961339
4285	0.961339
4286	0.961339
4287	0.961339
4288	0.961339
4289	0.961339
4290	0.961339
4291	0.961339
4292	0.961339
4293	0.961339
4294	0.961339
4295	0.961339
4296	0.961339
4297	0.961339
4298	0.961339
4299	0.961339
4300	0.961339
4301	0.961339
4302	0.961339
4303	0.961339
4304	0.961339
4305	0.961339
4306	0.961339
4307	0.961339
4308	0.961339
4309	0.961339
4310	0.961339
4311	0.961339
4312	0.961339
4313	0.961339
4314	0.961339
4315	0.961339
4316	0.961339
4317	0.961339
4318	0.961339
4319	0.961339
4320	0.961339
4321	0.961339
4322	0.961339
4323	0.961339
4324	0.961339
4325	0.961339
4326	0.961339
4327	0.961339
4328	0.961339
4329	0.961339
4330	0.961339
4331	0.961339
4332	0.961339
4333	0.961339
4334	0.961339
4335	0.961339
4336	0.961339
4337	0.961339
4338	0.961339
4339	0.961339
4340	0.961339
4341	0.961339
4342	0.961339
4343	0.961339
4344	0.961339
4345	0.961339
4346	0.961339
4347	0.961339
4348	0.961339
4349	0.961339
4350	0.961339
4351	0.961339
4352	0.961339
4353	0.961339
4354	0.961339
4355	0.961339
4356	0.961339
4357	0.961339
4358	0.961339
4359	0.961339
4360	0.961339
4361	0.961339
4362	0.961339
4363	0.961339
4364	0.961339
4365	0.961339
4366	0.961339
4367	0.961339
4368	0.961339
4369	0.961339
4370	0.961339
4371	0.961339
4372	0.961339
4373	0.961339
4374	0.961339
4375	0.961339
4376	0.961339
4377	0.961339
4378	0.961339
4379	0.961339
4380	0.961339
4381	0.961339
4382	0.961339
4383	0.961339
4384	0.961339
4385	0.961339
4386	0.961339
4387	0.961339
4388	0.961339
4389	0.961339
4390	0.961339
4391	0.961339
4392	0.961339
4393	0.961339
4394	0.961339
4395	0.961339
4396	0.961339
4397	0.961339
4398	0.961339
4399	0.961339
4400	0.961339
4401	0.961339
4402	0.961339
4403	0.961339
4404	0.961339
4405	0.961339
4406	0.961339
4407	0.961339
4408	0.961339
4409	0.961339
4410	0.961339
4411	0.961339
4412	0.961339
4413	0.961339
4414	0.961339
4415	0.961339
4416	0.961339
4417	0.961339
4418	0.961339
4419	0.961339
4420	0.961339
4421	0.961339
4422	0.961339
4423	0.961339
4424	0.961339
4425	0.961339
4426	0.961339
4427	0.961339
4428	0.961339
4429	0.961339
4430	0.961339
4431	0.961339
4432	0.961339
4433	0.961339
4434	0.961339
4435	0.961339
4436	0.961339
4437	0.961339
4438	0.961339
4439	0.961339
4440	0.961339
4441	0.961339
4442	0.961339
4443	0.961339
4444	0.961339
4445	0.961339
4446	0.961339
4447	0.961339
4448	0.961339
4449	0.961339
4450	0.961339
4451	0.961339
4452	0.961339
4453	0.961339
4454	0.961339
4455	0.961339
4456	0.961339
4457	0.961339
4458	0.961339
4459	0.961339
4460	0.961339
4461	0.961339
4462	0.961339
4463	0.961339
4464	0.961339
4465	0.961339
4466	0.961339
4467	0.961339
4468	0.961339
4469	0.961339
4470	0.961339
4471	0.961339
4472	0.961339
4473	0.961339
4474	0.961339
4475	0.961339
4476	0.961339
4477	0.961339
4478	0.961339
4479	0.961339
4480	0.961339
4481	0.961339
4482	0.961339
4483	0.961339
4484	0.961339
4485	0.961339
4486	0.961339
4487	0.961339
4488	0.961339
4489	0.961339
4490	0.961339
4491	0.961339
4492	0.961339
4493	0.961339
4494	0.961339
4495	0.961339
4496	0.961339
4497	0.961339
4498	0.961339
4499	0.961339
4500	0.961339
4501	0.961339
4502	0.961339
4503	0.961339
4504	0.961339
4505	0.961339
4506	0.961339
4507	0.961339
4508	0.961339
4509	0.961339
4510	0.961339
4511	0.961339
4512	0.961339
4513	0.961339
4514	0.961339
4515	0.961339
4516	0.961339
4517	0.961339
4518	0.961339
4519	0.961339
4520	0.961339
4521	0.961339
4522	0.961339
4523	0.961339
4524	0.961339
4525	0.961339
4526	0.961339
4527	0.961339
4528	0.961339
4529	0.961339
4530	0.961339
4531	0.961339
4532	0.961339
4533	0.961339
4534	0.961339
4535	0.961339
4536	0.961339
4537	0.961339
4538	0.961339
4539	0.961339
4540	0.961339
4541	0.961339
4542	0.961339
4543	0.961339
4544	0.961339
4545	0.961339
4546	0.961339
4547	0.961339
4548	0.961339
4549	0.961339
4550	0.961339
4551	0.961339
4552	0.961339
4553	0.961339
4554	0.961339
4555	0.961339
4556	0.961339
4557	0.961339
4558	0.961339
4559	0.961339
4560	0.961339
4561	0.961339
4562	0.961339
4563	0.961339
4564	0.961339
4565	0.961339
4566	0.961339
4567	0.961339
4568	0.961339
4569	0.961339
4570	0.961339
4571	0.961339
4572	0.961339
4573	0.961339
4574	0.961339
4575	0.961339
4576	0.961339
4577	0.961339
4578	0.961339
4579	0.961339
4580	0.961339
4581	0.961339
4582	0.961339
4583	0.961339
4584	0.961339
4585	0.961339
4586	0.961339
4587	0.961339
4588	0.961339
4589	0.961339
4590	0.961339
4591	0.961339
4592	0.961339
4593	0.961339
4594	0.961339
4595	0.961339
4596	0.961339
4597	0.961339
4598	0.961339
4599	0.961339
4600	0.961339
4601	0.961339
4602	0.961339
4603	0.961339
4604	0.961339
4605	0.961339
4606	0.961339
4607	0.961339
4608	0.961339
4609	0.961339
4610	0.961339
4611	0.961339
4612	0.961339
4613	0.961339
4614	0.961339
4615	0.961339
4616	0.961339
4617	0.961339
4618	0.961339
4619	0.961339
4620	0.961339
4621	0.961339
4622	0.961339
4623	0.961339
4624	0.961339
4625	0.961339
4626	0.961339
4627	0.961339
4628	0.961339
4629	0.961339
4630	0.961339
4631	0.961339
4632	0.961339
4633	0.961339
4634	0.961339
4635	0.961339
4636	0.961339
4637	0.961339
4638	0.961339
4639	0.961339
4640	0.961339
4641	0.961339
4642	0.961339
4643	0.961339
4644	0.961339
4645	0.961339
4646	0.961339
4647	0.961339
4648	0.961339
4649	0.961339
4650	0.961339
4651	0.961339
4652	0.961339
4653	0.961339
4654	0.961339
4655	0.961339
4656	0.961339
4657	0.961339
4658	0.961339
4659	0.961339
4660	0.961339
4661	0.961339
4662	0.961339
4663	0.961339
4664	0.961339
4665	0.961339
4666	0.961339
4667	0.961339
4668	0.961339
4669	0.961339
4670	0.961339
4671	0.961339
4672	0.961339
4673	0.961339
4674	0.961339
4675	0.961339
4676	0.961339
4677	0.961339
4678	0.961339
4679	0.961339
4680	0.961339
4681	0.961339
4682	0.961339
4683	0.961339
4684	0.961339
4685	0.961339
4686	0.961339
4687	0.961339
4688	0.961339
4689	0.961339
4690	0.961339
4691	0.961339
4692	0.961339
4693	0.961339
4694	0.961339
4695	0.961339
4696	0.961339
4697	0.961339
4698	0.961339
4699	0.961339
4700	0.961339
4701	0.961339
4702	0.961339
4703	0.961339
4704	0.961339
4705	0.961339
4706	0.961339
4707	0.961339
4708	0.961339
4709	0.961339
4710	0.961339
4711	0.961339
4712	0.961339
4713	0.961339
4714	0.961339
4715	0.961339
4716	0.961339
4717	0.961339
4718	0.961339
4719	0.961339
4720	0.961339
4721	0.961339
4722	0.961339
4723	0.961339
4724	0.961339
4725	0.961339
4726	0.961339
4727	0.961339
4728	0.961339
4729	0.961339
4730	0.961339
4731	0.961339
4732	0.961339
4733	0.961339
4734	0.961339
4735	0.961339
4736	0.961339
4737	0.961339
4738	0.961339
4739	0.961339
4740	0.961339
4741	0.961339
4742	0.961339
4743	0.961339
4744	0.961339
4745	0.961339
4746	0.961339
4747	0.961339
4748	0.961339
4749	0.961339
4750	0.961339
4751	0.961339
4752	0.961339
4753	0.961339
4754	0.961339
4755	0.961339
4756	0.961339
4757	0.961339
4758	0.961339
4759	0.961339
4760	0.961339
4761	0.961339
4762	0.961339
4763	0.961339
4764	0.961339
4765	0.961339
4766	0.961339
4767	0.961339
4768	0.961339
4769	0.961339
4770	0.961339
4771	0.961339
4772	0.961339
4773	0.961339
4774	0.961339
4775	0.961339
4776	0.961339
4777	0.961339
4778	0.961339
4779	0.961339
4780	0.961339
4781	0.961339
4782	0.961339
4783	0.961339
4784	0.961339
4785	0.961339
4786	0.961339
4787	0.961339
4788	0.961339
4789	0.961339
4790	0.961339
4791	0.961339
4792	0.961339
4793	0.961339
4794	0.961339
4795	0.961339
4796	0.961339
4797	0.961339
4798	0.961339
4799	0.961339
4800	0.961339
4801	0.961339
4802	0.961339
4803	0.961339
4804	0.961339
4805	0.961339
4806	0.961339
4807	0.961339
4808	0.961339
4809	0.961339
4810	0.961339
4811	0.961339
4812	0.961339
4813	0.961339
4814	0.961339
4815	0.961339
4816	0.961339
4817	0.961339
4818	0.961339
4819	0.961339
4820	0.961339
4821	0.961339
4822	0.961339
4823	0.961339
4824	0.961339
4825	0.961339
4826	0.961339
4827	0.961339
4828	0.961339
4829	0.961339
4830	0.961339
4831	0.961339
4832	0.961339
4833	0.961339
4834	0.961339
4835	0.961339
4836	0.961339
4837	0.961339
4838	0.961339
4839	0.961339
4840	0.961339
4841	0.961339
4842	0.961339
4843	0.961339
4844	0.961339
4845	0.961339
4846	0.961339
4847	0.961339
4848	0.961339
4849	0.961339
4850	0.961339
4851	0.961339
4852	0.961339
4853	0.961339
4854	0.961339
4855	0.961339
4856	0.961339
4857	0.961339
4858	0.961339
4859	0.961339
4860	0.961339
4861	0.961339
4862	0.961339
4863	0.961339
4864	0.961339
4865	0.961339
4866	0.961339
4867	0.961339
4868	0.961339
4869	0.961339
4870	0.961339
4871	0.961339
4872	0.961339
4873	0.961339
4874	0.961339
4875	0.961339
4876	0.961339
4877	0.961339
4878	0.961339
4879	0.961339
4880	0.961339
4881	0.961339
4882	0.961339
4883	0.961339
4884	0.961339
4885	0.961339
4886	0.961339
4887	0.961339
4888	0.961339
4889	0.961339
4890	0.961339
4891	0.961339
4892	0.961339
4893	0.961339
4894	0.961339
4895	0.961339
4896	0.961339
4897	0.961339
4898	0.961339
4899	0.961339
4900	0.961339
4901	0.961339
4902	0.961339
4903	0.961339
4904	0.961339
4905	0.961339
4906	0.961339
4907	0.961339
4908	0.961339
4909	0.961339
4910	0.961339
4911	0.961339
4912	0.961339
4913	0.961339
4914	0.961339
4915	0.961339
4916	0.961339
4917	0.961339
4918	0.961339
4919	0.961339
4920	0.961339
4921	0.961339
4922	0.961339
4923	0.961339
4924	0.961339
4925	0.961339
4926	0.961339
4927	0.961339
4928	0.961339
4929	0.961339
4930	0.961339
4931	0.961339
4932	0.961339
4933	0.961339
4934	0.961339
4935	0.961339
4936	0.961339
4937	0.961339
4938	0.961339
4939	0.961339
4940	0.961339
4941	0.961339
4942	0.961339
4943	0.961339
4944	0.961339
4945	0.961339
4946	0.961339
4947	0.961339
4948	0.961339
4949	0.961339
4950	0.961339
4951	0.961339
4952	0.961339
4953	0.961339
4954	0.961339
4955	0.961339
4956	0.961339
4957	0.961339
4958	0.961339
4959	0.961339
4960	0.961339
4961	0.961339
4962	0.961339
4963	0.961339
4964	0.961339
4965	0.961339
4966	0.961339
4967	0.961339
4968	0.961339
4969	0.961339
4970	0.961339
4971	0.961339
4972	0.961339
4973	0.961339
4974	0.961339
4975	0.961339
4976	0.961339
4977	0.961339
4978	0.961339
4979	0.961339
4980	0.961339
4981	0.961339
4982	0.961339
4983	0.961339
4984	0.961339
4985	0.961339
4986	0.961339
4987	0.961339
4988	0.961339
4989	0.961339
4990	0.961339
4991	0.961339
4992	0.961339
4993	0.961339
4994	0.961339
4995	0.961339
4996	0.961339
4997	0.961339
4998	0.961339
4999	0.961339
5000	0.961339
5001	0.961339
5002	0.961339
5003	0.961339
5004	0.961339
5005	0.961339
5006	0.961339
5007	0.961339
5008	0.961339
5009	0.961339
5010	0.961339
5011	0.961339
5012	0.961339
5013	0.961339
5014	0.961339
5015	0.961339
5016	0.961339
5017	0.961339
5018	0.961339
5019	0.961339
5020	0.961339
5021	0.961339
5022	0.961339
5023	0.961339
5024	0.961339
5025	0.961339
5026	0.961339
5027	0.961339
5028	0.961339
5029	0.961339
5030	0.961339
5031	0.961339
5032	0.961339
5033	0.961339
5034	0.961339
5035	0.961339
5036	0.961339
5037	0.961339
5038	0.961339
5039	0.961339
5040	0.961339
5041	0.961339
5042	0.961339
5043	0.961339
5044	0.961339
5045	0.961339
5046	0.961339
5047	0.961339
5048	0.961339
5049	0.961339
5050	0.961339
5051	0.961339
5052	0.961339
5053	0.961339
5054	0.961339
5055	0.961339
5056	0.961339
5057	0.961339
5058	0.961339
5059	0.961339
5060	0.961339
5061	0.961339
5062	0.961339
5063	0.961339
5064	0.961339
5065	0.961339
5066	0.961339
5067	0.961339
5068	0.961339
5069	0.961339
5070	0.961339
5071	0.961339
5072	0.961339
5073	0.961339
5074	0.961339
5075	0.961339
5076	0.961339
5077	0.961339
5078	0.961339
5079	0.961339
5080	0.961339
5081	0.961339
5082	0.961339
5083	0.961339
5084	0.961339
5085	0.961339
5086	0.961339
5087	0.961339
5088	0.961339
5089	0.961339
5090	0.961339
5091	0.961339
5092	0.961339
5093	0.961339
5094	0.961339
5095	0.961339
5096	0.961339
5097	0.961339
5098	0.961339
5099	0.961339
5100	0.961339
5101	0.961339
5102	0.961339
5103	0.961339
5104	0.961339
5105	0.961339
5106	0.961339
5107	0.961339
5108	0.961339
5109	0.961339
5110	0.961339
5111	0.961339
5112	0.961339
5113	0.961339
5114	0.961339
5115	0.961339
5116	0.961339
5117	0.961339
5118	0.961339
5119	0.961339
5120	0.961339
5121	0.961339
5122	0.961339
5123	0.961339
5124	0.961339
5125	0.961339
5126	0.961339
5127	0.961339
5128	0.961339
5129	0.961339
5130	0.961339
5131	0.961339
5132	0.961339
5133	0.961339
5134	0.961339
5135	0.961339
5136	0.961339
5137	0.961339
5138	0.961339
5139	0.961339
5140	0.961339
5141	0.961339
5142	0.961339
5143	0.961339
5144	0.961339
5145	0.961339
5146	0.961339
5147	0.961339
5148	0.961339
5149	0.961339
5150	0.961339
5151	0.961339
5152	0.961339
5153	0.961339
5154	0.961339
5155	0.961339
5156	0.961339
5157	0.961339
5158	0.961339
5159	0.961339
5160	0.961339
5161	0.961339
5162	0.961339
5163	0.961339
5164	0.961339
5165	0.961339
5166	0.961339
5167	0.961339
5168	0.961339
5169	0.961339
5170	0.961339
5171	0.961339
5172	0.961339
5173	0.961339
5174	0.961339
5175	0.961339
5176	0.961339
5177	0.961339
5178	0.961339
5179	0.961339
5180	0.961339
5181	0.961339
5182	0.961339
5183	0.961339
5184	0.961339
5185	0.961339
5186	0.961339
5187	0.961339
5188	0.961339
5189	0.961339
5190	0.961339
5191	0.961339
5192	0.961339
5193	0.961339
5194	0.961339
5195	0.961339
5196	0.961339
5197	0.961339
5198	0.961339
5199	0.961339
5200	0.961339
5201	0.961339
5202	0.961339
5203	0.961339
5204	0.961339
5205	0.961339
5206	0.961339
5207	0.961339
5208	0.961339
5209	0.961339
5210	0.961339
5211	0.961339
5212	0.961339
5213	0.961339
5214	0.961339
5215	0.961339
5216	0.961339
5217	0.961339
5218	0.961339
5219	0.961339
5220	0.961339
5221	0.961339
5222	0.961339
5223	0.961339
5224	0.961339
5225	0.961339
5226	0.961339
5227	0.961339
5228	0.961339
5229	0.961339
5230	0.961339
5231	0.961339
5232	0.961339
5233	0.961339
5234	0.961339
5235	0.961339
5236	0.961339
5237	0.961339
5238	0.961339
5239	0.961339
5240	0.961339
5241	0.961339
5242	0.961339
5243	0.961339
5244	0.961339
5245	0.961339
5246	0.961339
5247	0.961339
5248	0.961339
5249	0.961339
5250	0.961339
5251	0.961339
5252	0.961339
5253	0.961339
5254	0.961339
5255	0.961339
5256	0.961339
5257	0.961339
5258	0.961339
5259	0.961339
5260	0.961339
5261	0.961339
5262	0.961339
5263	0.961339
5264	0.961339
5265	0.961339
5266	0.961339
5267	0.961339
5268	0.961339
5269	0.961339
5270	0.961339
5271	0.961339
5272	0.961339
5273	0.961339
5274	0.961339
5275	0.961339
5276	0.961339
5277	0.961339
5278	0.961339
5279	0.961339
5280	0.961339
5281	0.961339
5282	0.961339
5283	0.961339
5284	0.961339
5285	0.961339
5286	0.961339
5287	0.961339
5288	0.961339
5289	0.961339
5290	0.961339
5291	0.961339
5292	0.961339
5293	0.961339
5294	0.961339
5295	0.961339
5296	0.961339
5297	0.961339
5298	0.961339
5299	0.961339
5300	0.961339
5301	0.961339
5302	0.961339
5303	0.961339
5304	0.961339
5305	0.961339
5306	0.961339
5307	0.961339
5308	0.961339
5309	0.961339
5310	0.961339
5311	0.961339
5312	0.961339
5313	0.961339
5314	0.961339
5315	0.961339
5316	0.961339
5317	0.961339
5318	0.961339
5319	0.961339
5320	0.961339
5321	0.961339
5322	0.961339
5323	0.961339
5324	0.961339
5325	0.961339
5326	0.961339
5327	0.961339
5328	0.961339
5329	0.961339
5330	0.961339
5331	0.961339
5332	0.961339
5333	0.961339
5334	0.961339
5335	0.961339
5336	0.961339
5337	0.961339
5338	0.961339
5339	0.961339
5340	0.961339
5341	0.961339
5342	0.961339
5343	0.961339
5344	0.961339
5345	0.961339
5346	0.961339
5347	0.961339
5348	0.961339
5349	0.961339
5350	0.961339
5351	0.961339
5352	0.961339
5353	0.961339
5354	0.961339
5355	0.961339
5356	0.961339
5357	0.961339
5358	0.961339
5359	0.961339
5360	0.961339
5361	0.961339
5362	0.961339
5363	0.961339
5364	0.961339
5365	0.961339
5366	0.961339
5367	0.961339
5368	0.961339
5369	0.961339
5370	0.961339
5371	0.961339
5372	0.961339
5373	0.961339
5374	0.961339
5375	0.961339
5376	0.961339
5377	0.961339
5378	0.961339
5379	0.961339
5380	0.961339
5381	0.961339
5382	0.961339
5383	0.961339
5384	0.961339
5385	0.961339
5386	0.961339
5387	0.961339
5388	0.961339
5389	0.961339
5390	0.961339
5391	0.961339
5392	0.961339
5393	0.961339
5394	0.961339
5395	0.961339
5396	0.961339
5397	0.961339
5398	0.961339
5399	0.961339
5400	0.961339
5401	0.961339
5402	0.961339
5403	0.961339
5404	0.961339
5405	0.961339
5406	0.961339
5407	0.961339
5408	0.961339
5409	0.961339
5410	0.961339
5411	0.961339
5412	0.961339
5413	0.961339
5414	0.961339
5415	0.961339
5416	0.961339
5417	0.961339
5418	0.961339
5419	0.961339
5420	0.961339
5421	0.961339
5422	0.961339
5423	0.961339
5424	0.961339
5425	0.961339
5426	0.961339
5427	0.961339
5428	0.961339
5429	0.961339
5430	0.961339
5431	0.961339
5432	0.961339
5433	0.961339
5434	0.961339
5435	0.961339
5436	0.961339
5437	0.961339
5438	0.961339
5439	0.961339
5440	0.961339
5441	0.961339
5442	0.961339
5443	0.961339
5444	0.961339
5445	0.961339
5446	0.961339
5447	0.961339
5448	0.961339
5449	0.961339
5450	0.961339
5451	0.961339
5452	0.961339
5453	0.961339
5454	0.961339
5455	0.961339
5456	0.961339
5457	0.961339
5458	0.961339
5459	0.961339
5460	0.961339
5461	0.961339
5462	0.961339
5463	0.961339
5464	0.961339
5465	0.961339
5466	0.961339
5467	0.961339
5468	0.961339
5469	0.961339
5470	0.961339
5471	0.961339
5472	0.961339
5473	0.961339
5474	0.961339
5475	0.961339
5476	0.961339
5477	0.961339
5478	0.961339
5479	0.961339
5480	0.961339
5481	0.961339
5482	0.961339
5483	0.961339
5484	0.961339
5485	0.961339
5486	0.961339
5487	0.961339
5488	0.961339
5489	0.961339
5490	0.961339
5491	0.961339
5492	0.961339
5493	0.961339
5494	0.961339
5495	0.961339
5496	0.961339
5497	0.961339
5498	0.961339
5499	0.961339
5500	0.961339
5501	0.961339
5502	0.961339
5503	0.961339
5504	0.961339
5505	0.961339
5506	0.961339
5507	0.961339
5508	0.961339
5509	0.961339
5510	0.961339
5511	0.961339
5512	0.961339
5513	0.961339
5514	0.961339
5515	0.961339
5516	0.961339
5517	0.961339
5518	0.961339
5519	0.961339
5520	0.961339
5521	0.961339
5522	0.961339
5523	0.961339
5524	0.961339
5525	0.961339
5526	0.961339
5527	0.961339
5528	0.961339
5529	0.961339
5530	0.961339
5531	0.961339
5532	0.961339
5533	0.961339
5534	0.961339
5535	0.961339
5536	0.961339
5537	0.961339
5538	0.961339
5539	0.961339
5540	0.961339
5541	0.961339
5542	0.961339
5543	0.961339
5544	0.961339
5545	0.961339
5546	0.961339
5547	0.961339
5548	0.961339
5549	0.961339
5550	0.961339
5551	0.961339
5552	0.961339
5553	0.961339
5554	0.961339
5555	0.961339
5556	0.961339
5557	0.961339
5558	0.961339
5559	0.961339
5560	0.961339
5561	0.961339
5562	0.961339
5563	0.961339
5564	0.961339
5565	0.961339
5566	0.961339
5567	0.961339
5568	0.961339
5569	0.961339
5570	0.961339
5571	0.961339
5572	0.961339
5573	0.961339
5574	0.961339
5575	0.961339
5576	0.961339
5577	0.961339
5578	0.961339
5579	0.961339
5580	0.961339
5581	0.961339
5582	0.961339
5583	0.961339
5584	0.961339
5585	0.961339
5586	0.961339
5587	0.961339
5588	0.961339
5589	0.961339
5590	0.961339
5591	0.961339
5592	0.961339
5593	0.961339
5594	0.961339
5595	0.961339
5596	0.961339
5597	0.961339
5598	0.961339
5599	0.961339
5600	0.961339
5601	0.961339
5602	0.961339
5603	0.961339
5604	0.961339
5605	0.961339
5606	0.961339
5607	0.961339
5608	0.961339
5609	0.961339
5610	0.961339
5611	0.961339
5612	0.961339
5613	0.961339
5614	0.961339
5615	0.961339
5616	0.961339
5617	0.961339
5618	0.961339
5619	0.961339
5620	0.961339
5621	0.961339
5622	0.961339
5623	0.961339
5624	0.961339
5625	0.961339
5626	0.961339
5627	0.961339
5628	0.961339
5629	0.961339
5630	0.961339
5631	0.961339
5632	0.961339
5633	0.961339
5634	0.961339
5635	0.961339
5636	0.961339
5637	0.961339
5638	0.961339
5639	0.961339
5640	0.961339
5641	0.961339
5642	0.961339
5643	0.961339
5644	0.961339
5645	0.961339
5646	0.961339
5647	0.961339
5648	0.961339
5649	0.961339
5650	0.961339
5651	0.961339
5652	0.961339
5653	0.961339
5654	0.961339
5655	0.961339
5656	0.961339
5657	0.961339
5658	0.961339
5659	0.961339
5660	0.961339
5661	0.961339
5662	0.961339
5663	0.961339
5664	0.961339
5665	0.961339
5666	0.961339
5667	0.961339
5668	0.961339
5669	0.961339
5670	0.961339
5671	0.961339
5672	0.961339
5673	0.961339
5674	0.961339
5675	0.961339
5676	0.961339
5677	0.961339
5678	0.961339
5679	0.961339
5680	0.961339
5681	0.961339
5682	0.961339
5683	0.961339
5684	0.961339
5685	0.961339
5686	0.961339
5687	0.961339
5688	0.961339
5689	0.961339
5690	0.961339
5691	0.961339
5692	0.961339
5693	0.961339
5694	0.961339
5695	0.961339
5696	0.961339
5697	0.961339
5698	0.961339
5699	0.961339
5700	0.961339
5701	0.961339
5702	0.961339
5703	0.961339
5704	0.961339
5705	0.961339
5706	0.961339
5707	0.961339
5708	0.961339
5709	0.961339
5710	0.961339
5711	0.961339
5712	0.961339
5713	0.961339
5714	0.961339
5715	0.961339
5716	0.961339
5717	0.961339
5718	0.961339
5719	0.961339
5720	0.961339
5721	0.961339
5722	0.961339
5723	0.961339
5724	0.961339
5725	0.961339
5726	0.961339
5727	0.961339
5728	0.961339
5729	0.961339
5730	0.961339
5731	0.961339
5732	0.961339
5733	0.961339
5734	0.961339
5735	0.961339
5736	0.961339
5737	0.961339
5738	0.961339
5739	0.961339
5740	0.961339
5741	0.961339
5742	0.961339
5743	0.961339
5744	0.961339
5745	0.961339
5746	0.961339
5747	0.961339
5748	0.961339
5749	0.961339
5750	0.961339
5751	0.961339
5752	0.961339
5753	0.961339
5754	0.961339
5755	0.961339
5756	0.961339
5757	0.961339
5758	0.961339
5759	0.961339
5760	0.961339
5761	0.961339
5762	0.961339
5763	0.961339
5764	0.961339
5765	0.961339
5766	0.961339
5767	0.961339
5768	0.961339
5769	0.961339
5770	0.961339
5771	0.961339
5772	0.961339
5773	0.961339
5774	0.961339
5775	0.961339
5776	0.961339
5777	0.961339
5778	0.961339
5779	0.961339
5780	0.961339
5781	0.961339
5782	0.961339
5783	0.961339
5784	0.961339
5785	0.961339
5786	0.961339
5787	0.961339
5788	0.961339
5789	0.961339
5790	0.961339
5791	0.961339
5792	0.961339
5793	0.961339
5794	0.961339
5795	0.961339
5796	0.961339
5797	0.961339
5798	0.961339
5799	0.961339
5800	0.961339
5801	0.961339
5802	0.961339
5803	0.961339
5804	0.961339
5805	0.961339
5806	0.961339
5807	0.961339
5808	0.961339
5809	0.961339
5810	0.961339
5811	0.961339
5812	0.961339
5813	0.961339
5814	0.961339
5815	0.961339
5816	0.961339
5817	0.961339
5818	0.961339
5819	0.961339
5820	0.961339
5821	0.961339
5822	0.961339
5823	0.961339
5824	0.961339
5825	0.961339
5826	0.961339
5827	0.961339
5828	0.961339
5829	0.961339
5830	0.961339
5831	0.961339
5832	0.961339
5833	0.961339
5834	0.961339
5835	0.961339
5836	0.961339
5837	0.961339
5838	0.961339
5839	0.961339
5840	0.961339
5841	0.961339
5842	0.961339
5843	0.961339
5844	0.961339
5845	0.961339
5846	0.961339
5847	0.961339
5848	0.961339
5849	0.961339
5850	0.961339
5851	0.961339
5852	0.961339
5853	0.961339
5854	0.961339
5855	0.961339
5856	0.961339
5857	0.961339
5858	0.961339
5859	0.961339
5860	0.961339
5861	0.961339
5862	0.961339
5863	0.961339
5864	0.961339
5865	0.961339
5866	0.961339
5867	0.961339
5868	0.961339
5869	0.961339
5870	0.961339
5871	0.961339
5872	0.961339
5873	0.961339
5874	0.961339
5875	0.961339
5876	0.961339
5877	0.961339
5878	0.961339
5879	0.961339
5880	0.961339
5881	0.961339
5882	0.961339
5883	0.961339
5884	0.961339
5885	0.961339
5886	0.961339
5887	0.961339
5888	0.961339
5889	0.961339
5890	0.961339
5891	0.961339
5892	0.961339
5893	0.961339
5894	0.961339
5895	0.961339
5896	0.961339
5897	0.961339
5898	0.961339
5899	0.961339
5900	0.961339
5901	0.961339
5902	0.961339
5903	0.961339
5904	0.961339
5905	0.961339
5906	0.961339
5907	0.961339
5908	0.961339
5909	0.961339
5910	0.961339
5911	0.961339
5912	0.961339
5913	0.961339
5914	0.961339
5915	0.961339
5916	0.961339
5917	0.961339
5918	0.961339
5919	0.961339
5920	0.961339
5921	0.961339
5922	0.961339
5923	0.961339
5924	0.961339
5925	0.961339
5926	0.961339
5927	0.961339
5928	0.961339
5929	0.961339
5930	0.961339
5931	0.961339
5932	0.961339
5933	0.961339
5934	0.961339
5935	0.961339
5936	0.961339
5937	0.961339
5938	0.961339
5939	0.961339
5940	0.961339
5941	0.961339
5942	0.961339
5943	0.961339
5944	0.961339
5945	0.961339
5946	0.961339
5947	0.961339
5948	0.961339
5949	0.961339
5950	0.961339
5951	0.961339
5952	0.961339
5953	0.961339
5954	0.961339
5955	0.961339
5956	0.961339
5957	0.961339
5958	0.961339
5959	0.961339
5960	0.961339
5961	0.961339
5962	0.961339
5963	0.961339
5964	0.961339
5965	0.961339
5966	0.961339
5967	0.961339
5968	0.961339
5969	0.961339
5970	0.961339
5971	0.961339
5972	0.961339
5973	0.961339
5974	0.961339
5975	0.961339
5976	0.961339
5977	0.961339
5978	0.961339
5979	0.961339
5980	0.961339
5981	0.961339
5982	0.961339
5983	0.961339
5984	0.961339
5985	0.961339
5986	0.961339
5987	0.961339
5988	0.961339
5989	0.961339
5990	0.961339
5991	0.961339
5992	0.961339
5993	0.961339
5994	0.961339
5995	0.961339
5996	0.961339
5997	0.961339
5998	0.961339
5999	0.961339
6000	0.961339
6001	0.961339
6002	0.961339
6003	0.961339
6004	0.961339
6005	0.961339
6006	0.961339
6007	0.961339
6008	0.961339
6009	0.961339
6010	0.961339
6011	0.961339
6012	0.961339
6013	0.961339
6014	0.961339
6015	0.961339
6016	0.961339
6017	0.961339
6018	0.961339
6019	0.961339
6020	0.961339
6021	0.961339
6022	0.961339
6023	0.961339
6024	0.961339
6025	0.961339
6026	0.961339
6027	0.961339
6028	0.961339
6029	0.961339
6030	0.961339
6031	0.961339
6032	0.961339
6033	0.961339
6034	0.961339
6035	0.961339
6036	0.961339
6037	0.961339
6038	0.961339
6039	0.961339
6040	0.961339
6041	0.961339
6042	0.961339
6043	0.961339
6044	0.961339
6045	0.961339
6046	0.961339
6047	0.961339
6048	0.961339
6049	0.961339
6050	0.961339
6051	0.961339
6052	0.961339
6053	0.961339
6054	0.961339
6055	0.961339
6056	0.961339
6057	0.961339
6058	0.961339
6059	0.961339
6060	0.961339
6061	0.961339
6062	0.961339
6063	0.961339
6064	0.961339
6065	0.961339
6066	0.961339
6067	0.961339
6068	0.961339
6069	0.961339
6070	0.961339
6071	0.961339
6072	0.961339
6073	0.961339
6074	0.961339
6075	0.961339
6076	0.961339
6077	0.961339
6078	0.961339
6079	0.961339
6080	0.961339
6081	0.961339
6082	0.961339
6083	0.961339
6084	0.961339
6085	0.961339
6086	0.961339
6087	0.961339
6088	0.961339
6089	0.961339
6090	0.961339
6091	0.961339
6092	0.961339
6093	0.961339
6094	0.961339
6095	0.961339
6096	0.961339
6097	0.961339
6098	0.961339
6099	0.961339
6100	0.961339
6101	0.961339
6102	0.961339
6103	0.961339
6104	0.961339
6105	0.961339
6106	0.961339
6107	0.961339
6108	0.961339
6109	0.961339
6110	0.961339
6111	0.961339
6112	0.961339
6113	0.961339
6114	0.961339
6115	0.961339
6116	0.961339
6117	0.961339
6118	0.961339
6119	0.961339
6120	0.961339
6121	0.961339
6122	0.961339
6123	0.961339
6124	0.961339
6125	0.961339
6126	0.961339
6127	0.961339
6128	0.961339
6129	0.961339
6130	0.961339
6131	0.961339
6132	0.961339
6133	0.961339
6134	0.961339
6135	0.961339
6136	0.961339
6137	0.961339
6138	0.961339
6139	0.961339
6140	0.961339
6141	0.961339
6142	0.961339
6143	0.961339
6144	0.961339
6145	0.961339
6146	0.961339
6147	0.961339
6148	0.961339
6149	0.961339
6150	0.961339
6151	0.961339
6152	0.961339
6153	0.961339
6154	0.961339
6155	0.961339
6156	0.961339
6157	0.961339
6158	0.961339
6159	0.961339
6160	0.961339
6161	0.961339
6162	0.961339
6163	0.961339
6164	0.961339
6165	0.961339
6166	0.961339
6167	0.961339
6168	0.961339
6169	0.961339
6170	0.961339
6171	0.961339
6172	0.961339
6173	0.961339
6174	0.961339
6175	0.961339
6176	0.961339
6177	0.961339
6178	0.961339
6179	0.961339
6180	0.961339
6181	0.961339
6182	0.961339
6183	0.961339
6184	0.961339
6185	0.961339
6186	0.961339
6187	0.961339
6188	0.961339
6189	0.961339
6190	0.961339
6191	0.961339
6192	0.961339
6193	0.961339
6194	0.961339
6195	0.961339
6196	0.961339
6197	0.961339
6198	0.961339
6199	0.961339
6200	0.961339
6201	0.961339
6202	0.961339
6203	0.961339
6204	0.961339
6205	0.961339
6206	0.961339
6207	0.961339
6208	0.961339
6209	0.961339
6210	0.961339
6211	0.961339
6212	0.961339
6213	0.961339
6214	0.961339
6215	0.961339
6216	0.961339
6217	0.961339
6218	0.961339
6219	0.961339
6220	0.961339
6221	0.961339
6222	0.961339
6223	0.961339
6224	0.961339
6225	0.961339
6226	0.961339
6227	0.961339
6228	0.961339
6229	0.961339
6230	0.961339
6231	0.961339
6232	0.961339
6233	0.961339
6234	0.961339
6235	0.961339
6236	0.961339
6237	0.961339
6238	0.961339
6239	0.961339
6240	0.961339
6241	0.961339
6242	0.961339
6243	0.961339
6244	0.961339
6245	0.961339
6246	0.961339
6247	0.961339
6248	0.961339
6249	0.961339
6250	0.961339
6251	0.961339
6252	0.961339
6253	0.961339
6254	0.961339
6255	0.961339
6256	0.961339
6257	0.961339
6258	0.961339
6259	0.961339
6260	0.961339
6261	0.961339
6262	0.961339
6263	0.961339
6264	0.961339
6265	0.961339
6266	0.961339
6267	0.961339
6268	0.961339
6269	0.961339
6270	0.961339
6271	0.961339
6272	0.961339
6273	0.961339
6274	0.961339
6275	0.961339
6276	0.961339
6277	0.961339
6278	0.961339
6279	0.961339
6280	0.961339
6281	0.961339
6282	0.961339
6283	0.961339
6284	0.961339
6285	0.961339
6286	0.961339
6287	0.961339
6288	0.961339
6289	0.961339
6290	0.961339
6291	0.961339
6292	0.961339
6293	0.961339
6294	0.961339
6295	0.961339
6296	0.961339
6297	0.961339
6298	0.961339
6299	0.961339
6300	0.961339
6301	0.961339
6302	0.961339
6303	0.961339
6304	0.961339
6305	0.961339
6306	0.961339
6307	0.961339
6308	0.961339
6309	0.961339
6310	0.961339
6311	0.961339
6312	0.961339
6313	0.961339
6314	0.961339
6315	0.961339
6316	0.961339
6317	0.961339
6318	0.961339
6319	0.961339
6320	0.961339
6321	0.961339
6322	0.961339
6323	0.961339
6324	0.961339
6325	0.961339
6326	0.961339
6327	0.961339
6328	0.961339
6329	0.961339
6330	0.961339
6331	0.961339
6332	0.961339
6333	0.961339
6334	0.961339
6335	0.961339
6336	0.961339
6337	0.961339
6338	0.961339
6339	0.961339
6340	0.961339
6341	0.961339
6342	0.961339
6343	0.961339
6344	0.961339
6345	0.961339
6346	0.961339
6347	0.961339
6348	0.961339
6349	0.961339
6350	0.961339
6351	0.961339
6352	0.961339
6353	0.961339
6354	0.961339
6355	0.961339
6356	0.961339
6357	0.961339
6358	0.961339
6359	0.961339
6360	0.961339
6361	0.961339
6362	0.961339
6363	0.961339
6364	0.961339
6365	0.961339
6366	0.961339
6367	0.961339
6368	0.961339
6369	0.961339
6370	0.961339
6371	0.961339
6372	0.961339
6373	0.961339
6374	0.961339
6375	0.961339
6376	0.961339
6377	0.961339
6378	0.961339
6379	0.961339
6380	0.961339
6381	0.961339
6382	0.961339
6383	0.961339
6384	0.961339
6385	0.961339
6386	0.961339
6387	0.961339
6388	0.961339
6389	0.961339
6390	0.961339
6391	0.961339
6392	0.961339
6393	0.961339
6394	0.961339
6395	0.961339
6396	0.961339
6397	0.961339
6398	0.961339
6399	0.961339
6400	0.961339
6401	0.961339
6402	0.961339
6403	0.961339
6404	0.961339
6405	0.961339
6406	0.961339
6407	0.961339
6408	0.961339
6409	0.961339
6410	0.961339
6411	0.961339
6412	0.961339
6413	0.961339
6414	0.961339
6415	0.961339
6416	0.961339
6417	0.961339
6418	0.961339
6419	0.961339
6420	0.961339
6421	0.961339
6422	0.961339
6423	0.961339
6424	0.961339
6425	0.961339
6426	0.961339
6427	0.961339
6428	0.961339
6429	0.961339
6430	0.961339
6431	0.961339
6432	0.961339
6433	0.961339
6434	0.961339
6435	0.961339
6436	0.961339
6437	0.961339
6438	0.961339
6439	0.961339
6440	0.961339
6441	0.961339
6442	0.961339
6443	0.961339
6444	0.961339
6445	0.961339
6446	0.961339
6447	0.961339
6448	0.961339
6449	0.961339
6450	0.961339
6451	0.961339
6452	0.961339
6453	0.961339
6454	0.961339
6455	0.961339
6456	0.961339
6457	0.961339
6458	0.961339
6459	0.961339
6460	0.961339
6461	0.961339
6462	0.961339
6463	0.961339
6464	0.961339
6465	0.961339
6466	0.961339
6467	0.961339
6468	0.961339
6469	0.961339
6470	0.961339
6471	0.961339
6472	0.961339
6473	0.961339
6474	0.961339
6475	0.961339
6476	0.961339
6477	0.961339
6478	0.961339
6479	0.961339
6480	0.961339
6481	0.961339
6482	0.961339
6483	0.961339
6484	0.961339
6485	0.961339
6486	0.961339
6487	0.961339
6488	0.961339
6489	0.961339
6490	0.961339
6491	0.961339
6492	0.961339
6493	0.961339
6494	0.961339
6495	0.961339
6496	0.961339
6497	0.961339
6498	0.961339
6499	0.961339
6500	0.961339
6501	0.961339
6502	0.961339
6503	0.961339
6504	0.961339
6505	0.961339
6506	0.961339
6507	0.961339
6508	0.961339
6509	0.961339
6510	0.961339
6511	0.961339
6512	0.961339
6513	0.961339
6514	0.961339
6515	0.961339
6516	0.961339
6517	0.961339
6518	0.961339
6519	0.961339
6520	0.961339
6521	0.961339
6522	0.961339
6523	0.961339
6524	0.961339
6525	0.961339
6526	0.961339
6527	0.961339
6528	0.961339
6529	0.961339
6530	0.961339
6531	0.961339
6532	0.961339
6533	0.961339
6534	0.961339
6535	0.961339
6536	0.961339
6537	0.961339
6538	0.961339
6539	0.961339
6540	0.961339
6541	0.961339
6542	0.961339
6543	0.961339
6544	0.961339
6545	0.961339
6546	0.961339
6547	0.961339
6548	0.961339
6549	0.961339
6550	0.961339
6551	0.961339
6552	0.961339
6553	0.961339
6554	0.961339
6555	0.961339
6556	0.961339
6557	0.961339
6558	0.961339
6559	0.961339
6560	0.961339
6561	0.961339
6562	0.961339
6563	0.961339
6564	0.961339
6565	0.961339
6566	0.961339
6567	0.961339
6568	0.961339
6569	0.961339
6570	0.961339
6571	0.961339
6572	0.961339
6573	0.961339
6574	0.961339
6575	0.961339
6576	0.961339
6577	0.961339
6578	0.961339
6579	0.961339
6580	0.961339
6581	0.961339
6582	0.961339
6583	0.961339
6584	0.961339
6585	0.961339
6586	0.961339
6587	0.961339
6588	0.961339
6589	0.961339
6590	0.961339
6591	0.961339
6592	0.961339
6593	0.961339
6594	0.961339
6595	0.961339
6596	0.961339
6597	0.961339
6598	0.961339
6599	0.961339
6600	0.961339
6601	0.961339
6602	0.961339
6603	0.961339
6604	0.961339
6605	0.961339
6606	0.961339
6607	0.961339
6608	0.961339
6609	0.961339
6610	0.961339
6611	0.961339
6612	0.961339
6613	0.961339
6614	0.961339
6615	0.961339
6616	0.961339
6617	0.961339
6618	0.961339
6619	0.961339
6620	0.961339
6621	0.961339
6622	0.961339
6623	0.961339
6624	0.961339
6625	0.961339
6626	0.961339
6627	0.961339
6628	0.961339
6629	0.961339
6630	0.961339
6631	0.961339
6632	0.961339
6633	0.961339
6634	0.961339
6635	0.961339
6636	0.961339
6637	0.961339
6638	0.961339
6639	0.961339
6640	0.961339
6641	0.961339
6642	0.961339
6643	0.961339
6644	0.961339
6645	0.961339
6646	0.961339
6647	0.961339
6648	0.961339
6649	0.961339
6650	0.961339
6651	0.961339
6652	0.961339
6653	0.961339
6654	0.961339
6655	0.961339
6656	0.961339
6657	0.961339
6658	0.961339
6659	0.961339
6660	0.961339
6661	0.961339
6662	0.961339
6663	0.961339
6664	0.961339
6665	0.961339
6666	0.961339
6667	0.961339
6668	0.961339
6669	0.961339
6670	0.961339
6671	0.961339
6672	0.961339
6673	0.961339
6674	0.961339
6675	0.961339
6676	0.961339
6677	0.961339
6678	0.961339
6679	0.961339
6680	0.961339
6681	0.961339
6682	0.961339
6683	0.961339
6684	0.961339
6685	0.961339
6686	0.961339
6687	0.961339
6688	0.961339
6689	0.961339
6690	0.961339
6691	0.961339
6692	0.961339
6693	0.961339
6694	0.961339
6695	0.961339
6696	0.961339
6697	0.961339
6698	0.961339
6699	0.961339
6700	0.961339
6701	0.961339
6702	0.961339
6703	0.961339
6704	0.961339
6705	0.961339
6706	0.961339
6707	0.961339
6708	0.961339
6709	0.961339
6710	0.961339
6711	0.961339
6712	0.961339
6713	0.961339
6714	0.961339
6715	0.961339
6716	0.961339
6717	0.961339
6718	0.961339
6719	0.961339
6720	0.961339
6721	0.961339
6722	0.961339
6723	0.961339
6724	0.961339
6725	0.961339
6726	0.961339
6727	0.961339
6728	0.961339
6729	0.961339
6730	0.961339
6731	0.961339
6732	1
## No. organisms: 20
## Seeds        : 1477258810, 29189
## Runtime      : 0h 44m 22s.
## Started at   : Tue Nov 12 15:00:10 2019
## Ended at     : Tue Nov 12 15:44:32 2019
