955
1
1	1	2	1	1	11100001110111	11001011011011	10011011101101	0	0
1	2	2	1	2	00010001011000	01000100100000	00011111000110	0	1
1	3	3	1	3	01100111000000	00001101010011	11001001111110	0	0
1	4	2	1	4	01001011001011	11101101100001	01011101110000	0	0
1	5	3	2	1	11001101011101	11011111111011	11100011010100	0	0
1	6	1	2	2	10010010011010	00000000000000	01001110110101	0	0
1	7	1	2	3	00101110101101	10000000000000	00101001010101	0	0
1	8	2	2	4	01111000100110	01011011001010	00110111101111	0	0
1	9	2	3	1	00001111000010	11110000111000	10110110011011	0	0
1	10	1	3	2	10000010110011	01000000000000	10111000111011	0	0
1	11	2	3	3	11101110110000	11101100111001	11101111001000	0	0
1	12	2	3	4	11000001011001	10010101111111	11000000110101	0	0
1	13	2	4	1	00000100001000	00101010111111	00000101101011	0	0
1	14	2	4	2	10101100100011	00010000100001	10001001011011	0	1
1	15	2	4	3	01110110001100	11001010000101	00010101111000	0	0
1	16	1	4	4	10001101001100	11000000000000	00001010110010	0	0
1	17	2	5	1	01011111010110	10010001010110	01100110000110	0	0
1	18	2	5	2	10001110111000	01011101111000	01110011010010	0	0
1	19	3	5	3	10111011100001	10111111000011	11010000000010	0	1
1	20	3	5	4	10000110110001	01011111110110	01010010000101	0	1
2	1	2	1	1	00000110011011	01010000101010	01110001010000	0	1
2	2	3	1	2	00011011010111	00011010111100	01010110010011	0	0
2	3	3	1	3	01001111001000	00000101000110	00101010110101	0	0
2	4	2	1	4	10001001011001	11000000101110	11010101010101	0	0
2	5	1	2	1	00010000110001	00000000000000	10000000010001	0	0
2	6	2	2	2	00111100011101	01000111100010	00100101000110	0	0
2	7	1	2	3	01010011001110	10000000000000	01011111110011	0	0
2	8	2	2	4	11100110011010	10011110010100	11001111001111	0	0
2	9	2	3	1	01101110100010	11100001010010	10110001100110	0	1
2	10	1	3	2	00000100010100	01000000000000	01010001111110	0	0
2	11	2	3	3	11111011011100	10001110011000	10001000000010	0	0
2	12	2	3	4	01101100011111	01011011010111	10110011111010	0	1
2	13	3	4	1	10101100000100	01001000011111	10110100000011	0	0
2	14	1	4	2	11100001110011	11000000000000	00110000010100	0	0
2	15	2	4	3	00001001100011	11100000101101	00110001000110	0	1
2	16	2	4	4	11101100010010	11111011111100	10110110101101	0	0
2	17	3	5	1	11000111110110	01010001001001	10100101001110	0	0
2	18	2	5	2	01100011100010	11011100100110	01111001101100	0	0
2	19	2	5	3	01011111010110	01010011010011	11110101100001	0	0
2	20	2	5	4	10000010110110	00011111100000	10011010001110	0	0
3	1	2	1	1	11110100000010	00000011001000	00011111111101	0	0
3	2	2	1	2	01110001100100	00101000001101	11011001001011	0	0
3	3	2	1	3	10111000110001	10011110111011	11000100100111	0	0
3	4	2	1	4	11100100110100	10000111001100	10010101110110	0	0
3	5	1	2	1	00001100010000	00000000000000	01110111110101	0	1
3	6	2	2	2	01110011110100	01110111010000	10011101110100	0	0
3	7	2	2	3	01100110011010	00010110111000	00001101100000	0	0
3	8	2	2	4	11001000111110	01010000100000	11001111100110	0	0
3	9	1	3	1	10001010000001	10000000000000	11101000100011	0	0
3	10	2	3	2	11101111100010	11110011111100	01110100110101	0	0
3	11	1	3	3	11101110100010	01000000000000	10001101101000	0	0
3	12	2	3	4	11110001110000	01011100001100	10110111101001	0	0
3	13	3	4	1	10001110110000	11000110101001	11100111100011	0	1
3	14	2	4	2	00001010110011	00000001111001	01110110101001	0	0
3	15	3	4	3	10001111110100	11010010000001	10111000000100	0	1
3	16	3	4	4	10100110010101	00111001110111	10000101111100	0	1
3	17	2	5	1	10101011111010	01101011110111	00001110000011	0	0
3	18	1	5	2	10100011001100	11000000000000	11111111110001	0	0
3	19	3	5	3	01111010111111	00001010000110	11010000110000	0	0
3	20	2	5	4	11111000100001	01100111010000	10000010111000	0	0
4	1	2	1	1	01101001001000	10101001001111	00000111110001	0	0
4	2	2	1	2	01111010111110	10010101001111	00101100110100	0	1
4	3	1	1	3	01100100001011	00000000000000	10010000000011	0	0
4	4	2	1	4	11001011110111	00011000110001	11101111110011	0	0
4	5	3	2	1	11111001011011	11110111011101	00111111011010	0	0
4	6	2	2	2	10001111010111	10001000000100	00001000100110	0	1
4	7	1	2	3	11011100110011	10000000000000	01100101001011	0	0
4	8	2	2	4	01101100001100	00101100110010	11111001111111	0	1
4	9	1	3	1	00101111010100	01000000000000	00011100010110	0	0
4	10	2	3	2	00110011110011	10101110011110	10010111001001	0	0
4	11	2	3	3	11100011110000	00110001011000	00010001010011	0	0
4	12	1	3	4	11111100010111	11000000000000	11100100110100	0	0
4	13	3	4	1	00000101111011	11000011010101	00110000110011	0	0
4	14	2	4	2	11100100101100	10111110001011	00000000000010	0	0
4	15	3	4	3	01110100010001	00111101000100	10111101011010	0	0
4	16	2	4	4	11000000011101	01011111101011	01100000010110	0	0
4	17	2	5	1	10010101110111	10100100101000	00000101101101	0	0
4	18	2	5	2	01111101001111	11110000000111	10100100110011	0	0
4	19	2	5	3	11000001110011	01011101100100	10000101001011	0	0
4	20	3	5	4	00011100011000	11010110000001	10100010010100	0	1
5	1	2	1	1	00000101111101	01011000101001	10011111100111	0	1
5	2	2	1	2	01111110010110	10111101000110	00001111011011	0	0
5	3	2	1	3	10010010101010	00100000011011	00101111100110	0	0
5	4	2	1	4	10010010011010	11111101111100	11000010101100	0	1
5	5	3	2	1	10011110011101	00011000111011	11110010110100	0	0
5	6	2	2	2	01000010000100	01011000100110	11001010011001	0	0
5	7	3	2	3	10010100001111	10100010101100	00100111000010	0	1
5	8	2	2	4	10010111110110	10111101101110	11010011110010	0	0
5	9	3	3	1	00100001101010	10101101101110	01110010100010	0	0
5	10	2	3	2	10110100100101	00011010001011	00110011100001	0	0
5	11	2	3	3	01111101010010	10100011111011	01111111011101	0	0
5	12	3	3	4	00101110100011	01011100100110	01101001000100	0	0
5	13	2	4	1	01110100000010	00011011011010	01010111101110	0	0
5	14	2	4	2	10111001111000	01110001000111	01101001011110	0	0
5	15	1	4	3	11100101110110	00000000000000	01101100101101	0	0
5	16	2	4	4	00011001001110	10100111000110	10011011110101	0	0
5	17	1	5	1	10000011111010	10000000000000	10011011010011	0	0
5	18	1	5	2	10101111001101	01000000000000	11111010100011	0	0
5	19	2	5	3	10000111111000	00100001110001	10100001111011	0	0
5	20	1	5	4	00001100100011	11000000000000	01110000001010	0	1
6	1	3	1	1	00010101101000	10111000111100	10001101001101	0	0
6	2	2	1	2	00011011000000	00101110101110	00000110000000	0	1
6	3	1	1	3	00010101000000	10001010111111	00110111010011	0	0
6	4	3	1	4	11111111100001	01010001010010	00000001010100	0	0
6	5	2	2	1	00101100000011	11110011110000	00100110010100	0	0
6	6	2	2	2	00001010101101	10100111110010	01001010110010	0	1
6	7	2	2	3	10110001011110	01110001100111	10110101111111	0	0
6	8	2	2	4	00100110111101	10001110101110	11110010011000	0	0
6	9	2	3	1	01111000001011	00110111001010	00100100101111	0	0
6	10	2	3	2	11010101010000	10000111101010	00010000000011	0	0
6	11	2	3	3	00010011000110	11000110100111	11011010000111	0	0
6	12	2	3	4	01000001110101	01110011000110	10101110110010	0	1
6	13	3	4	1	00100011110001	00001101101011	01010000010100	0	0
6	14	2	4	2	00001001111011	01111010110101	01001101101011	0	0
6	15	1	4	3	11011011111111	01101010001011	00011111100001	0	0
6	16	3	4	4	00001000001110	01001100111101	10011110010111	0	0
6	17	2	5	1	10101110011101	00010011011101	01100010101000	0	1
6	18	2	5	2	11110111010110	00101011011000	00001100010111	0	0
6	19	1	5	3	11010100111010	01111100011000	10010111111100	0	0
6	20	1	5	4	10100100001010	01111011001101	11111101001101	0	0
7	1	2	1	1	10000011011111	11111100001011	01001010010110	0	0
7	2	1	1	2	10010000011011	01011100010101	11010111100000	0	0
7	3	1	1	3	01001001100111	10100000001111	11110001111100	0	0
7	4	1	1	4	01010100111010	10110001010101	01011110111001	0	0
7	5	2	2	1	00110111101101	00000100100100	11100011001001	0	0
7	6	3	2	2	10110000011100	10100101000110	10001101101111	0	0
7	7	2	2	3	00100011001000	11111100010010	00100010001100	0	0
7	8	2	2	4	10110110000111	10101111111001	01001001010110	0	0
7	9	2	3	1	00111111000011	01011110101010	00101110001111	0	1
7	10	2	3	2	11101110001110	11100111011000	10110111101011	0	0
7	11	1	3	3	11100010111101	10010101000010	11111101010111	0	0
7	12	2	3	4	11111100011100	01100001000110	01110101100011	0	1
7	13	3	4	1	10011101111100	01111101010011	11110010100110	0	0
7	14	2	4	2	01001000111100	11110001010001	11111010110100	0	1
7	15	2	4	3	01011000010010	11010111110101	11000111101011	0	0
7	16	3	4	4	10010101111101	00100000010100	00010111010101	0	0
7	17	2	5	1	00001100001101	11010111011001	00010000100011	0	1
7	18	3	5	2	11011110001011	01111011011101	01000000110010	0	0
7	19	2	5	3	10110100111000	10111111011111	00110001011100	0	0
7	20	2	5	4	01011010011000	11110100000101	10110011001100	0	0
8	1	2	1	1	01111010110001	00100010111000	10100001100011	0	0
8	2	3	1	2	00001100100011	01111101010111	10100111111101	0	0
8	3	2	1	3	10000111001010	01101011001110	00010100011011	0	1
8	4	3	1	4	11111110011110	11111110000001	11101100001101	0	0
8	5	2	2	1	11001111100010	10010010010101	11000011110110	0	0
8	6	1	2	2	01100010001110	11100000100011	10101010111001	0	0
8	7	3	2	3	01111110100100	01010000001101	10111001001001	0	0
8	8	2	2	4	00101110101001	01000010110111	11101011011111	0	0
8	9	1	3	1	00011000110101	00011111111000	00010100101011	0	0
8	10	2	3	2	00000100110000	00000001010101	00101110010001	0	0
8	11	2	3	3	10001111110010	01100101110101	10001001011011	0	1
8	12	2	3	4	10001010010001	11101001000011	00010110101011	0	0
8	13	1	4	1	00001101101001	00110100011001	01011010010010	0	0
8	14	2	4	2	01111011100100	11010001110101	10100001111010	0	1
8	15	2	4	3	11011101010110	11111110100101	11111011111101	0	0
8	16	2	4	4	00010100000001	10010010001110	11111001100111	0	0
8	17	1	5	1	11101100011011	10010000001010	11001101010101	0	0
8	18	3	5	2	00100001110111	01100100111110	00100011100110	0	0
8	19	2	5	3	11011100100110	10110000111011	00111111100000	0	1
8	20	2	5	4	01110110100010	11100100100010	01001000000011	0	0
9	1	3	1	1	01110100010111	01011001111001	10010100110000	0	0
9	2	2	1	2	01000010010000	10000010100010	01101010001100	0	0
9	3	2	1	3	01101100000000	11011100111100	11001110000011	0	0
9	4	1	1	4	10010010001101	11110001101110	01011011010011	0	0
9	5	2	2	1	01011110001001	01110101111101	01000000011110	0	0
9	6	2	2	2	01001010111010	11110111001101	01010010001010	0	0
9	7	2	2	3	01101101110100	00100000011110	01000001111101	0	0
9	8	2	2	4	11011100100110	00010111110101	10100110111011	0	0
9	9	3	3	1	10110001101000	00011101010010	10111100000011	0	1
9	10	1	3	2	10011010111110	10100010110011	11111101010000	0	0
9	11	2	3	3	01111000111101	11001001000110	01110000110100	0	0
9	12	2	3	4	11111001001011	11110101010110	01110000000001	0	0
9	13	2	4	1	00100011000011	00100000000101	00000111111101	0	0
9	14	2	4	2	10110110000111	01110001100100	10111110010111	0	0
9	15	3	4	3	10000010000111	01100011011100	01110100010100	0	0
9	16	1	4	4	10101001100010	00011101111100	10000111111011	0	1
9	17	2	5	1	10100000010100	00111111010011	00110010010000	0	0
9	18	1	5	2	00100000110110	11101100100011	00111011011000	0	1
9	19	2	5	3	01101000110000	00101010010000	01111100010111	0	0
9	20	3	5	4	10100001010101	00011110110011	11101011011101	0	1
10	1	2	1	1	11110000111111	10000110101100	00101111010100	0	0
10	2	2	1	2	01110011110110	01111011100111	01010100000101	0	0
10	3	1	1	3	10111010000111	11010000010100	10101000101010	0	0
10	4	1	1	4	11111110111000	00110001101110	10110001000000	0	0
10	5	3	2	1	10101001000011	11011100100100	10001110111111	0	0
10	6	3	2	2	01010101001010	00000011101110	01001011100000	0	0
10	7	2	2	3	01001101000110	10001101111001	01101001000011	0	0
10	8	1	2	4	10100001111000	10001101100100	10110101010001	0	1
10	9	2	3	1	11110001100110	10001010001100	01110100011010	0	0
10	10	2	3	2	11001110101111	10011111010001	11111110001001	0	1
10	11	3	3	3	10010110001111	00100010101100	10011110101010	0	0
10	12	3	3	4	11001111011110	01110011010010	00100100101001	0	0
10	13	2	4	1	10000010101101	00110010101011	11001001001010	0	0
10	14	2	4	2	01010010010011	11010111010010	11001001110101	0	0
10	15	2	4	3	11011010000001	10111000010111	01010011001111	0	1
10	16	2	4	4	11101111111001	11000111000000	11010001111000	0	0
10	17	1	5	1	01000011111010	00101011011001	01001100010110	0	0
10	18	2	5	2	10010011000100	00101111111111	11010100011110	0	0
10	19	2	5	3	11011111011101	00001101100100	10001111100000	0	1
10	20	2	5	4	00000011001001	01011011101000	01010110101101	0	0
11	1	2	1	1	00101001000010	10101001000010	11000001010011	0	0
11	2	2	1	2	11010101000110	10010011111100	00100111010100	0	0
11	3	3	1	3	11010110101010	01010001100010	01110100101011	0	0
11	4	2	1	4	10011010011010	00111110101010	10101011001000	0	0
11	5	2	2	1	00100101101001	01001100111001	01011000101100	0	0
11	6	2	2	2	10000011000101	11100101010100	10010000110111	0	0
11	7	2	2	3	01010100011001	00000111010010	01001111100111	0	0
11	8	2	2	4	11011000000010	01100000111011	00000100011110	0	1
11	9	2	3	1	00100110110000	00100011101001	00100111010100	0	0
11	10	2	3	2	11001010100101	11010000001101	00110010001010	0	1
11	11	2	3	3	10000111111001	10010010000001	10011001110011	0	0
11	12	1	3	4	01011101101111	00001011000111	10011110011011	0	0
11	13	3	4	1	01101011010100	10011010001110	11100011110101	0	1
11	14	3	4	2	00100011100101	10001101001000	10011100010010	0	0
11	15	1	4	3	10101011111101	10011100110100	01011100101111	0	0
11	16	2	4	4	11011100100111	11001010100001	11101010001110	0	0
11	17	3	5	1	11111000011111	10001100010101	00101001100001	0	0
11	18	2	5	2	10001101111011	01110110011001	11001110100011	0	0
11	19	1	5	3	10111011011001	01111110001010	11100010111011	0	1
11	20	1	5	4	01111111000110	10000010000001	11101100101101	0	0
12	1	2	1	1	00011010010100	10010101000100	11011100010110	0	1
12	2	2	1	2	10010001011101	01100111110000	01100111000100	0	0
12	3	2	1	3	10100010111111	11101101011001	10010011110101	0	0
12	4	2	1	4	01110000101000	10001010111000	00101001110100	0	0
12	5	1	1	5	11100111111100	00101000001010	10100100001101	0	1
12	6	2	2	1	10110001101001	01000111111000	10000111111001	0	0
12	7	2	2	2	10101010010010	01101010001001	00100110001011	0	0
12	8	2	2	3	11000110101011	00000111001110	00000001111100	1	1
12	9	2	2	4	11100110111111	00100001110111	01110100010011	1	0
12	10	3	2	5	01111111101110	11110101111000	11011010111111	0	0
12	11	1	3	1	00111111000001	00111000100100	01011000010001	0	1
12	12	2	3	2	01010010101011	01010011101010	11011010100110	1	1
12	13	3	3	3	10001010111100	11010111110110	11101110111001	0	0
12	14	2	3	4	10000110100111	11001011011001	00100100000100	0	0
12	15	2	3	5	10101011001010	00010010001010	01100110000100	0	0
12	16	3	4	1	01110011101100	10101010011110	10101010101101	0	0
12	17	2	4	2	01111100110101	11001001011001	00001011111000	0	1
12	18	2	4	3	10111111101110	01000001001100	01010001101100	0	0
12	19	1	4	4	10001101111100	11010000110111	10011101111011	0	0
12	20	2	4	5	00000100101011	00001011011100	10110100000011	0	0
12	21	2	5	1	10110000011000	11100100000000	01100111010110	1	1
12	22	2	5	2	00111011001101	00111110000110	10010110110000	0	0
12	23	1	5	3	01010001000111	11011100110100	00000100111001	0	0
12	24	2	5	4	00011001011001	11100110011010	11111001111100	1	0
12	25	3	5	5	00000011110110	01110100110100	11100010111011	0	1
13	1	2	1	1	00001011010101	01111001001110	11110011010001	0	0
13	2	2	1	2	10011101001111	11111100100100	00010011011100	0	0
13	3	2	1	3	11100011100000	00111010111100	00111110110011	0	0
13	4	1	1	4	01100001011100	01001100111010	01011111001100	0	1
13	5	2	1	5	00100101111000	00100100100010	11010100110001	0	0
13	6	2	2	1	00011110001110	01100111101101	10001111101001	0	1
13	7	2	2	2	10000000100001	00010100001110	10111010111100	0	1
13	8	1	2	3	01000100111010	11001101111011	10001100100010	0	0
13	9	2	2	4	00101001110011	10101110001000	10101110110011	0	0
13	10	2	2	5	10010010110000	11110111111111	11111011001010	1	0
13	11	2	3	1	00111000001110	11011100010000	00111101011001	1	0
13	12	3	3	2	11011001000101	00011111001010	00100110011001	0	0
13	13	1	3	3	00001011111001	00110010100000	11111100010100	0	0
13	14	3	3	4	11010000101111	11001000000010	00011001001101	0	1
13	15	2	3	5	00001101010100	01000100010000	01101010110100	0	0
13	16	1	4	1	00001110010111	10001011110101	00011001010101	0	1
13	17	3	4	2	01100100100101	10011101011011	10001011001000	0	0
13	18	2	4	3	11101100111000	10100011110110	11101111001000	0	0
13	19	2	4	4	01101111111110	01110101010001	00011101010110	1	0
13	20	3	4	5	10000111000011	11101010010110	01001100110100	0	1
13	21	2	5	1	11011010001101	00110110110011	10110011011100	0	0
13	22	2	5	2	10000111001011	01000111001010	10100111000011	0	1
13	23	2	5	3	00001101101010	01011010001010	11011101010111	0	0
13	24	2	5	4	01100000101011	01011110000010	11011010001000	1	1
13	25	2	5	5	11001101100001	11010000111111	01100010111010	1	0
14	1	2	1	1	01111111101010	00010001001001	00011101110100	0	1
14	2	2	1	2	01110100101011	10011011010011	10001110001110	0	0
14	3	2	1	3	00000101011000	00101001000111	11111101001101	0	0
14	4	2	1	4	01010100000101	10001010110101	01111111110000	0	0
14	5	2	1	5	11010111001110	11110111100100	01100101111110	0	0
14	6	2	2	1	10000111101111	10110000111001	10110100111000	1	0
14	7	3	2	2	00010011111000	00000010011100	10110010101111	0	1
14	8	3	2	3	10011111011110	11100001110010	00010110110010	0	0
14	9	1	2	4	11001000111011	11111111010101	11010111101011	0	1
14	10	2	2	5	01011111000000	11101111010011	01010011010111	1	1
14	11	2	3	1	11001000001001	11010110010110	11010001110111	0	0
14	12	1	3	2	00000111101000	11011011101111	00010001000000	0	0
14	13	2	3	3	11111001011110	11110000000011	10101111101100	1	0
14	14	1	3	4	00110000011110	10011010001100	10011010110111	0	0
14	15	1	3	5	11111010100100	00111101011011	11100111100111	0	0
14	16	2	4	1	10111000100000	00101010001000	00010001101010	1	0
14	17	2	4	2	10000011001000	10110001100111	11001001001101	0	1
14	18	3	4	3	11101001110011	10010001111110	00110000111110	0	0
14	19	2	4	4	10010101111000	00101101001111	11100011101111	0	1
14	20	2	4	5	01001101010011	00000111011011	11000100000101	0	1
14	21	2	5	1	10101001011010	11111110111100	10100101101010	1	0
14	22	2	5	2	10000100111101	10010110011001	11001001001111	0	1
14	23	2	5	3	00101111010010	11111011100111	00101001011001	0	0
14	24	2	5	4	01111111100010	01110000100011	01111000110000	0	0
14	25	3	5	5	10011111011111	00101010010010	00101100100001	0	0
