1	0.518689
2	0.524198
3	0.548466
4	0.551967
5	0.564895
6	0.573054
7	0.573054
8	0.573054
9	0.573054
10	0.573054
11	0.5959
12	0.613905
13	0.613905
14	0.613905
15	0.613905
16	0.613905
17	0.617741
18	0.635314
19	0.639805
20	0.639805
21	0.649247
22	0.659372
23	0.667727
24	0.667727
25	0.66841
26	0.670488
27	0.670488
28	0.670488
29	0.670488
30	0.675774
31	0.675774
32	0.675774
33	0.675774
34	0.675774
35	0.675774
36	0.675774
37	0.675774
38	0.675774
39	0.675774
40	0.675774
41	0.675774
42	0.675774
43	0.675774
44	0.675774
45	0.675774
46	0.675774
47	0.675774
48	0.675774
49	0.675774
50	0.675774
51	0.684114
52	0.684114
53	0.684114
54	0.684114
55	0.684114
56	0.684114
57	0.684114
58	0.684114
59	0.684114
60	0.684114
61	0.68569
62	0.68569
63	0.68569
64	0.68569
65	0.68569
66	0.68569
67	0.68569
68	0.68569
69	0.68569
70	0.68569
71	0.68569
72	0.68569
73	0.68569
74	0.716778
75	0.716778
76	0.716778
77	0.716778
78	0.716778
79	0.716778
80	0.716778
81	0.716778
82	0.716778
83	0.716778
84	0.716778
85	0.716778
86	0.716778
87	0.716778
88	0.716778
89	0.716778
90	0.716778
91	0.716778
92	0.716778
93	0.716778
94	0.717252
95	0.718438
96	0.718438
97	0.718912
98	0.718912
99	0.718912
100	0.718912
101	0.719386
102	0.720809
103	0.720809
104	0.720809
105	0.720809
106	0.720809
107	0.720809
108	0.720809
109	0.720809
110	0.720809
111	0.720809
112	0.720809
113	0.720809
114	0.720809
115	0.720809
116	0.720809
117	0.720809
118	0.720809
119	0.720809
120	0.720809
121	0.720809
122	0.720809
123	0.720809
124	0.720809
125	0.720809
126	0.720809
127	0.720809
128	0.720809
129	0.726778
130	0.726778
131	0.726778
132	0.726987
133	0.726987
134	0.726987
135	0.726987
136	0.726987
137	0.726987
138	0.726987
139	0.726987
140	0.729833
141	0.729833
142	0.729861
143	0.729861
144	0.729861
145	0.729861
146	0.729861
147	0.729861
148	0.729861
149	0.729861
150	0.729861
151	0.729861
152	0.729861
153	0.729861
154	0.730795
155	0.730795
156	0.738257
157	0.738257
158	0.738257
159	0.738257
160	0.739205
161	0.739205
162	0.739205
163	0.739205
164	0.739205
165	0.739205
166	0.739205
167	0.739205
168	0.743459
169	0.743459
170	0.748201
171	0.748201
172	0.748661
173	0.748661
174	0.748661
175	0.748661
176	0.748661
177	0.748661
178	0.748661
179	0.748661
180	0.748661
181	0.748661
182	0.748661
183	0.748661
184	0.748661
185	0.748661
186	0.748661
187	0.748661
188	0.748661
189	0.748661
190	0.748661
191	0.748661
192	0.748661
193	0.748661
194	0.748661
195	0.748661
196	0.748661
197	0.748661
198	0.748661
199	0.748661
200	0.748661
201	0.748661
202	0.748661
203	0.748661
204	0.748661
205	0.748661
206	0.748661
207	0.748661
208	0.748661
209	0.748661
210	0.748661
211	0.748661
212	0.748661
213	0.748661
214	0.748661
215	0.748661
216	0.748661
217	0.748661
218	0.748661
219	0.748661
220	0.748661
221	0.748661
222	0.748661
223	0.748661
224	0.748661
225	0.748661
226	0.748661
227	0.748661
228	0.748661
229	0.748661
230	0.748661
231	0.748661
232	0.748661
233	0.748661
234	0.748661
235	0.748661
236	0.748661
237	0.748661
238	0.748661
239	0.748661
240	0.748661
241	0.748661
242	0.748661
243	0.748661
244	0.748661
245	0.748661
246	0.748661
247	0.748661
248	0.748661
249	0.748661
250	0.748661
251	0.748661
252	0.748661
253	0.748661
254	0.748661
255	0.748661
256	0.748661
257	0.748661
258	0.748661
259	0.748661
260	0.748661
261	0.748661
262	0.748661
263	0.748661
264	0.748661
265	0.748661
266	0.748661
267	0.748661
268	0.748661
269	0.748661
270	0.748661
271	0.748661
272	0.748661
273	0.748661
274	0.748661
275	0.748661
276	0.748661
277	0.748661
278	0.748661
279	0.748661
280	0.748661
281	0.748661
282	0.748661
283	0.748661
284	0.748661
285	0.748661
286	0.748661
287	0.748661
288	0.748661
289	0.748661
290	0.748661
291	0.748661
292	0.748661
293	0.748661
294	0.748661
295	0.748661
296	0.748661
297	0.748661
298	0.748661
299	0.748661
300	0.748661
301	0.748661
302	0.748661
303	0.748661
304	0.748661
305	0.748661
306	0.748661
307	0.748661
308	0.748661
309	0.748661
310	0.748661
311	0.748661
312	0.748661
313	0.748661
314	0.748661
315	0.748661
316	0.748661
317	0.748661
318	0.748661
319	0.748661
320	0.748661
321	0.748661
322	0.748661
323	0.748661
324	0.748661
325	0.748661
326	0.748661
327	0.748661
328	0.748661
329	0.748661
330	0.748661
331	0.748661
332	0.748661
333	0.748661
334	0.748661
335	0.748661
336	0.748661
337	0.748661
338	0.748661
339	0.748661
340	0.748661
341	0.748661
342	0.748661
343	0.748661
344	0.748661
345	0.748661
346	0.748661
347	0.748661
348	0.748661
349	0.748661
350	0.748661
351	0.748661
352	0.748661
353	0.748661
354	0.748661
355	0.748661
356	0.748661
357	0.748661
358	0.748661
359	0.748661
360	0.748661
361	0.748661
362	0.748661
363	0.748661
364	0.748661
365	0.748661
366	0.748661
367	0.748661
368	0.748661
369	0.748661
370	0.748661
371	0.748661
372	0.748661
373	0.748661
374	0.748661
375	0.748661
376	0.748661
377	0.748661
378	0.748661
379	0.748661
380	0.748661
381	0.748661
382	0.748661
383	0.748661
384	0.748661
385	0.748661
386	0.748661
387	0.748661
388	0.748661
389	0.748661
390	0.748661
391	0.748661
392	0.748661
393	0.748661
394	0.748661
395	0.748661
396	0.748661
397	0.748661
398	0.748661
399	0.748661
400	0.748661
401	0.748661
402	0.748661
403	0.748661
404	0.748661
405	0.748661
406	0.748661
407	0.748661
408	0.748661
409	0.748661
410	0.748661
411	0.748661
412	0.748661
413	0.748661
414	0.748661
415	0.748661
416	0.748661
417	0.748661
418	0.748661
419	0.748661
420	0.748661
421	0.748661
422	0.748661
423	0.748661
424	0.748661
425	0.748661
426	0.748661
427	0.748661
428	0.748661
429	0.748661
430	0.748661
431	0.748661
432	0.748661
433	0.748661
434	0.748661
435	0.748661
436	0.748661
437	0.748661
438	0.748661
439	0.748661
440	0.749121
441	0.749121
442	0.749121
443	0.749121
444	0.749121
445	0.749121
446	0.749121
447	0.749121
448	0.749121
449	0.749121
450	0.749121
451	0.749121
452	0.749121
453	0.749121
454	0.749121
455	0.749121
456	0.749121
457	0.749121
458	0.749121
459	0.749121
460	0.749121
461	0.749121
462	0.749121
463	0.749121
464	0.749121
465	0.749121
466	0.749121
467	0.749121
468	0.749121
469	0.749121
470	0.749121
471	0.749121
472	0.749121
473	0.749121
474	0.749121
475	0.749121
476	0.749121
477	0.749121
478	0.749121
479	0.749121
480	0.749121
481	0.749121
482	0.749121
483	0.749121
484	0.749121
485	0.749121
486	0.749121
487	0.749121
488	0.749121
489	0.749121
490	0.749121
491	0.749121
492	0.749121
493	0.749121
494	0.749121
495	0.749121
496	0.749121
497	0.749121
498	0.749121
499	0.749121
500	0.749121
501	0.749121
502	0.749121
503	0.749121
504	0.749121
505	0.749121
506	0.749121
507	0.749121
508	0.749121
509	0.749121
510	0.749121
511	0.749121
512	0.749121
513	0.749121
514	0.749121
515	0.749121
516	0.749121
517	0.749121
518	0.749121
519	0.749121
520	0.749121
521	0.749121
522	0.749121
523	0.749121
524	0.749121
525	0.749121
526	0.749121
527	0.749121
528	0.749121
529	0.749121
530	0.749121
531	0.749121
532	0.749121
533	0.749121
534	0.749121
535	0.749121
536	0.749121
537	0.749121
538	0.749121
539	0.749121
540	0.749121
541	0.749121
542	0.749121
543	0.749121
544	0.749121
545	0.749121
546	0.749121
547	0.755439
548	0.755439
549	0.755439
550	0.755439
551	0.755439
552	0.755439
553	0.755439
554	0.755439
555	0.755439
556	0.755439
557	0.755439
558	0.755439
559	0.755439
560	0.755439
561	0.755439
562	0.7594
563	0.7594
564	0.7594
565	0.7594
566	0.7594
567	0.7594
568	0.7594
569	0.7594
570	0.7594
571	0.7594
572	0.7594
573	0.7594
574	0.7594
575	0.7594
576	0.7594
577	0.7594
578	0.7594
579	0.7594
580	0.7594
581	0.7594
582	0.7594
583	0.7594
584	0.7594
585	0.7594
586	0.7594
587	0.7594
588	0.7594
589	0.7594
590	0.7594
591	0.7594
592	0.7594
593	0.7594
594	0.7594
595	0.7594
596	0.7594
597	0.7594
598	0.7594
599	0.7594
600	0.7594
601	0.7594
602	0.7594
603	0.7594
604	0.7594
605	0.7594
606	0.7594
607	0.7594
608	0.7594
609	0.7594
610	0.7594
611	0.7594
612	0.7594
613	0.7594
614	0.7594
615	0.7594
616	0.7594
617	0.7594
618	0.7594
619	0.7594
620	0.7594
621	0.7594
622	0.7594
623	0.7594
624	0.7594
625	0.7594
626	0.7594
627	0.7594
628	0.7594
629	0.7594
630	0.7594
631	0.7594
632	0.7594
633	0.7594
634	0.7594
635	0.7594
636	0.7594
637	0.7594
638	0.7594
639	0.7594
640	0.7594
641	0.7594
642	0.7594
643	0.7594
644	0.7594
645	0.7594
646	0.7594
647	0.7594
648	0.7594
649	0.7594
650	0.7594
651	0.7594
652	0.7594
653	0.7594
654	0.7594
655	0.7594
656	0.7594
657	0.7594
658	0.7594
659	0.7594
660	0.7594
661	0.7594
662	0.7594
663	0.7594
664	0.7594
665	0.7594
666	0.7594
667	0.7594
668	0.7594
669	0.7594
670	0.7594
671	0.7594
672	0.7594
673	0.7594
674	0.7594
675	0.7594
676	0.7594
677	0.7594
678	0.7594
679	0.7594
680	0.7594
681	0.7594
682	0.7594
683	0.7594
684	0.7594
685	0.7594
686	0.7594
687	0.7594
688	0.7594
689	0.7594
690	0.7594
691	0.7594
692	0.7594
693	0.7594
694	0.7594
695	0.7594
696	0.7594
697	0.7594
698	0.7594
699	0.7594
700	0.7594
701	0.7594
702	0.7594
703	0.7594
704	0.7594
705	0.7594
706	0.7594
707	0.7594
708	0.7594
709	0.7594
710	0.7594
711	0.7594
712	0.7594
713	0.7594
714	0.7594
715	0.7594
716	0.7594
717	0.7594
718	0.7594
719	0.7594
720	0.7594
721	0.7594
722	0.7594
723	0.7594
724	0.7594
725	0.7594
726	0.7594
727	0.7594
728	0.7594
729	0.7594
730	0.7594
731	0.7594
732	0.7594
733	0.7594
734	0.7594
735	0.7594
736	0.7594
737	0.7594
738	0.7594
739	0.7594
740	0.7594
741	0.7594
742	0.7594
743	0.7594
744	0.7594
745	0.7594
746	0.7594
747	0.7594
748	0.7594
749	0.7594
750	0.7594
751	0.7594
752	0.7594
753	0.7594
754	0.7594
755	0.7594
756	0.7594
757	0.761771
758	0.761771
759	0.761771
760	0.761771
761	0.761771
762	0.761771
763	0.761771
764	0.761771
765	0.761771
766	0.761771
767	0.761771
768	0.761771
769	0.761771
770	0.761771
771	0.761771
772	0.761771
773	0.761771
774	0.761771
775	0.761771
776	0.761771
777	0.761771
778	0.761771
779	0.761771
780	0.761771
781	0.761771
782	0.761771
783	0.761771
784	0.761771
785	0.761771
786	0.761771
787	0.761771
788	0.761771
789	0.761771
790	0.761771
791	0.761771
792	0.761771
793	0.761771
794	0.761771
795	0.761771
796	0.761771
797	0.761771
798	0.764616
799	0.764616
800	0.764616
801	0.764616
802	0.764616
803	0.764616
804	0.764616
805	0.764616
806	0.764616
807	0.764616
808	0.764616
809	0.764616
810	0.764616
811	0.764616
812	0.764616
813	0.764616
814	0.764616
815	0.764616
816	0.764616
817	0.764616
818	0.764616
819	0.764616
820	0.764616
821	0.764616
822	0.764616
823	0.764616
824	0.764616
825	0.764616
826	0.777545
827	0.777545
828	0.777545
829	0.777545
830	0.784714
831	0.784714
832	0.784714
833	0.784714
834	0.784714
835	0.784714
836	0.784714
837	0.784714
838	0.784714
839	0.784714
840	0.784714
841	0.784714
842	0.784714
843	0.784714
844	0.784714
845	0.784714
846	0.784714
847	0.784714
848	0.784714
849	0.784714
850	0.784714
851	0.784714
852	0.784714
853	0.784714
854	0.784714
855	0.784714
856	0.784714
857	0.784714
858	0.784714
859	0.784714
860	0.784714
861	0.784714
862	0.784714
863	0.784714
864	0.784714
865	0.784714
866	0.784714
867	0.784714
868	0.784714
869	0.784714
870	0.784714
871	0.784714
872	0.784714
873	0.784714
874	0.784714
875	0.784714
876	0.784714
877	0.784714
878	0.784714
879	0.784714
880	0.784714
881	0.784714
882	0.784714
883	0.784714
884	0.784714
885	0.784714
886	0.784714
887	0.784714
888	0.784714
889	0.784714
890	0.784714
891	0.784714
892	0.784714
893	0.784714
894	0.784714
895	0.788591
896	0.788591
897	0.788591
898	0.788591
899	0.788591
900	0.792622
901	0.792622
902	0.792622
903	0.792622
904	0.792622
905	0.792622
906	0.792622
907	0.792622
908	0.792622
909	0.792622
910	0.792622
911	0.792622
912	0.792622
913	0.792622
914	0.792622
915	0.792622
916	0.792622
917	0.792622
918	0.792622
919	0.792622
920	0.792622
921	0.792622
922	0.792622
923	0.792622
924	0.792622
925	0.792622
926	0.792622
927	0.792622
928	0.792622
929	0.792622
930	0.792622
931	0.792622
932	0.792622
933	0.792622
934	0.792622
935	0.792622
936	0.792622
937	0.792622
938	0.792622
939	0.792622
940	0.792622
941	0.792622
942	0.792622
943	0.792622
944	0.797643
945	0.797643
946	0.797643
947	0.797643
948	0.797643
949	0.797643
950	0.799066
951	0.799066
952	0.799066
953	0.799066
954	0.799066
955	0.799066
956	0.799066
957	0.799066
958	0.799066
959	0.799066
960	0.799066
961	0.799066
962	0.799066
963	0.799066
964	0.799066
965	0.799066
966	0.799066
967	0.799066
968	0.799066
969	0.799066
970	0.799066
971	0.799066
972	0.799066
973	0.799066
974	0.799066
975	0.799066
976	0.799066
977	0.799066
978	0.799066
979	0.799066
980	0.799066
981	0.799066
982	0.799066
983	0.799066
984	0.799066
985	0.799066
986	0.799066
987	0.799066
988	0.799066
989	0.799066
990	0.799066
991	0.799066
992	0.799066
993	0.799066
994	0.799066
995	0.799066
996	0.799066
997	0.799066
998	0.799066
999	0.799066
1000	0.799066
1001	0.799066
1002	0.799066
1003	0.799066
1004	0.799066
1005	0.799066
1006	0.799066
1007	0.799066
1008	0.799066
1009	0.799066
1010	0.799066
1011	0.799066
1012	0.799066
1013	0.799066
1014	0.808605
1015	0.808605
1016	0.808605
1017	0.808605
1018	0.808605
1019	0.808605
1020	0.808605
1021	0.808605
1022	0.808605
1023	0.808605
1024	0.808605
1025	0.808605
1026	0.808605
1027	0.808605
1028	0.808605
1029	0.808605
1030	0.808605
1031	0.808605
1032	0.808605
1033	0.808605
1034	0.808605
1035	0.808605
1036	0.808605
1037	0.808605
1038	0.808605
1039	0.808605
1040	0.808605
1041	0.808605
1042	0.808605
1043	0.808605
1044	0.808605
1045	0.808605
1046	0.808605
1047	0.808605
1048	0.808605
1049	0.808605
1050	0.808605
1051	0.808605
1052	0.808605
1053	0.808605
1054	0.808605
1055	0.808605
1056	0.808605
1057	0.808605
1058	0.808605
1059	0.808605
1060	0.808605
1061	0.808605
1062	0.808605
1063	0.808605
1064	0.808605
1065	0.808605
1066	0.808605
1067	0.808605
1068	0.808605
1069	0.808605
1070	0.808605
1071	0.808605
1072	0.808605
1073	0.808605
1074	0.808605
1075	0.808605
1076	0.808605
1077	0.808605
1078	0.808605
1079	0.808605
1080	0.808605
1081	0.808605
1082	0.808605
1083	0.808605
1084	0.808605
1085	0.808605
1086	0.808605
1087	0.808605
1088	0.808605
1089	0.808605
1090	0.808605
1091	0.808605
1092	0.808605
1093	0.808605
1094	0.808605
1095	0.808605
1096	0.808605
1097	0.808605
1098	0.808605
1099	0.808605
1100	0.808605
1101	0.808605
1102	0.808605
1103	0.808605
1104	0.808605
1105	0.808605
1106	0.808605
1107	0.808605
1108	0.808605
1109	0.808605
1110	0.808605
1111	0.808605
1112	0.808605
1113	0.808605
1114	0.808605
1115	0.808605
1116	0.808605
1117	0.808605
1118	0.808605
1119	0.808605
1120	0.808605
1121	0.808605
1122	0.808605
1123	0.808605
1124	0.808605
1125	0.808605
1126	0.808605
1127	0.808605
1128	0.808605
1129	0.808605
1130	0.808605
1131	0.808605
1132	0.808605
1133	0.808605
1134	0.808605
1135	0.808605
1136	0.808605
1137	0.808605
1138	0.808605
1139	0.808605
1140	0.808605
1141	0.808605
1142	0.808605
1143	0.808605
1144	0.808605
1145	0.808605
1146	0.808605
1147	0.808605
1148	0.808605
1149	0.808605
1150	0.808605
1151	0.808605
1152	0.808605
1153	0.808605
1154	0.808605
1155	0.808605
1156	0.808605
1157	0.808605
1158	0.808605
1159	0.808605
1160	0.808605
1161	0.808605
1162	0.808605
1163	0.808605
1164	0.808605
1165	0.808605
1166	0.808605
1167	0.808605
1168	0.808605
1169	0.808605
1170	0.808605
1171	0.808605
1172	0.808605
1173	0.808605
1174	0.808605
1175	0.808605
1176	0.808605
1177	0.808605
1178	0.808605
1179	0.808605
1180	0.808605
1181	0.808605
1182	0.808605
1183	0.808605
1184	0.808605
1185	0.808605
1186	0.808605
1187	0.808605
1188	0.808605
1189	0.808605
1190	0.808605
1191	0.808605
1192	0.808605
1193	0.808605
1194	0.808605
1195	0.808605
1196	0.808605
1197	0.808605
1198	0.808605
1199	0.808605
1200	0.808605
1201	0.808605
1202	0.808605
1203	0.808605
1204	0.808605
1205	0.808605
1206	0.808605
1207	0.808605
1208	0.808605
1209	0.808605
1210	0.808605
1211	0.808605
1212	0.808605
1213	0.808605
1214	0.808605
1215	0.808605
1216	0.808605
1217	0.808605
1218	0.808605
1219	0.808605
1220	0.808605
1221	0.808605
1222	0.808605
1223	0.808605
1224	0.808605
1225	0.808605
1226	0.808605
1227	0.808605
1228	0.808605
1229	0.808605
1230	0.808605
1231	0.808605
1232	0.808605
1233	0.808605
1234	0.808605
1235	0.808605
1236	0.808605
1237	0.808605
1238	0.808605
1239	0.808605
1240	0.808605
1241	0.808605
1242	0.808605
1243	0.808605
1244	0.808605
1245	0.808605
1246	0.808605
1247	0.808605
1248	0.808605
1249	0.808605
1250	0.808605
1251	0.808605
1252	0.808605
1253	0.808605
1254	0.808605
1255	0.808605
1256	0.808605
1257	0.808605
1258	0.808605
1259	0.808605
1260	0.808605
1261	0.808605
1262	0.809944
1263	0.809944
1264	0.809944
1265	0.809944
1266	0.809944
1267	0.809944
1268	0.809944
1269	0.809944
1270	0.809944
1271	0.809944
1272	0.809944
1273	0.809944
1274	0.809944
1275	0.809944
1276	0.809944
1277	0.809944
1278	0.821423
1279	0.821423
1280	0.821423
1281	0.821423
1282	0.821423
1283	0.821423
1284	0.821423
1285	0.821423
1286	0.821423
1287	0.821423
1288	0.821423
1289	0.821423
1290	0.821423
1291	0.821423
1292	0.821423
1293	0.821423
1294	0.821423
1295	0.821423
1296	0.821423
1297	0.821423
1298	0.821423
1299	0.821423
1300	0.821423
1301	0.821423
1302	0.821423
1303	0.821423
1304	0.821423
1305	0.821423
1306	0.821423
1307	0.821423
1308	0.821423
1309	0.821423
1310	0.821423
1311	0.821423
1312	0.821423
1313	0.821423
1314	0.821423
1315	0.821423
1316	0.821423
1317	0.821423
1318	0.821423
1319	0.821423
1320	0.821423
1321	0.821423
1322	0.821423
1323	0.821423
1324	0.821423
1325	0.825537
1326	0.825537
1327	0.825537
1328	0.825537
1329	0.825537
1330	0.825537
1331	0.825537
1332	0.825537
1333	0.825537
1334	0.825537
1335	0.825537
1336	0.825537
1337	0.825537
1338	0.825537
1339	0.825537
1340	0.825537
1341	0.825537
1342	0.825537
1343	0.825537
1344	0.825537
1345	0.825537
1346	0.825537
1347	0.825537
1348	0.825537
1349	0.825537
1350	0.825537
1351	0.825537
1352	0.825537
1353	0.825537
1354	0.825537
1355	0.825537
1356	0.825537
1357	0.825537
1358	0.825537
1359	0.825537
1360	0.825537
1361	0.825537
1362	0.825537
1363	0.825537
1364	0.825537
1365	0.825537
1366	0.825537
1367	0.825537
1368	0.825537
1369	0.825537
1370	0.825537
1371	0.825537
1372	0.825537
1373	0.825537
1374	0.825537
1375	0.825537
1376	0.825537
1377	0.825537
1378	0.825537
1379	0.825537
1380	0.825537
1381	0.825537
1382	0.825537
1383	0.825537
1384	0.825537
1385	0.825537
1386	0.825537
1387	0.825537
1388	0.825537
1389	0.825537
1390	0.825537
1391	0.825537
1392	0.825537
1393	0.825537
1394	0.825537
1395	0.825537
1396	0.825537
1397	0.825537
1398	0.825537
1399	0.825537
1400	0.825537
1401	0.825537
1402	0.825537
1403	0.825537
1404	0.825537
1405	0.825537
1406	0.825537
1407	0.825537
1408	0.825537
1409	0.825537
1410	0.825537
1411	0.825537
1412	0.825537
1413	0.825537
1414	0.825537
1415	0.825537
1416	0.825537
1417	0.825537
1418	0.825537
1419	0.825537
1420	0.825537
1421	0.825537
1422	0.825537
1423	0.825537
1424	0.825537
1425	0.825537
1426	0.825537
1427	0.825537
1428	0.825537
1429	0.825537
1430	0.825537
1431	0.825537
1432	0.825537
1433	0.825537
1434	0.825537
1435	0.825537
1436	0.825537
1437	0.825537
1438	0.825537
1439	0.825537
1440	0.825537
1441	0.825537
1442	0.825537
1443	0.825537
1444	0.825537
1445	0.825537
1446	0.828717
1447	0.828717
1448	0.828717
1449	0.828717
1450	0.828717
1451	0.828717
1452	0.828717
1453	0.828717
1454	0.828717
1455	0.828717
1456	0.828717
1457	0.828717
1458	0.828717
1459	0.828717
1460	0.828717
1461	0.828717
1462	0.828717
1463	0.828717
1464	0.828717
1465	0.828717
1466	0.828717
1467	0.828717
1468	0.828717
1469	0.828717
1470	0.828717
1471	0.828717
1472	0.828717
1473	0.835774
1474	0.835774
1475	0.835774
1476	0.835774
1477	0.835774
1478	0.835774
1479	0.835774
1480	0.835774
1481	0.835774
1482	0.835774
1483	0.835774
1484	0.835774
1485	0.835774
1486	0.835774
1487	0.835774
1488	0.835774
1489	0.835774
1490	0.835774
1491	0.838954
1492	0.838954
1493	0.838954
1494	0.838954
1495	0.838954
1496	0.838954
1497	0.838954
1498	0.838954
1499	0.838954
1500	0.839414
1501	0.839414
1502	0.839414
1503	0.839414
1504	0.839414
1505	0.839414
1506	0.839414
1507	0.839414
1508	0.839414
1509	0.839414
1510	0.839414
1511	0.839414
1512	0.839414
1513	0.839414
1514	0.839414
1515	0.839414
1516	0.839414
1517	0.839414
1518	0.839414
1519	0.839414
1520	0.839414
1521	0.839414
1522	0.846276
1523	0.846276
1524	0.846276
1525	0.846276
1526	0.846276
1527	0.846276
1528	0.846276
1529	0.846276
1530	0.846276
1531	0.846276
1532	0.846276
1533	0.846276
1534	0.846276
1535	0.846276
1536	0.846276
1537	0.846276
1538	0.846276
1539	0.846276
1540	0.846276
1541	0.846276
1542	0.846276
1543	0.846276
1544	0.846276
1545	0.846276
1546	0.846276
1547	0.846276
1548	0.846276
1549	0.846276
1550	0.846276
1551	0.846276
1552	0.846276
1553	0.846276
1554	0.846276
1555	0.846276
1556	0.846276
1557	0.846276
1558	0.846276
1559	0.846276
1560	0.846276
1561	0.846276
1562	0.846276
1563	0.846276
1564	0.846276
1565	0.846276
1566	0.846276
1567	0.846276
1568	0.846276
1569	0.846276
1570	0.846276
1571	0.846276
1572	0.846276
1573	0.846276
1574	0.846276
1575	0.846276
1576	0.846276
1577	0.846276
1578	0.846276
1579	0.846276
1580	0.846276
1581	0.846276
1582	0.846276
1583	0.846276
1584	0.846276
1585	0.846276
1586	0.846276
1587	0.846276
1588	0.846276
1589	0.846276
1590	0.846276
1591	0.846276
1592	0.846276
1593	0.846276
1594	0.846276
1595	0.846276
1596	0.846276
1597	0.846276
1598	0.846276
1599	0.846276
1600	0.846276
1601	0.846276
1602	0.846276
1603	0.846276
1604	0.846276
1605	0.846276
1606	0.846276
1607	0.846513
1608	0.846513
1609	0.846513
1610	0.846513
1611	0.847699
1612	0.847699
1613	0.847699
1614	0.848173
1615	0.848173
1616	0.848173
1617	0.848173
1618	0.848173
1619	0.848173
1620	0.848884
1621	0.848884
1622	0.848884
1623	0.848884
1624	0.849847
1625	0.849847
1626	0.849847
1627	0.849847
1628	0.849847
1629	0.849847
1630	0.849847
1631	0.849847
1632	0.849847
1633	0.849847
1634	0.849847
1635	0.849847
1636	0.849847
1637	0.849847
1638	0.849847
1639	0.849847
1640	0.849847
1641	0.849847
1642	0.849847
1643	0.849847
1644	0.849847
1645	0.849847
1646	0.849847
1647	0.849847
1648	0.851185
1649	0.851185
1650	0.851185
1651	0.851185
1652	0.851185
1653	0.851185
1654	0.851185
1655	0.851185
1656	0.852608
1657	0.852608
1658	0.852608
1659	0.852608
1660	0.852608
1661	0.852608
1662	0.852608
1663	0.852608
1664	0.855955
1665	0.855955
1666	0.855955
1667	0.855955
1668	0.855955
1669	0.855955
1670	0.861715
1671	0.861715
1672	0.861715
1673	0.861715
1674	0.861715
1675	0.861715
1676	0.861715
1677	0.861715
1678	0.861715
1679	0.861715
1680	0.861715
1681	0.861715
1682	0.861715
1683	0.861715
1684	0.861715
1685	0.861715
1686	0.861715
1687	0.861715
1688	0.87212
1689	0.87212
1690	0.87212
1691	0.87212
1692	0.87212
1693	0.87212
1694	0.87212
1695	0.87212
1696	0.87212
1697	0.87212
1698	0.87212
1699	0.87212
1700	0.87212
1701	0.87212
1702	0.87212
1703	0.87212
1704	0.87212
1705	0.87212
1706	0.87212
1707	0.87212
1708	0.87212
1709	0.87212
1710	0.87212
1711	0.87212
1712	0.87212
1713	0.87212
1714	0.87212
1715	0.87212
1716	0.87212
1717	0.87212
1718	0.87212
1719	0.87212
1720	0.87212
1721	0.87212
1722	0.87212
1723	0.87212
1724	0.87212
1725	0.87212
1726	0.87212
1727	0.87212
1728	0.87212
1729	0.87212
1730	0.87212
1731	0.87212
1732	0.87212
1733	0.87212
1734	0.87212
1735	0.87212
1736	0.87212
1737	0.87212
1738	0.87212
1739	0.87212
1740	0.87212
1741	0.87212
1742	0.87212
1743	0.87212
1744	0.87212
1745	0.87212
1746	0.87212
1747	0.87212
1748	0.87212
1749	0.87212
1750	0.87212
1751	0.87212
1752	0.87212
1753	0.87212
1754	0.87212
1755	0.87212
1756	0.87212
1757	0.87212
1758	0.87212
1759	0.87212
1760	0.87212
1761	0.87212
1762	0.87212
1763	0.87212
1764	0.87212
1765	0.87212
1766	0.87212
1767	0.87212
1768	0.87212
1769	0.87212
1770	0.872789
1771	0.872789
1772	0.872789
1773	0.872789
1774	0.872789
1775	0.872789
1776	0.872789
1777	0.872789
1778	0.872789
1779	0.872789
1780	0.872789
1781	0.872789
1782	0.872789
1783	0.872789
1784	0.872789
1785	0.872789
1786	0.872789
1787	0.872789
1788	0.872789
1789	0.872789
1790	0.872789
1791	0.872789
1792	0.872789
1793	0.872789
1794	0.872789
1795	0.872789
1796	0.872789
1797	0.872789
1798	0.872789
1799	0.872789
1800	0.872789
1801	0.872789
1802	0.872789
1803	0.872789
1804	0.872789
1805	0.872789
1806	0.872789
1807	0.872789
1808	0.872789
1809	0.872789
1810	0.872789
1811	0.872789
1812	0.872789
1813	0.872789
1814	0.872789
1815	0.872789
1816	0.872789
1817	0.872789
1818	0.872789
1819	0.872789
1820	0.872789
1821	0.872789
1822	0.872789
1823	0.872789
1824	0.872789
1825	0.872789
1826	0.872789
1827	0.872789
1828	0.872789
1829	0.872789
1830	0.872789
1831	0.872789
1832	0.872789
1833	0.872789
1834	0.888703
1835	0.888703
1836	0.888703
1837	0.888703
1838	0.888703
1839	0.888703
1840	0.888703
1841	0.888703
1842	0.888703
1843	0.888703
1844	0.888703
1845	0.888703
1846	0.888703
1847	0.888703
1848	0.888703
1849	0.888703
1850	0.888703
1851	0.888703
1852	0.888703
1853	0.888703
1854	0.888703
1855	0.888703
1856	0.888703
1857	0.888703
1858	0.888703
1859	0.888703
1860	0.888703
1861	0.888703
1862	0.888703
1863	0.888703
1864	0.888703
1865	0.888703
1866	0.888703
1867	0.893166
1868	0.893166
1869	0.893166
1870	0.893166
1871	0.893166
1872	0.893166
1873	0.893166
1874	0.893166
1875	0.893166
1876	0.893166
1877	0.893166
1878	0.893166
1879	0.893166
1880	0.893166
1881	0.893166
1882	0.893166
1883	0.893166
1884	0.893166
1885	0.893166
1886	0.893166
1887	0.893166
1888	0.893166
1889	0.893166
1890	0.893166
1891	0.893166
1892	0.893166
1893	0.893166
1894	0.893166
1895	0.893166
1896	0.893166
1897	0.893166
1898	0.893166
1899	0.893166
1900	0.893166
1901	0.893166
1902	0.893166
1903	0.893166
1904	0.893166
1905	0.893166
1906	0.893166
1907	0.893166
1908	0.893166
1909	0.893166
1910	0.893166
1911	0.893166
1912	0.893166
1913	0.893166
1914	0.893166
1915	0.893166
1916	0.893166
1917	0.893166
1918	0.893166
1919	0.893166
1920	0.893166
1921	0.893166
1922	0.893166
1923	0.893166
1924	0.893166
1925	0.893166
1926	0.893166
1927	0.893166
1928	0.893166
1929	0.893166
1930	0.893166
1931	0.893166
1932	0.893166
1933	0.895844
1934	0.895844
1935	0.895844
1936	0.895844
1937	0.895844
1938	0.895844
1939	0.895844
1940	0.895844
1941	0.895844
1942	0.896513
1943	0.896513
1944	0.896513
1945	0.896513
1946	0.896513
1947	0.896513
1948	0.896513
1949	0.896513
1950	0.896513
1951	0.896513
1952	0.896513
1953	0.896513
1954	0.896513
1955	0.896513
1956	0.896513
1957	0.896513
1958	0.896513
1959	0.907378
1960	0.907378
1961	0.911841
1962	0.912957
1963	0.912957
1964	0.912957
1965	0.912957
1966	0.912957
1967	0.912957
1968	0.912957
1969	0.912957
1970	0.912957
1971	0.912957
1972	0.912957
1973	0.912957
1974	0.912957
1975	0.922831
1976	0.922831
1977	0.922831
1978	0.922831
1979	0.922831
1980	0.922831
1981	0.922831
1982	0.922831
1983	0.922831
1984	0.922831
1985	0.922831
1986	0.922831
1987	0.922831
1988	0.922831
1989	0.922831
1990	0.922831
1991	0.922831
1992	0.922831
1993	0.922831
1994	0.922831
1995	0.922831
1996	0.926848
1997	0.926848
1998	0.926848
1999	0.926848
2000	0.926848
2001	0.926848
2002	0.926848
2003	0.926848
2004	0.926848
2005	0.926848
2006	0.926848
2007	0.926848
2008	0.926848
2009	0.926848
2010	0.926848
2011	0.926848
2012	0.926848
2013	0.926848
2014	0.926848
2015	0.926848
2016	0.926848
2017	0.926848
2018	0.926848
2019	0.926848
2020	0.926848
2021	0.926848
2022	0.926848
2023	0.926848
2024	0.926848
2025	0.926848
2026	0.926848
2027	0.926848
2028	0.926848
2029	0.926848
2030	0.926848
2031	0.926848
2032	0.926848
2033	0.926848
2034	0.926848
2035	0.926848
2036	0.926848
2037	0.926848
2038	0.926848
2039	0.926848
2040	0.926848
2041	0.926848
2042	0.926848
2043	0.926848
2044	0.926848
2045	0.926848
2046	0.926848
2047	0.932232
2048	0.932232
2049	0.932232
2050	0.932232
2051	0.932232
2052	0.932232
2053	0.932232
2054	0.932232
2055	0.932232
2056	0.932232
2057	0.932232
2058	0.932232
2059	0.932232
2060	0.932232
2061	0.932232
2062	0.932232
2063	0.932232
2064	0.932232
2065	0.932232
2066	0.933152
2067	0.933152
2068	0.933152
2069	0.933152
2070	0.933152
2071	0.933152
2072	0.933152
2073	0.934338
2074	0.934338
2075	0.934338
2076	0.934338
2077	0.934338
2078	0.934338
2079	0.934338
2080	0.934338
2081	0.934338
2082	0.934338
2083	0.934338
2084	0.934338
2085	0.934338
2086	0.934338
2087	0.934338
2088	0.934338
2089	0.936792
2090	0.936792
2091	0.936792
2092	0.936792
2093	0.936792
2094	0.936792
2095	0.936792
2096	0.936792
2097	0.936792
2098	0.936792
2099	0.936792
2100	0.936792
2101	0.936792
2102	0.936792
2103	0.936792
2104	0.936792
2105	0.936792
2106	0.936792
2107	0.936792
2108	0.936792
2109	0.936792
2110	0.936792
2111	0.936792
2112	0.936792
2113	0.936792
2114	0.936792
2115	0.936792
2116	0.936792
2117	0.936792
2118	0.936792
2119	0.936792
2120	0.936792
2121	0.936792
2122	0.936792
2123	0.936792
2124	0.936792
2125	0.936792
2126	0.936792
2127	0.936792
2128	0.936792
2129	0.936792
2130	0.936792
2131	0.936792
2132	0.936792
2133	0.936792
2134	0.936792
2135	0.936792
2136	0.936792
2137	0.936792
2138	0.936792
2139	0.936792
2140	0.936792
2141	0.936792
2142	0.936792
2143	0.936792
2144	0.936792
2145	0.936792
2146	0.936792
2147	0.936792
2148	0.936792
2149	0.936792
2150	0.936792
2151	0.936792
2152	0.936792
2153	0.936792
2154	0.936792
2155	0.936792
2156	0.936792
2157	0.936792
2158	0.936792
2159	0.936792
2160	0.936792
2161	0.936792
2162	0.936792
2163	0.936792
2164	0.936792
2165	0.936792
2166	0.936792
2167	0.936792
2168	0.936792
2169	0.936792
2170	0.936792
2171	0.936792
2172	0.936792
2173	0.936792
2174	0.936792
2175	0.936792
2176	0.936792
2177	0.936792
2178	0.936792
2179	0.936792
2180	0.936792
2181	0.936792
2182	0.936792
2183	0.936792
2184	0.936792
2185	0.952636
2186	0.952636
2187	0.952636
2188	0.952636
2189	0.952636
2190	0.952636
2191	0.952636
2192	0.952636
2193	0.952859
2194	0.952859
2195	0.952859
2196	0.952859
2197	0.952859
2198	0.952859
2199	0.952859
2200	0.952859
2201	0.952859
2202	0.952859
2203	0.952859
2204	0.952859
2205	0.952859
2206	0.952859
2207	0.952859
2208	0.952859
2209	0.952859
2210	0.952859
2211	0.952859
2212	0.952859
2213	0.952859
2214	0.952859
2215	0.952859
2216	0.952859
2217	0.952859
2218	0.952859
2219	0.952859
2220	0.952859
2221	0.952859
2222	0.952859
2223	0.952859
2224	0.952859
2225	0.952859
2226	0.952859
2227	0.952859
2228	0.952859
2229	0.952859
2230	0.952859
2231	0.952859
2232	0.952859
2233	0.952859
2234	0.952859
2235	0.952859
2236	0.952859
2237	0.952859
2238	0.952859
2239	0.952859
2240	0.952859
2241	0.952859
2242	0.952859
2243	0.952859
2244	0.952859
2245	0.952859
2246	0.952859
2247	0.952859
2248	0.952859
2249	0.952859
2250	0.952859
2251	0.952859
2252	0.952859
2253	0.952859
2254	0.952859
2255	0.952859
2256	0.952859
2257	0.952859
2258	0.952859
2259	0.952859
2260	0.952859
2261	0.954198
2262	0.954198
2263	0.954198
2264	0.954198
2265	0.954198
2266	0.954198
2267	0.954198
2268	0.954198
2269	0.954198
2270	0.954198
2271	0.954198
2272	0.954198
2273	0.954198
2274	0.954198
2275	0.954198
2276	0.954198
2277	0.954198
2278	0.954198
2279	0.954198
2280	0.954198
2281	0.954198
2282	0.954198
2283	0.954198
2284	0.954198
2285	0.954198
2286	0.954198
2287	0.954198
2288	0.954198
2289	0.954198
2290	0.954198
2291	0.954198
2292	0.954198
2293	0.954198
2294	0.954198
2295	0.954198
2296	0.954198
2297	0.954198
2298	0.954198
2299	0.954198
2300	0.954198
2301	0.954198
2302	0.954198
2303	0.954198
2304	0.954198
2305	0.954198
2306	0.954198
2307	0.954198
2308	0.954198
2309	0.954198
2310	0.954198
2311	0.954198
2312	0.954198
2313	0.954198
2314	0.954198
2315	0.954198
2316	0.954198
2317	0.954198
2318	0.954198
2319	0.954198
2320	0.954198
2321	0.954198
2322	0.954198
2323	0.954198
2324	0.954198
2325	0.954198
2326	0.954198
2327	0.954198
2328	0.954198
2329	0.954198
2330	0.954198
2331	0.954198
2332	0.954198
2333	0.954198
2334	0.954198
2335	0.954198
2336	0.954198
2337	0.954198
2338	0.954198
2339	0.954198
2340	0.954198
2341	0.954198
2342	0.954198
2343	0.954198
2344	0.954198
2345	0.954198
2346	0.954198
2347	0.954198
2348	0.954198
2349	0.954198
2350	0.954198
2351	0.954198
2352	0.954198
2353	0.954198
2354	0.954198
2355	0.954198
2356	0.954198
2357	0.954198
2358	0.954198
2359	0.954198
2360	0.954198
2361	0.954198
2362	0.954198
2363	0.954198
2364	0.954198
2365	0.954198
2366	0.954198
2367	0.954198
2368	0.954198
2369	0.954644
2370	0.954644
2371	0.954644
2372	0.954644
2373	0.954644
2374	0.954644
2375	0.954644
2376	0.954644
2377	0.954644
2378	0.954644
2379	0.954644
2380	0.954644
2381	0.954644
2382	0.954644
2383	0.954644
2384	0.954644
2385	0.954644
2386	0.954644
2387	0.954644
2388	0.954644
2389	0.954644
2390	0.954644
2391	0.954644
2392	0.954644
2393	0.954644
2394	0.954644
2395	0.954644
2396	0.955091
2397	0.955091
2398	0.955091
2399	0.955091
2400	0.955091
2401	0.955091
2402	0.955091
2403	0.955091
2404	0.955091
2405	0.955091
2406	0.955091
2407	0.955091
2408	0.955091
2409	0.955091
2410	0.955091
2411	0.955091
2412	0.955091
2413	0.955091
2414	0.955091
2415	0.955091
2416	0.955091
2417	0.955091
2418	0.955091
2419	0.955091
2420	0.955091
2421	0.955091
2422	0.955091
2423	0.955091
2424	0.955091
2425	0.955091
2426	0.955091
2427	0.955091
2428	0.955091
2429	0.955091
2430	0.955091
2431	0.955091
2432	0.955091
2433	0.955091
2434	0.955091
2435	0.955091
2436	0.955091
2437	0.955091
2438	0.955091
2439	0.955091
2440	0.955091
2441	0.955091
2442	0.955091
2443	0.955091
2444	0.955091
2445	0.955091
2446	0.955091
2447	0.955091
2448	0.955091
2449	0.955091
2450	0.955091
2451	0.955091
2452	0.955091
2453	0.955091
2454	0.955091
2455	0.955091
2456	0.955091
2457	0.955091
2458	0.955091
2459	0.955091
2460	0.955091
2461	0.955091
2462	0.955091
2463	0.955091
2464	0.955091
2465	0.955091
2466	0.955091
2467	0.955091
2468	0.955091
2469	0.955091
2470	0.955091
2471	0.955314
2472	0.955314
2473	0.955314
2474	0.955314
2475	0.955314
2476	0.955314
2477	0.955314
2478	0.955314
2479	0.955314
2480	0.955314
2481	0.95576
2482	0.95576
2483	0.95576
2484	0.95576
2485	0.95576
2486	0.95576
2487	0.95576
2488	0.95576
2489	0.95576
2490	0.95576
2491	0.95576
2492	0.95576
2493	0.95576
2494	0.95576
2495	0.95576
2496	0.95576
2497	0.95576
2498	0.95576
2499	0.95576
2500	0.95576
2501	0.95576
2502	0.95576
2503	0.95576
2504	0.95576
2505	0.95576
2506	0.95576
2507	0.95576
2508	0.95576
2509	0.95576
2510	0.95576
2511	0.95576
2512	0.95576
2513	0.95576
2514	0.95576
2515	0.95576
2516	0.95576
2517	0.95576
2518	0.95576
2519	0.95576
2520	0.95576
2521	0.95576
2522	0.95576
2523	0.95576
2524	0.95576
2525	0.95576
2526	0.95576
2527	0.95576
2528	0.95576
2529	0.95576
2530	0.95576
2531	0.95576
2532	0.95576
2533	0.95576
2534	0.95576
2535	0.95576
2536	0.95576
2537	0.95576
2538	0.95576
2539	0.95576
2540	0.95576
2541	0.95576
2542	0.95576
2543	0.95576
2544	0.95576
2545	0.95576
2546	0.95576
2547	0.95576
2548	0.95576
2549	0.95576
2550	0.95576
2551	0.95576
2552	0.95576
2553	0.95576
2554	0.95576
2555	0.95576
2556	0.95576
2557	0.95576
2558	0.95576
2559	0.95576
2560	0.95576
2561	0.95576
2562	0.95576
2563	0.95576
2564	0.95576
2565	0.95576
2566	0.95576
2567	0.95576
2568	0.95576
2569	0.95576
2570	0.95576
2571	0.95576
2572	0.95576
2573	0.95576
2574	0.95576
2575	0.95576
2576	0.95576
2577	0.95576
2578	0.95576
2579	0.95576
2580	0.95576
2581	0.95576
2582	0.95576
2583	0.95576
2584	0.95576
2585	0.95576
2586	0.95576
2587	0.95576
2588	0.95576
2589	0.95576
2590	0.95576
2591	0.95576
2592	0.95576
2593	0.95576
2594	0.95576
2595	0.95576
2596	0.95576
2597	0.95576
2598	0.95576
2599	0.95576
2600	0.95576
2601	0.95576
2602	0.95576
2603	0.95576
2604	0.95576
2605	0.95576
2606	0.960893
2607	0.960893
2608	0.960893
2609	0.965635
2610	0.965635
2611	0.965635
2612	0.965635
2613	0.965635
2614	0.965635
2615	0.965635
2616	0.965635
2617	0.965635
2618	0.965635
2619	0.965635
2620	0.965635
2621	0.965635
2622	0.965635
2623	0.965635
2624	0.965635
2625	0.965635
2626	0.965635
2627	0.965635
2628	0.965635
2629	0.965635
2630	0.965635
2631	0.965635
2632	0.965635
2633	0.965635
2634	0.965635
2635	0.965635
2636	0.965635
2637	0.965635
2638	0.965635
2639	0.965635
2640	0.965635
2641	0.965635
2642	0.965635
2643	0.965635
2644	0.965635
2645	0.965635
2646	0.965635
2647	0.965635
2648	0.965635
2649	0.965635
2650	0.965635
2651	0.965635
2652	0.965635
2653	0.965635
2654	0.965635
2655	0.965635
2656	0.965635
2657	0.965635
2658	0.965635
2659	0.965635
2660	0.965635
2661	0.965635
2662	0.965635
2663	0.965635
2664	0.965635
2665	0.965635
2666	0.965635
2667	0.965635
2668	0.965635
2669	0.965635
2670	0.965635
2671	0.965635
2672	0.965635
2673	0.965635
2674	0.965635
2675	0.965635
2676	0.965635
2677	0.965635
2678	0.965635
2679	0.965635
2680	0.965635
2681	0.965635
2682	0.965635
2683	0.965635
2684	0.965635
2685	0.965635
2686	0.965635
2687	0.965635
2688	0.965635
2689	0.965635
2690	0.965635
2691	0.965635
2692	0.965635
2693	0.965635
2694	0.965635
2695	0.965635
2696	0.965635
2697	0.965635
2698	0.965635
2699	0.965635
2700	0.965635
2701	0.965635
2702	0.965635
2703	0.965635
2704	0.965635
2705	0.965635
2706	0.965635
2707	0.965635
2708	0.965635
2709	0.965635
2710	0.965635
2711	0.965635
2712	0.965635
2713	0.965635
2714	0.965635
2715	0.965635
2716	0.965635
2717	0.965635
2718	0.965635
2719	0.965635
2720	0.965635
2721	0.965635
2722	0.965635
2723	0.965635
2724	0.965635
2725	0.965635
2726	0.965635
2727	0.965635
2728	0.965635
2729	0.965635
2730	0.965635
2731	0.965635
2732	0.965635
2733	0.965635
2734	0.965635
2735	0.965635
2736	0.965635
2737	0.965635
2738	0.965635
2739	0.965635
2740	0.965635
2741	0.965635
2742	0.965635
2743	0.965635
2744	0.965635
2745	0.965635
2746	0.965635
2747	0.965635
2748	0.965635
2749	0.965635
2750	0.965635
2751	0.965635
2752	0.965635
2753	0.965635
2754	0.965635
2755	0.965635
2756	0.965635
2757	0.965635
2758	0.965635
2759	0.965635
2760	0.965635
2761	0.965635
2762	0.965635
2763	0.965635
2764	0.965635
2765	0.965635
2766	0.965635
2767	0.965635
2768	0.965635
2769	0.965635
2770	0.965635
2771	0.965635
2772	0.965635
2773	0.965635
2774	0.965635
2775	0.965635
2776	0.965635
2777	0.965635
2778	0.980363
2779	0.980363
2780	0.980363
2781	0.980363
2782	0.980363
2783	0.980363
2784	0.980363
2785	0.980363
2786	0.980363
2787	0.980363
2788	0.980363
2789	0.980809
2790	0.980809
2791	0.980809
2792	0.980809
2793	0.980809
2794	0.980809
2795	0.980809
2796	0.980809
2797	0.980809
2798	0.980809
2799	0.980809
2800	0.980809
2801	0.980809
2802	0.980809
2803	0.980809
2804	0.980809
2805	0.980809
2806	0.980809
2807	0.980809
2808	0.980809
2809	0.980809
2810	0.980809
2811	0.980809
2812	0.980809
2813	0.980809
2814	0.980809
2815	0.980809
2816	0.980809
2817	0.980809
2818	0.980809
2819	0.980809
2820	0.980809
2821	0.980809
2822	0.980809
2823	0.980809
2824	0.980809
2825	0.980809
2826	0.980809
2827	0.980809
2828	0.980809
2829	0.980809
2830	0.980809
2831	0.980809
2832	0.980809
2833	0.980809
2834	0.980809
2835	0.980809
2836	0.980809
2837	0.980809
2838	0.980809
2839	0.980809
2840	0.980809
2841	0.980809
2842	0.980809
2843	0.980809
2844	0.980809
2845	0.980809
2846	0.980809
2847	0.980809
2848	0.980809
2849	0.980809
2850	0.980809
2851	0.980809
2852	0.980809
2853	0.980809
2854	0.980809
2855	0.980809
2856	0.980809
2857	0.980809
2858	0.980809
2859	0.980809
2860	0.980809
2861	0.980809
2862	0.980809
2863	0.980809
2864	0.980809
2865	0.980809
2866	0.980809
2867	0.980809
2868	0.980809
2869	0.980809
2870	0.980809
2871	0.980809
2872	0.980809
2873	0.980809
2874	0.980809
2875	0.980809
2876	0.980809
2877	0.980809
2878	0.980809
2879	0.980809
2880	0.980809
2881	0.980809
2882	0.980809
2883	0.980809
2884	0.980809
2885	0.980809
2886	0.980809
2887	0.980809
2888	0.980809
2889	0.980809
2890	0.980809
2891	0.980809
2892	0.980809
2893	0.980809
2894	0.980809
2895	0.980809
2896	0.980809
2897	0.980809
2898	0.980809
2899	0.980809
2900	0.980809
2901	0.980809
2902	0.980809
2903	0.980809
2904	0.980809
2905	0.980809
2906	0.980809
2907	0.980809
2908	0.980809
2909	0.980809
2910	0.980809
2911	0.980809
2912	0.980809
2913	0.980809
2914	0.980809
2915	0.980809
2916	0.980809
2917	0.980809
2918	0.980809
2919	0.980809
2920	0.980809
2921	0.980809
2922	0.980809
2923	0.980809
2924	0.980809
2925	0.980809
2926	0.980809
2927	0.980809
2928	0.980809
2929	0.980809
2930	0.980809
2931	0.980809
2932	0.980809
2933	0.980809
2934	0.980809
2935	0.980809
2936	0.980809
2937	0.980809
2938	0.980809
2939	0.980809
2940	0.980809
2941	0.980809
2942	0.980809
2943	0.980809
2944	0.980809
2945	0.980809
2946	0.980809
2947	0.980809
2948	0.980809
2949	0.980809
2950	0.980809
2951	0.980809
2952	0.980809
2953	0.980809
2954	0.980809
2955	0.980809
2956	0.980809
2957	0.980809
2958	0.980809
2959	0.980809
2960	0.980809
2961	0.980809
2962	0.980809
2963	0.980809
2964	0.980809
2965	0.980809
2966	0.980809
2967	0.980809
2968	0.980809
2969	0.980809
2970	0.980809
2971	0.980809
2972	0.980809
2973	0.980809
2974	0.980809
2975	0.980809
2976	0.980809
2977	0.980809
2978	0.980809
2979	0.980809
2980	0.980809
2981	0.980809
2982	0.980809
2983	0.980809
2984	0.980809
2985	0.980809
2986	0.980809
2987	0.980809
2988	0.980809
2989	0.980809
2990	0.980809
2991	0.980809
2992	0.980809
2993	0.980809
2994	0.980809
2995	0.980809
2996	0.980809
2997	0.980809
2998	0.980809
2999	0.980809
3000	0.980809
3001	0.980809
3002	0.980809
3003	0.980809
3004	0.980809
3005	0.980809
3006	0.980809
3007	0.980809
3008	0.980809
3009	0.980809
3010	0.980809
3011	0.980809
3012	0.980809
3013	0.980809
3014	0.980809
3015	0.980809
3016	0.980809
3017	0.980809
3018	0.980809
3019	0.980809
3020	0.980809
3021	0.980809
3022	0.980809
3023	0.980809
3024	0.980809
3025	0.980809
3026	0.980809
3027	0.980809
3028	0.980809
3029	0.980809
3030	0.980809
3031	0.980809
3032	0.980809
3033	0.980809
3034	0.980809
3035	0.980809
3036	0.980809
3037	0.980809
3038	0.980809
3039	0.980809
3040	0.980809
3041	0.980809
3042	0.980809
3043	0.980809
3044	0.980809
3045	0.980809
3046	0.980809
3047	0.980809
3048	0.980809
3049	0.980809
3050	0.980809
3051	0.980809
3052	0.980809
3053	0.980809
3054	0.980809
3055	0.980809
3056	0.980809
3057	0.980809
3058	0.980809
3059	0.980809
3060	0.980809
3061	0.980809
3062	0.980809
3063	0.980809
3064	0.980809
3065	0.980809
3066	0.980809
3067	0.980809
3068	0.980809
3069	0.980809
3070	0.980809
3071	0.980809
3072	0.980809
3073	0.980809
3074	0.980809
3075	0.980809
3076	0.980809
3077	0.980809
3078	0.980809
3079	0.980809
3080	0.980809
3081	0.980809
3082	0.980809
3083	0.980809
3084	0.980809
3085	0.980809
3086	0.980809
3087	0.980809
3088	0.980809
3089	0.980809
3090	0.980809
3091	0.980809
3092	0.980809
3093	0.980809
3094	0.980809
3095	0.980809
3096	0.980809
3097	0.980809
3098	0.980809
3099	0.980809
3100	0.980809
3101	0.980809
3102	0.980809
3103	0.980809
3104	0.980809
3105	0.980809
3106	0.980809
3107	0.980809
3108	0.980809
3109	0.980809
3110	0.980809
3111	0.980809
3112	0.980809
3113	0.980809
3114	0.980809
3115	0.980809
3116	0.980809
3117	0.980809
3118	0.980809
3119	0.980809
3120	0.980809
3121	0.980809
3122	0.980809
3123	0.980809
3124	0.980809
3125	0.980809
3126	0.980809
3127	0.980809
3128	0.980809
3129	0.980809
3130	0.980809
3131	0.980809
3132	0.980809
3133	0.980809
3134	0.980809
3135	0.980809
3136	0.980809
3137	0.980809
3138	0.980809
3139	0.980809
3140	0.980809
3141	0.980809
3142	0.980809
3143	0.980809
3144	0.980809
3145	0.980809
3146	0.980809
3147	0.980809
3148	0.980809
3149	0.980809
3150	0.980809
3151	0.980809
3152	0.980809
3153	0.980809
3154	0.980809
3155	0.980809
3156	0.980809
3157	0.980809
3158	0.980809
3159	0.980809
3160	0.980809
3161	0.980809
3162	0.980809
3163	0.980809
3164	0.980809
3165	0.980809
3166	0.980809
3167	0.980809
3168	0.980809
3169	0.980809
3170	0.980809
3171	0.980809
3172	0.980809
3173	0.980809
3174	0.980809
3175	0.980809
3176	0.980809
3177	0.980809
3178	0.980809
3179	0.980809
3180	0.980809
3181	0.980809
3182	0.980809
3183	0.980809
3184	0.980809
3185	0.980809
3186	0.980809
3187	0.980809
3188	0.980809
3189	0.980809
3190	0.980809
3191	0.980809
3192	0.980809
3193	0.980809
3194	0.980809
3195	0.980809
3196	0.980809
3197	0.980809
3198	0.980809
3199	0.980809
3200	0.980809
3201	0.980809
3202	0.980809
3203	0.980809
3204	0.980809
3205	0.980809
3206	0.980809
3207	0.980809
3208	0.980809
3209	0.980809
3210	0.980809
3211	0.980809
3212	0.980809
3213	0.980809
3214	0.980809
3215	0.980809
3216	0.980809
3217	0.980809
3218	0.980809
3219	0.980809
3220	0.980809
3221	0.980809
3222	0.980809
3223	0.980809
3224	0.980809
3225	0.980809
3226	0.980809
3227	0.980809
3228	0.980809
3229	0.980809
3230	0.980809
3231	0.980809
3232	0.980809
3233	0.980809
3234	0.980809
3235	0.980809
3236	0.980809
3237	0.980809
3238	0.980809
3239	0.980809
3240	0.980809
3241	0.980809
3242	0.980809
3243	0.980809
3244	0.980809
3245	0.980809
3246	0.980809
3247	0.980809
3248	0.980809
3249	0.980809
3250	0.980809
3251	0.980809
3252	0.980809
3253	0.980809
3254	0.980809
3255	0.980809
3256	0.980809
3257	0.980809
3258	0.980809
3259	0.980809
3260	0.980809
3261	0.980809
3262	0.980809
3263	0.980809
3264	0.980809
3265	0.980809
3266	0.980809
3267	0.980809
3268	0.980809
3269	0.980809
3270	0.980809
3271	0.980809
3272	0.980809
3273	0.980809
3274	0.980809
3275	0.980809
3276	0.980809
3277	0.980809
3278	0.980809
3279	0.980809
3280	0.980809
3281	0.980809
3282	0.980809
3283	0.980809
3284	0.980809
3285	0.980809
3286	0.980809
3287	0.980809
3288	0.980809
3289	0.980809
3290	0.980809
3291	0.980809
3292	0.980809
3293	0.980809
3294	0.980809
3295	0.980809
3296	0.980809
3297	0.980809
3298	0.980809
3299	0.980809
3300	0.980809
3301	0.980809
3302	0.980809
3303	0.980809
3304	0.980809
3305	0.980809
3306	0.980809
3307	0.980809
3308	0.980809
3309	0.980809
3310	0.980809
3311	0.980809
3312	0.980809
3313	0.980809
3314	0.980809
3315	0.980809
3316	0.980809
3317	0.980809
3318	0.980809
3319	0.980809
3320	0.980809
3321	0.980809
3322	0.980809
3323	0.980809
3324	0.980809
3325	0.980809
3326	0.980809
3327	0.980809
3328	0.980809
3329	0.980809
3330	0.980809
3331	0.980809
3332	0.980809
3333	0.980809
3334	0.980809
3335	0.980809
3336	0.980809
3337	0.980809
3338	0.980809
3339	0.980809
3340	0.980809
3341	0.980809
3342	0.980809
3343	0.980809
3344	0.980809
3345	0.980809
3346	0.980809
3347	0.980809
3348	0.980809
3349	0.980809
3350	0.980809
3351	0.980809
3352	0.980809
3353	0.980809
3354	0.980809
3355	0.980809
3356	0.980809
3357	0.980809
3358	0.980809
3359	0.980809
3360	0.980809
3361	0.980809
3362	0.980809
3363	0.980809
3364	0.980809
3365	0.980809
3366	0.980809
3367	0.980809
3368	0.980809
3369	0.980809
3370	0.980809
3371	0.980809
3372	0.980809
3373	0.980809
3374	0.980809
3375	0.980809
3376	0.980809
3377	0.980809
3378	0.980809
3379	0.980809
3380	0.980809
3381	0.980809
3382	0.980809
3383	0.980809
3384	0.980809
3385	0.980809
3386	0.980809
3387	0.980809
3388	0.980809
3389	0.980809
3390	0.980809
3391	0.980809
3392	0.980809
3393	0.980809
3394	0.980809
3395	0.980809
3396	0.980809
3397	0.980809
3398	0.980809
3399	0.980809
3400	0.980809
3401	0.980809
3402	0.980809
3403	0.980809
3404	0.980809
3405	0.980809
3406	0.980809
3407	0.980809
3408	0.980809
3409	0.980809
3410	0.980809
3411	0.980809
3412	0.980809
3413	0.980809
3414	0.980809
3415	0.980809
3416	0.980809
3417	0.980809
3418	0.980809
3419	0.980809
3420	0.980809
3421	0.980809
3422	0.980809
3423	0.980809
3424	0.980809
3425	0.980809
3426	0.980809
3427	0.980809
3428	0.980809
3429	0.980809
3430	0.980809
3431	0.980809
3432	0.980809
3433	0.980809
3434	0.980809
3435	0.980809
3436	0.980809
3437	0.980809
3438	0.980809
3439	0.980809
3440	0.980809
3441	0.980809
3442	0.980809
3443	0.980809
3444	0.980809
3445	0.980809
3446	0.980809
3447	0.980809
3448	0.980809
3449	0.980809
3450	0.980809
3451	0.980809
3452	0.980809
3453	0.980809
3454	0.980809
3455	0.980809
3456	0.980809
3457	0.980809
3458	0.980809
3459	0.980809
3460	0.980809
3461	0.980809
3462	0.980809
3463	0.980809
3464	0.980809
3465	0.980809
3466	0.980809
3467	0.980809
3468	0.980809
3469	0.980809
3470	0.980809
3471	0.980809
3472	0.980809
3473	0.980809
3474	0.980809
3475	0.980809
3476	0.980809
3477	0.980809
3478	0.980809
3479	0.980809
3480	0.980809
3481	0.980809
3482	0.980809
3483	0.980809
3484	0.980809
3485	0.980809
3486	0.980809
3487	0.980809
3488	0.980809
3489	0.980809
3490	0.980809
3491	0.980809
3492	0.980809
3493	0.980809
3494	0.980809
3495	0.980809
3496	0.980809
3497	0.980809
3498	0.980809
3499	0.980809
3500	0.980809
3501	0.980809
3502	0.980809
3503	0.980809
3504	0.980809
3505	0.980809
3506	0.980809
3507	0.980809
3508	0.980809
3509	0.980809
3510	0.980809
3511	0.980809
3512	0.980809
3513	0.980809
3514	0.980809
3515	0.980809
3516	0.980809
3517	0.980809
3518	0.980809
3519	0.980809
3520	0.980809
3521	0.980809
3522	0.980809
3523	0.980809
3524	0.980809
3525	0.980809
3526	0.980809
3527	0.980809
3528	0.980809
3529	0.980809
3530	0.980809
3531	0.980809
3532	0.980809
3533	0.980809
3534	0.980809
3535	0.980809
3536	0.980809
3537	0.980809
3538	0.980809
3539	0.980809
3540	0.980809
3541	0.980809
3542	0.980809
3543	0.980809
3544	0.980809
3545	0.980809
3546	0.980809
3547	0.980809
3548	0.980809
3549	0.980809
3550	0.980809
3551	0.980809
3552	0.980809
3553	0.980809
3554	0.980809
3555	0.980809
3556	0.980809
3557	0.980809
3558	0.980809
3559	0.980809
3560	0.980809
3561	0.980809
3562	0.980809
3563	0.980809
3564	0.980809
3565	0.980809
3566	0.980809
3567	0.980809
3568	0.980809
3569	0.980809
3570	0.980809
3571	0.980809
3572	0.980809
3573	0.980809
3574	0.980809
3575	0.980809
3576	0.980809
3577	0.980809
3578	0.980809
3579	0.980809
3580	0.980809
3581	0.980809
3582	0.980809
3583	0.980809
3584	0.980809
3585	0.980809
3586	0.980809
3587	0.980809
3588	0.980809
3589	0.980809
3590	0.980809
3591	0.980809
3592	0.980809
3593	0.980809
3594	0.980809
3595	0.980809
3596	0.980809
3597	0.980809
3598	0.980809
3599	0.980809
3600	0.980809
3601	0.980809
3602	0.980809
3603	0.980809
3604	0.980809
3605	0.980809
3606	0.980809
3607	0.980809
3608	0.980809
3609	0.980809
3610	0.980809
3611	0.980809
3612	0.980809
3613	0.980809
3614	0.980809
3615	0.980809
3616	0.980809
3617	0.980809
3618	0.980809
3619	0.980809
3620	0.980809
3621	0.980809
3622	0.980809
3623	0.980809
3624	0.980809
3625	0.980809
3626	0.980809
3627	0.980809
3628	0.980809
3629	0.980809
3630	0.980809
3631	0.980809
3632	0.980809
3633	0.980809
3634	0.980809
3635	0.980809
3636	0.980809
3637	0.980809
3638	0.980809
3639	0.980809
3640	0.980809
3641	0.980809
3642	0.980809
3643	0.980809
3644	0.980809
3645	0.980809
3646	0.980809
3647	0.980809
3648	0.980809
3649	0.980809
3650	0.980809
3651	0.980809
3652	0.980809
3653	0.980809
3654	0.980809
3655	0.980809
3656	0.980809
3657	0.980809
3658	0.980809
3659	0.980809
3660	0.980809
3661	0.980809
3662	0.980809
3663	0.980809
3664	0.980809
3665	0.980809
3666	0.980809
3667	0.980809
3668	0.980809
3669	0.980809
3670	0.980809
3671	0.980809
3672	0.980809
3673	0.980809
3674	0.980809
3675	0.980809
3676	0.980809
3677	0.980809
3678	0.980809
3679	0.980809
3680	0.980809
3681	0.980809
3682	0.980809
3683	0.980809
3684	0.980809
3685	0.980809
3686	0.980809
3687	0.980809
3688	0.980809
3689	0.980809
3690	0.980809
3691	0.980809
3692	0.980809
3693	0.980809
3694	0.980809
3695	0.980809
3696	0.980809
3697	0.980809
3698	0.980809
3699	0.980809
3700	0.980809
3701	0.980809
3702	0.980809
3703	0.980809
3704	0.980809
3705	0.980809
3706	0.980809
3707	0.980809
3708	0.980809
3709	0.980809
3710	0.980809
3711	0.980809
3712	0.980809
3713	0.980809
3714	0.980809
3715	0.980809
3716	0.980809
3717	0.980809
3718	0.980809
3719	0.980809
3720	0.980809
3721	0.980809
3722	0.980809
3723	0.980809
3724	0.980809
3725	0.980809
3726	0.980809
3727	0.980809
3728	0.980809
3729	0.980809
3730	0.980809
3731	0.980809
3732	0.980809
3733	0.980809
3734	0.980809
3735	0.980809
3736	0.980809
3737	0.980809
3738	0.980809
3739	0.980809
3740	0.980809
3741	0.980809
3742	0.980809
3743	0.980809
3744	0.980809
3745	0.980809
3746	0.980809
3747	0.980809
3748	0.980809
3749	0.980809
3750	0.980809
3751	0.980809
3752	0.980809
3753	0.980809
3754	0.980809
3755	0.980809
3756	0.980809
3757	0.980809
3758	0.980809
3759	0.980809
3760	0.980809
3761	0.980809
3762	0.980809
3763	0.980809
3764	0.980809
3765	0.980809
3766	0.980809
3767	0.980809
3768	0.980809
3769	0.980809
3770	0.980809
3771	0.980809
3772	0.980809
3773	0.980809
3774	0.980809
3775	0.980809
3776	0.980809
3777	0.980809
3778	0.980809
3779	0.980809
3780	0.980809
3781	0.980809
3782	0.980809
3783	0.980809
3784	0.980809
3785	0.980809
3786	0.980809
3787	0.980809
3788	0.980809
3789	0.980809
3790	0.980809
3791	0.980809
3792	0.980809
3793	0.980809
3794	0.980809
3795	0.980809
3796	0.980809
3797	0.980809
3798	0.980809
3799	0.980809
3800	0.980809
3801	0.980809
3802	0.980809
3803	0.980809
3804	0.980809
3805	0.980809
3806	0.980809
3807	0.980809
3808	0.980809
3809	0.980809
3810	0.980809
3811	0.980809
3812	0.980809
3813	0.980809
3814	0.980809
3815	0.980809
3816	0.980809
3817	0.980809
3818	0.980809
3819	0.980809
3820	0.980809
3821	0.980809
3822	0.980809
3823	0.980809
3824	0.980809
3825	0.980809
3826	0.980809
3827	0.980809
3828	0.980809
3829	0.980809
3830	0.980809
3831	0.980809
3832	0.980809
3833	0.980809
3834	0.980809
3835	0.980809
3836	0.980809
3837	0.980809
3838	0.980809
3839	0.980809
3840	0.980809
3841	0.980809
3842	0.980809
3843	0.980809
3844	0.980809
3845	0.980809
3846	0.980809
3847	0.980809
3848	0.980809
3849	0.980809
3850	0.980809
3851	0.980809
3852	0.980809
3853	0.980809
3854	0.980809
3855	0.980809
3856	0.980809
3857	0.980809
3858	0.980809
3859	0.980809
3860	0.980809
3861	0.980809
3862	0.980809
3863	0.980809
3864	0.980809
3865	0.980809
3866	0.980809
3867	0.980809
3868	0.980809
3869	0.980809
3870	0.980809
3871	0.980809
3872	0.980809
3873	0.980809
3874	0.980809
3875	0.980809
3876	0.980809
3877	0.980809
3878	0.980809
3879	0.980809
3880	0.980809
3881	0.980809
3882	0.980809
3883	0.980809
3884	0.980809
3885	0.980809
3886	0.980809
3887	0.980809
3888	0.980809
3889	0.980809
3890	0.980809
3891	0.980809
3892	0.980809
3893	0.980809
3894	0.980809
3895	0.980809
3896	0.980809
3897	0.980809
3898	0.980809
3899	0.980809
3900	0.980809
3901	0.980809
3902	0.980809
3903	0.980809
3904	0.980809
3905	0.980809
3906	0.980809
3907	0.980809
3908	0.980809
3909	0.980809
3910	0.980809
3911	0.980809
3912	0.980809
3913	0.980809
3914	0.980809
3915	0.980809
3916	0.980809
3917	0.980809
3918	0.980809
3919	0.980809
3920	0.980809
3921	0.980809
3922	0.980809
3923	0.980809
3924	0.980809
3925	0.980809
3926	0.980809
3927	0.980809
3928	0.980809
3929	0.980809
3930	0.980809
3931	0.980809
3932	0.980809
3933	0.980809
3934	0.980809
3935	0.980809
3936	0.980809
3937	0.980809
3938	0.980809
3939	0.980809
3940	0.980809
3941	0.980809
3942	0.980809
3943	0.980809
3944	0.980809
3945	0.980809
3946	0.980809
3947	0.980809
3948	0.980809
3949	0.980809
3950	0.980809
3951	0.980809
3952	0.980809
3953	0.980809
3954	0.980809
3955	0.980809
3956	0.980809
3957	0.980809
3958	0.980809
3959	0.980809
3960	0.980809
3961	0.980809
3962	0.980809
3963	0.980809
3964	0.980809
3965	0.980809
3966	0.980809
3967	0.980809
3968	0.980809
3969	0.980809
3970	0.980809
3971	0.980809
3972	0.980809
3973	0.980809
3974	0.980809
3975	0.980809
3976	0.980809
3977	0.980809
3978	0.980809
3979	0.980809
3980	0.980809
3981	0.980809
3982	0.980809
3983	0.980809
3984	0.980809
3985	0.980809
3986	0.980809
3987	0.980809
3988	0.980809
3989	0.980809
3990	0.980809
3991	0.980809
3992	0.980809
3993	0.980809
3994	0.980809
3995	0.980809
3996	0.980809
3997	0.980809
3998	0.980809
3999	0.980809
4000	0.980809
4001	0.980809
4002	0.980809
4003	0.980809
4004	0.980809
4005	0.980809
4006	0.980809
4007	0.980809
4008	0.980809
4009	0.980809
4010	0.980809
4011	0.980809
4012	0.980809
4013	0.980809
4014	0.980809
4015	0.980809
4016	0.980809
4017	0.980809
4018	0.980809
4019	0.980809
4020	0.980809
4021	0.980809
4022	0.980809
4023	0.980809
4024	0.980809
4025	0.980809
4026	0.980809
4027	0.980809
4028	0.980809
4029	0.980809
4030	0.980809
4031	0.980809
4032	0.980809
4033	0.980809
4034	0.980809
4035	0.980809
4036	0.980809
4037	0.980809
4038	0.980809
4039	0.980809
4040	0.980809
4041	0.980809
4042	0.980809
4043	0.980809
4044	0.980809
4045	0.980809
4046	0.980809
4047	0.980809
4048	0.980809
4049	0.980809
4050	0.980809
4051	0.980809
4052	0.980809
4053	0.980809
4054	0.980809
4055	0.980809
4056	0.980809
4057	0.980809
4058	0.980809
4059	0.980809
4060	0.980809
4061	0.980809
4062	0.980809
4063	0.980809
4064	0.980809
4065	0.980809
4066	0.980809
4067	0.980809
4068	0.980809
4069	0.980809
4070	0.980809
4071	0.980809
4072	0.980809
4073	0.980809
4074	0.980809
4075	0.980809
4076	0.980809
4077	0.980809
4078	0.980809
4079	0.980809
4080	0.980809
4081	0.980809
4082	0.980809
4083	0.980809
4084	0.980809
4085	0.980809
4086	0.980809
4087	0.980809
4088	0.980809
4089	0.980809
4090	0.980809
4091	0.980809
4092	0.980809
4093	0.980809
4094	0.980809
4095	0.980809
4096	0.980809
4097	0.980809
4098	0.980809
4099	0.980809
4100	0.980809
4101	0.980809
4102	0.980809
4103	0.980809
4104	0.980809
4105	0.980809
4106	0.980809
4107	0.980809
4108	0.980809
4109	0.980809
4110	0.980809
4111	0.980809
4112	0.980809
4113	0.980809
4114	0.980809
4115	0.980809
4116	0.980809
4117	0.980809
4118	0.980809
4119	0.980809
4120	0.980809
4121	0.980809
4122	0.980809
4123	0.980809
4124	0.980809
4125	0.980809
4126	0.980809
4127	0.980809
4128	0.980809
4129	0.980809
4130	0.980809
4131	0.980809
4132	0.980809
4133	0.980809
4134	0.980809
4135	0.980809
4136	0.980809
4137	0.980809
4138	0.980809
4139	0.980809
4140	0.980809
4141	0.980809
4142	0.980809
4143	0.980809
4144	0.980809
4145	0.980809
4146	0.980809
4147	0.980809
4148	0.980809
4149	0.980809
4150	0.980809
4151	0.980809
4152	0.980809
4153	0.980809
4154	0.980809
4155	0.980809
4156	0.980809
4157	0.980809
4158	0.980809
4159	0.980809
4160	0.980809
4161	0.980809
4162	0.980809
4163	0.980809
4164	0.980809
4165	0.980809
4166	0.980809
4167	0.980809
4168	0.980809
4169	0.980809
4170	0.980809
4171	0.980809
4172	0.980809
4173	0.980809
4174	0.980809
4175	0.980809
4176	0.980809
4177	0.980809
4178	0.980809
4179	0.980809
4180	0.980809
4181	0.980809
4182	0.980809
4183	0.980809
4184	0.980809
4185	0.980809
4186	0.980809
4187	0.980809
4188	0.980809
4189	0.980809
4190	0.980809
4191	0.980809
4192	0.980809
4193	0.980809
4194	0.980809
4195	0.980809
4196	0.980809
4197	0.980809
4198	0.980809
4199	0.980809
4200	0.980809
4201	0.980809
4202	0.980809
4203	0.980809
4204	0.980809
4205	0.980809
4206	0.980809
4207	0.980809
4208	0.980809
4209	0.980809
4210	0.980809
4211	0.980809
4212	0.980809
4213	0.980809
4214	0.980809
4215	0.980809
4216	0.980809
4217	0.980809
4218	0.980809
4219	0.980809
4220	0.980809
4221	0.980809
4222	0.980809
4223	0.980809
4224	0.980809
4225	0.980809
4226	0.980809
4227	0.980809
4228	0.980809
4229	0.980809
4230	0.980809
4231	0.980809
4232	0.980809
4233	0.980809
4234	0.980809
4235	0.980809
4236	0.980809
4237	0.980809
4238	0.980809
4239	0.980809
4240	0.980809
4241	0.980809
4242	0.980809
4243	0.980809
4244	0.980809
4245	0.980809
4246	0.980809
4247	0.980809
4248	0.980809
4249	0.980809
4250	0.980809
4251	0.980809
4252	0.980809
4253	0.980809
4254	0.980809
4255	0.980809
4256	0.980809
4257	0.980809
4258	0.980809
4259	0.980809
4260	0.980809
4261	0.980809
4262	0.980809
4263	0.980809
4264	0.980809
4265	0.980809
4266	0.980809
4267	0.980809
4268	0.980809
4269	0.980809
4270	0.980809
4271	0.980809
4272	0.980809
4273	0.980809
4274	0.980809
4275	0.980809
4276	0.980809
4277	0.980809
4278	0.980809
4279	0.980809
4280	0.980809
4281	0.980809
4282	0.980809
4283	0.980809
4284	0.980809
4285	0.980809
4286	0.980809
4287	0.980809
4288	0.980809
4289	0.980809
4290	0.980809
4291	0.980809
4292	0.980809
4293	0.980809
4294	0.980809
4295	0.980809
4296	0.980809
4297	0.980809
4298	0.980809
4299	0.980809
4300	0.980809
4301	0.980809
4302	0.980809
4303	0.980809
4304	0.980809
4305	0.980809
4306	0.980809
4307	0.980809
4308	0.980809
4309	0.980809
4310	0.980809
4311	0.980809
4312	0.980809
4313	0.980809
4314	0.980809
4315	0.980809
4316	0.980809
4317	0.980809
4318	0.980809
4319	0.980809
4320	0.980809
4321	0.980809
4322	0.980809
4323	0.980809
4324	0.980809
4325	0.980809
4326	0.980809
4327	0.980809
4328	0.980809
4329	0.980809
4330	0.980809
4331	0.980809
4332	0.980809
4333	0.980809
4334	0.980809
4335	0.980809
4336	0.980809
4337	0.980809
4338	0.980809
4339	0.980809
4340	0.980809
4341	0.980809
4342	0.980809
4343	0.980809
4344	0.980809
4345	0.980809
4346	0.980809
4347	0.980809
4348	0.980809
4349	0.980809
4350	0.980809
4351	0.980809
4352	0.980809
4353	0.980809
4354	0.980809
4355	0.980809
4356	0.980809
4357	0.980809
4358	0.980809
4359	0.980809
4360	0.980809
4361	0.980809
4362	0.980809
4363	0.980809
4364	0.980809
4365	0.980809
4366	0.980809
4367	0.980809
4368	0.980809
4369	0.980809
4370	0.980809
4371	0.980809
4372	0.980809
4373	0.980809
4374	0.980809
4375	0.980809
4376	0.980809
4377	0.980809
4378	0.980809
4379	0.980809
4380	0.980809
4381	0.980809
4382	0.980809
4383	0.980809
4384	0.980809
4385	0.980809
4386	0.980809
4387	0.980809
4388	0.980809
4389	0.980809
4390	0.980809
4391	0.980809
4392	0.980809
4393	0.980809
4394	0.980809
4395	0.980809
4396	0.980809
4397	0.980809
4398	0.980809
4399	0.980809
4400	0.980809
4401	0.980809
4402	0.980809
4403	0.980809
4404	0.980809
4405	0.980809
4406	0.980809
4407	0.980809
4408	0.980809
4409	0.980809
4410	0.980809
4411	0.980809
4412	0.980809
4413	0.980809
4414	0.980809
4415	0.980809
4416	0.980809
4417	0.980809
4418	0.980809
4419	0.980809
4420	0.980809
4421	0.980809
4422	0.980809
4423	0.980809
4424	0.980809
4425	0.980809
4426	0.980809
4427	0.980809
4428	0.980809
4429	0.980809
4430	0.980809
4431	0.980809
4432	0.980809
4433	0.980809
4434	0.980809
4435	0.980809
4436	0.980809
4437	0.980809
4438	0.980809
4439	0.980809
4440	0.980809
4441	0.980809
4442	0.980809
4443	0.980809
4444	0.980809
4445	0.980809
4446	0.980809
4447	0.980809
4448	0.980809
4449	0.980809
4450	0.980809
4451	0.980809
4452	0.980809
4453	0.980809
4454	0.980809
4455	0.980809
4456	0.980809
4457	0.980809
4458	0.980809
4459	0.980809
4460	0.980809
4461	0.980809
4462	0.980809
4463	0.980809
4464	0.980809
4465	0.980809
4466	0.980809
4467	0.980809
4468	0.980809
4469	0.980809
4470	0.980809
4471	0.980809
4472	0.980809
4473	0.980809
4474	0.980809
4475	0.980809
4476	0.980809
4477	0.980809
4478	0.980809
4479	0.980809
4480	0.980809
4481	0.980809
4482	0.980809
4483	0.980809
4484	0.980809
4485	0.980809
4486	0.980809
4487	0.980809
4488	0.980809
4489	0.980809
4490	0.980809
4491	0.980809
4492	0.980809
4493	0.980809
4494	0.980809
4495	0.980809
4496	0.980809
4497	0.980809
4498	0.980809
4499	0.980809
4500	0.980809
4501	0.980809
4502	0.980809
4503	0.980809
4504	0.980809
4505	0.980809
4506	0.980809
4507	0.980809
4508	0.980809
4509	0.980809
4510	0.980809
4511	0.980809
4512	0.980809
4513	0.980809
4514	0.980809
4515	0.980809
4516	0.980809
4517	0.980809
4518	0.980809
4519	0.980809
4520	0.980809
4521	0.980809
4522	0.980809
4523	0.980809
4524	0.980809
4525	0.980809
4526	0.980809
4527	0.980809
4528	0.980809
4529	0.980809
4530	0.980809
4531	0.980809
4532	0.980809
4533	0.980809
4534	0.980809
4535	0.980809
4536	0.980809
4537	0.980809
4538	0.980809
4539	0.980809
4540	0.980809
4541	0.980809
4542	0.980809
4543	0.980809
4544	0.980809
4545	0.980809
4546	0.980809
4547	0.980809
4548	0.980809
4549	0.980809
4550	0.980809
4551	0.980809
4552	0.980809
4553	0.980809
4554	0.980809
4555	0.980809
4556	0.980809
4557	0.980809
4558	0.980809
4559	0.980809
4560	0.980809
4561	0.980809
4562	0.980809
4563	0.980809
4564	0.980809
4565	0.980809
4566	0.980809
4567	0.980809
4568	0.980809
4569	0.980809
4570	0.980809
4571	0.980809
4572	0.980809
4573	0.980809
4574	0.980809
4575	0.980809
4576	0.980809
4577	0.980809
4578	0.980809
4579	0.980809
4580	0.980809
4581	0.980809
4582	0.980809
4583	0.980809
4584	0.980809
4585	0.980809
4586	0.980809
4587	0.980809
4588	0.980809
4589	0.980809
4590	0.980809
4591	0.980809
4592	0.980809
4593	0.980809
4594	0.980809
4595	0.980809
4596	0.980809
4597	0.980809
4598	0.980809
4599	0.980809
4600	0.980809
4601	0.980809
4602	0.980809
4603	0.980809
4604	0.980809
4605	0.980809
4606	0.980809
4607	0.980809
4608	0.980809
4609	0.980809
4610	0.980809
4611	0.980809
4612	0.980809
4613	0.980809
4614	0.980809
4615	0.980809
4616	0.980809
4617	0.980809
4618	0.980809
4619	0.980809
4620	0.980809
4621	0.980809
4622	0.980809
4623	0.980809
4624	0.980809
4625	0.980809
4626	0.980809
4627	0.980809
4628	0.980809
4629	0.980809
4630	0.980809
4631	0.980809
4632	0.980809
4633	0.980809
4634	0.980809
4635	0.980809
4636	0.980809
4637	0.980809
4638	0.980809
4639	0.980809
4640	0.980809
4641	0.980809
4642	0.980809
4643	0.980809
4644	0.980809
4645	0.980809
4646	0.980809
4647	0.980809
4648	0.980809
4649	0.980809
4650	0.980809
4651	0.980809
4652	0.980809
4653	0.980809
4654	0.980809
4655	0.980809
4656	0.980809
4657	0.980809
4658	0.980809
4659	0.980809
4660	0.980809
4661	0.980809
4662	0.980809
4663	0.980809
4664	0.980809
4665	0.980809
4666	0.980809
4667	0.980809
4668	0.980809
4669	0.980809
4670	0.980809
4671	0.980809
4672	0.980809
4673	0.980809
4674	0.980809
4675	0.980809
4676	0.980809
4677	0.980809
4678	0.980809
4679	0.980809
4680	0.980809
4681	0.980809
4682	0.980809
4683	0.980809
4684	0.980809
4685	0.980809
4686	0.980809
4687	0.980809
4688	0.980809
4689	0.980809
4690	0.980809
4691	0.980809
4692	0.980809
4693	0.980809
4694	0.980809
4695	0.980809
4696	0.980809
4697	0.980809
4698	0.980809
4699	0.980809
4700	0.980809
4701	0.980809
4702	0.980809
4703	0.980809
4704	0.980809
4705	0.980809
4706	0.980809
4707	0.980809
4708	0.980809
4709	0.980809
4710	0.980809
4711	0.980809
4712	0.980809
4713	0.980809
4714	0.980809
4715	0.980809
4716	0.980809
4717	0.980809
4718	0.980809
4719	0.980809
4720	0.980809
4721	0.980809
4722	0.980809
4723	0.980809
4724	0.980809
4725	0.980809
4726	0.980809
4727	0.980809
4728	0.980809
4729	0.980809
4730	0.980809
4731	0.980809
4732	0.980809
4733	0.980809
4734	0.980809
4735	0.980809
4736	0.980809
4737	0.980809
4738	0.980809
4739	0.980809
4740	0.980809
4741	0.980809
4742	0.980809
4743	0.980809
4744	0.980809
4745	0.980809
4746	0.980809
4747	0.980809
4748	0.980809
4749	0.980809
4750	0.980809
4751	0.980809
4752	0.980809
4753	0.980809
4754	0.980809
4755	0.980809
4756	0.980809
4757	0.980809
4758	0.980809
4759	0.980809
4760	0.980809
4761	0.980809
4762	0.980809
4763	0.980809
4764	0.980809
4765	0.980809
4766	0.980809
4767	0.980809
4768	0.980809
4769	0.980809
4770	0.980809
4771	0.980809
4772	0.980809
4773	0.980809
4774	0.980809
4775	0.980809
4776	0.980809
4777	0.980809
4778	0.980809
4779	0.980809
4780	0.980809
4781	0.980809
4782	0.980809
4783	0.980809
4784	0.980809
4785	0.980809
4786	0.980809
4787	0.980809
4788	0.980809
4789	0.980809
4790	0.980809
4791	0.980809
4792	0.980809
4793	0.980809
4794	0.980809
4795	0.980809
4796	0.980809
4797	0.980809
4798	0.980809
4799	0.980809
4800	0.980809
4801	0.980809
4802	0.980809
4803	0.980809
4804	0.980809
4805	0.980809
4806	0.980809
4807	0.980809
4808	0.980809
4809	0.980809
4810	0.980809
4811	0.980809
4812	0.980809
4813	0.980809
4814	0.980809
4815	0.980809
4816	0.980809
4817	0.980809
4818	0.980809
4819	0.980809
4820	0.980809
4821	0.980809
4822	0.980809
4823	0.980809
4824	0.980809
4825	0.980809
4826	0.980809
4827	0.980809
4828	0.980809
4829	0.980809
4830	0.980809
4831	0.980809
4832	0.980809
4833	0.980809
4834	0.980809
4835	0.980809
4836	0.980809
4837	0.980809
4838	0.980809
4839	0.980809
4840	0.980809
4841	0.980809
4842	0.980809
4843	0.980809
4844	0.980809
4845	0.980809
4846	0.980809
4847	0.980809
4848	0.980809
4849	0.980809
4850	0.980809
4851	0.980809
4852	0.980809
4853	0.980809
4854	0.980809
4855	0.980809
4856	0.980809
4857	0.980809
4858	0.980809
4859	0.980809
4860	0.980809
4861	0.980809
4862	0.980809
4863	0.980809
4864	0.980809
4865	0.980809
4866	0.980809
4867	0.980809
4868	0.980809
4869	0.980809
4870	0.980809
4871	0.980809
4872	0.980809
4873	0.980809
4874	0.980809
4875	0.980809
4876	0.980809
4877	0.980809
4878	0.980809
4879	0.980809
4880	0.980809
4881	0.980809
4882	0.980809
4883	0.980809
4884	0.980809
4885	0.980809
4886	0.980809
4887	0.980809
4888	0.980809
4889	0.980809
4890	0.980809
4891	0.980809
4892	0.980809
4893	0.980809
4894	0.980809
4895	0.980809
4896	0.980809
4897	0.980809
4898	0.980809
4899	0.980809
4900	0.980809
4901	0.980809
4902	0.980809
4903	0.980809
4904	0.980809
4905	0.980809
4906	0.980809
4907	0.980809
4908	0.980809
4909	0.980809
4910	0.980809
4911	0.980809
4912	0.980809
4913	0.980809
4914	0.980809
4915	0.980809
4916	0.980809
4917	0.980809
4918	0.980809
4919	0.980809
4920	0.980809
4921	0.980809
4922	0.980809
4923	0.980809
4924	0.980809
4925	0.980809
4926	0.980809
4927	0.980809
4928	0.980809
4929	0.980809
4930	0.980809
4931	0.980809
4932	0.980809
4933	0.980809
4934	0.980809
4935	0.980809
4936	0.980809
4937	0.980809
4938	0.980809
4939	0.980809
4940	0.980809
4941	0.980809
4942	0.980809
4943	0.980809
4944	0.980809
4945	0.980809
4946	0.980809
4947	0.980809
4948	0.980809
4949	0.980809
4950	0.980809
4951	0.980809
4952	0.980809
4953	0.980809
4954	0.980809
4955	0.980809
4956	0.980809
4957	0.980809
4958	0.980809
4959	0.980809
4960	0.980809
4961	0.980809
4962	0.980809
4963	0.980809
4964	0.980809
4965	0.980809
4966	0.980809
4967	0.980809
4968	0.980809
4969	0.980809
4970	0.980809
4971	0.980809
4972	0.980809
4973	0.980809
4974	0.980809
4975	0.980809
4976	0.980809
4977	0.980809
4978	0.980809
4979	0.980809
4980	0.980809
4981	0.980809
4982	0.980809
4983	0.980809
4984	0.980809
4985	0.980809
4986	0.980809
4987	0.980809
4988	0.980809
4989	0.980809
4990	0.980809
4991	0.980809
4992	0.980809
4993	0.980809
4994	0.980809
4995	0.980809
4996	0.980809
4997	0.980809
4998	0.980809
4999	0.980809
5000	0.980809
5001	0.980809
5002	0.980809
5003	0.980809
5004	0.980809
5005	0.980809
5006	0.980809
5007	0.980809
5008	0.980809
5009	0.980809
5010	0.980809
5011	0.980809
5012	0.980809
5013	0.980809
5014	0.980809
5015	0.980809
5016	0.980809
5017	0.980809
5018	0.980809
5019	0.980809
5020	0.980809
5021	0.980809
5022	0.980809
5023	0.980809
5024	0.980809
5025	0.980809
5026	0.980809
5027	0.980809
5028	0.980809
5029	0.980809
5030	0.980809
5031	0.980809
5032	0.980809
5033	0.980809
5034	0.980809
5035	0.980809
5036	0.980809
5037	0.980809
5038	0.980809
5039	0.980809
5040	0.980809
5041	0.980809
5042	0.980809
5043	0.980809
5044	0.980809
5045	0.980809
5046	0.980809
5047	0.980809
5048	0.980809
5049	0.980809
5050	0.980809
5051	0.980809
5052	0.980809
5053	0.980809
5054	0.980809
5055	0.980809
5056	0.980809
5057	0.980809
5058	0.980809
5059	0.980809
5060	0.980809
5061	0.980809
5062	0.980809
5063	0.980809
5064	0.980809
5065	0.980809
5066	0.980809
5067	0.980809
5068	0.980809
5069	0.980809
5070	0.980809
5071	0.980809
5072	0.980809
5073	0.980809
5074	0.980809
5075	0.980809
5076	0.980809
5077	0.980809
5078	0.980809
5079	0.980809
5080	0.980809
5081	0.980809
5082	0.980809
5083	0.980809
5084	0.980809
5085	0.980809
5086	0.980809
5087	0.980809
5088	0.980809
5089	0.980809
5090	0.980809
5091	0.980809
5092	0.980809
5093	0.980809
5094	0.980809
5095	0.980809
5096	0.980809
5097	0.980809
5098	0.980809
5099	0.980809
5100	0.980809
5101	0.980809
5102	0.980809
5103	0.980809
5104	0.980809
5105	0.980809
5106	0.980809
5107	0.980809
5108	0.980809
5109	0.980809
5110	0.980809
5111	0.980809
5112	0.980809
5113	0.980809
5114	0.980809
5115	0.980809
5116	0.980809
5117	0.980809
5118	0.980809
5119	0.980809
5120	0.980809
5121	0.980809
5122	0.980809
5123	0.980809
5124	0.980809
5125	0.980809
5126	0.980809
5127	0.980809
5128	0.980809
5129	0.980809
5130	0.980809
5131	0.980809
5132	0.980809
5133	0.980809
5134	0.980809
5135	0.980809
5136	0.980809
5137	0.980809
5138	0.980809
5139	0.980809
5140	0.980809
5141	0.980809
5142	0.980809
5143	0.980809
5144	0.980809
5145	0.980809
5146	0.980809
5147	0.980809
5148	0.980809
5149	0.980809
5150	0.980809
5151	0.980809
5152	0.980809
5153	0.980809
5154	0.980809
5155	0.980809
5156	0.980809
5157	0.980809
5158	0.980809
5159	0.980809
5160	0.980809
5161	0.980809
5162	0.980809
5163	0.980809
5164	0.980809
5165	0.980809
5166	0.980809
5167	0.980809
5168	0.980809
5169	0.980809
5170	0.980809
5171	0.980809
5172	0.980809
5173	0.980809
5174	0.980809
5175	0.980809
5176	0.980809
5177	0.980809
5178	0.980809
5179	0.980809
5180	0.980809
5181	0.980809
5182	0.980809
5183	0.980809
5184	0.980809
5185	0.980809
5186	0.980809
5187	0.980809
5188	0.980809
5189	0.980809
5190	0.980809
5191	0.980809
5192	0.980809
5193	0.980809
5194	0.980809
5195	0.980809
5196	0.980809
5197	0.980809
5198	0.980809
5199	0.980809
5200	0.980809
5201	0.980809
5202	0.980809
5203	0.980809
5204	0.980809
5205	0.980809
5206	0.980809
5207	0.980809
5208	0.980809
5209	0.980809
5210	0.980809
5211	0.980809
5212	0.980809
5213	0.980809
5214	0.980809
5215	0.980809
5216	0.980809
5217	0.980809
5218	0.980809
5219	0.980809
5220	0.980809
5221	0.980809
5222	0.980809
5223	0.980809
5224	0.980809
5225	0.980809
5226	0.980809
5227	0.980809
5228	0.980809
5229	0.980809
5230	0.980809
5231	0.980809
5232	0.980809
5233	0.980809
5234	0.980809
5235	0.980809
5236	0.980809
5237	0.980809
5238	0.980809
5239	0.980809
5240	0.980809
5241	0.980809
5242	0.980809
5243	0.980809
5244	0.980809
5245	0.980809
5246	0.980809
5247	0.980809
5248	0.980809
5249	0.980809
5250	0.980809
5251	0.980809
5252	0.980809
5253	0.980809
5254	0.980809
5255	0.980809
5256	0.980809
5257	0.980809
5258	0.980809
5259	0.980809
5260	0.980809
5261	0.980809
5262	0.980809
5263	0.980809
5264	0.980809
5265	0.980809
5266	0.980809
5267	0.980809
5268	0.980809
5269	0.980809
5270	0.980809
5271	0.980809
5272	0.980809
5273	0.980809
5274	0.980809
5275	0.980809
5276	0.980809
5277	0.980809
5278	0.980809
5279	0.980809
5280	0.980809
5281	0.980809
5282	0.980809
5283	0.980809
5284	0.980809
5285	0.980809
5286	0.980809
5287	0.980809
5288	0.980809
5289	0.980809
5290	0.980809
5291	0.980809
5292	0.980809
5293	0.980809
5294	0.980809
5295	0.980809
5296	0.980809
5297	0.980809
5298	0.980809
5299	0.980809
5300	0.980809
5301	0.980809
5302	0.980809
5303	0.980809
5304	0.980809
5305	0.980809
5306	0.980809
5307	0.980809
5308	0.980809
5309	0.980809
5310	0.980809
5311	0.980809
5312	0.980809
5313	0.980809
5314	0.980809
5315	0.980809
5316	0.980809
5317	0.980809
5318	0.980809
5319	0.980809
5320	0.980809
5321	0.980809
5322	0.980809
5323	0.980809
5324	0.980809
5325	0.980809
5326	0.980809
5327	0.980809
5328	0.980809
5329	0.980809
5330	0.980809
5331	0.980809
5332	0.980809
5333	0.980809
5334	0.980809
5335	0.980809
5336	0.980809
5337	0.980809
5338	0.980809
5339	0.980809
5340	0.980809
5341	0.980809
5342	0.980809
5343	0.980809
5344	0.980809
5345	0.980809
5346	0.980809
5347	0.980809
5348	0.980809
5349	0.980809
5350	0.980809
5351	0.980809
5352	0.980809
5353	0.980809
5354	0.980809
5355	0.980809
5356	0.980809
5357	0.980809
5358	0.980809
5359	0.980809
5360	0.980809
5361	0.980809
5362	0.980809
5363	0.980809
5364	0.980809
5365	0.980809
5366	0.980809
5367	0.980809
5368	0.980809
5369	0.980809
5370	0.980809
5371	0.980809
5372	0.980809
5373	0.980809
5374	0.980809
5375	0.980809
5376	0.980809
5377	0.980809
5378	0.980809
5379	0.980809
5380	0.980809
5381	0.980809
5382	0.980809
5383	0.980809
5384	0.980809
5385	0.980809
5386	0.980809
5387	0.980809
5388	0.980809
5389	0.980809
5390	0.980809
5391	0.980809
5392	0.980809
5393	0.980809
5394	0.980809
5395	0.980809
5396	0.980809
5397	0.980809
5398	0.980809
5399	0.980809
5400	0.980809
5401	0.980809
5402	0.980809
5403	0.980809
5404	0.980809
5405	0.980809
5406	0.980809
5407	0.980809
5408	0.980809
5409	0.980809
5410	0.980809
5411	0.980809
5412	0.980809
5413	0.980809
5414	0.980809
5415	0.980809
5416	0.980809
5417	0.980809
5418	0.980809
5419	0.980809
5420	0.980809
5421	0.980809
5422	0.980809
5423	0.980809
5424	0.980809
5425	0.980809
5426	0.980809
5427	0.980809
5428	0.980809
5429	0.980809
5430	0.980809
5431	0.980809
5432	0.980809
5433	0.980809
5434	0.980809
5435	0.980809
5436	0.980809
5437	0.980809
5438	0.980809
5439	0.980809
5440	0.980809
5441	0.980809
5442	0.980809
5443	0.980809
5444	0.980809
5445	0.980809
5446	0.980809
5447	0.980809
5448	0.980809
5449	0.980809
5450	0.980809
5451	0.980809
5452	0.980809
5453	0.980809
5454	0.980809
5455	0.980809
5456	0.980809
5457	0.980809
5458	0.980809
5459	0.980809
5460	0.980809
5461	0.980809
5462	0.980809
5463	0.980809
5464	0.980809
5465	0.980809
5466	0.980809
5467	0.980809
5468	0.980809
5469	0.980809
5470	0.980809
5471	0.980809
5472	0.980809
5473	0.980809
5474	0.980809
5475	0.980809
5476	0.980809
5477	0.980809
5478	0.980809
5479	0.980809
5480	0.980809
5481	0.980809
5482	0.980809
5483	0.980809
5484	0.980809
5485	0.980809
5486	0.980809
5487	0.980809
5488	0.980809
5489	0.980809
5490	0.980809
5491	0.980809
5492	0.980809
5493	0.980809
5494	0.980809
5495	0.980809
5496	0.980809
5497	0.980809
5498	0.980809
5499	0.980809
5500	0.980809
5501	0.980809
5502	0.980809
5503	0.980809
5504	0.980809
5505	0.980809
5506	0.980809
5507	0.980809
5508	0.980809
5509	0.980809
5510	0.980809
5511	0.980809
5512	0.980809
5513	0.980809
5514	0.980809
5515	0.980809
5516	0.980809
5517	0.980809
5518	0.980809
5519	0.980809
5520	0.980809
5521	0.980809
5522	0.980809
5523	0.980809
5524	0.980809
5525	0.980809
5526	0.980809
5527	0.980809
5528	0.980809
5529	0.980809
5530	0.980809
5531	0.980809
5532	0.980809
5533	0.980809
5534	0.980809
5535	0.980809
5536	0.980809
5537	0.980809
5538	0.980809
5539	0.980809
5540	0.980809
5541	0.980809
5542	0.980809
5543	0.980809
5544	0.980809
5545	0.980809
5546	0.980809
5547	0.980809
5548	0.980809
5549	0.980809
5550	0.980809
5551	0.980809
5552	0.980809
5553	0.980809
5554	0.980809
5555	0.980809
5556	0.980809
5557	0.980809
5558	0.980809
5559	0.980809
5560	0.980809
5561	0.980809
5562	0.980809
5563	0.980809
5564	0.980809
5565	0.980809
5566	0.980809
5567	0.980809
5568	0.980809
5569	0.980809
5570	0.980809
5571	0.980809
5572	0.980809
5573	0.980809
5574	0.980809
5575	0.980809
5576	0.980809
5577	0.980809
5578	0.980809
5579	0.980809
5580	0.980809
5581	0.980809
5582	0.980809
5583	0.980809
5584	0.980809
5585	0.980809
5586	0.980809
5587	0.980809
5588	0.980809
5589	0.980809
5590	0.980809
5591	0.980809
5592	0.980809
5593	0.980809
5594	0.980809
5595	0.980809
5596	0.980809
5597	0.980809
5598	0.980809
5599	0.980809
5600	0.980809
5601	0.980809
5602	0.980809
5603	0.980809
5604	0.980809
5605	0.980809
5606	0.980809
5607	0.980809
5608	0.980809
5609	0.980809
5610	0.980809
5611	0.980809
5612	0.980809
5613	0.980809
5614	0.980809
5615	0.980809
5616	0.980809
5617	0.980809
5618	0.980809
5619	0.980809
5620	0.980809
5621	0.980809
5622	0.980809
5623	0.980809
5624	0.980809
5625	0.980809
5626	0.980809
5627	0.980809
5628	0.980809
5629	0.980809
5630	0.980809
5631	0.980809
5632	0.980809
5633	0.980809
5634	0.980809
5635	0.980809
5636	0.980809
5637	0.980809
5638	0.980809
5639	0.980809
5640	0.980809
5641	0.980809
5642	0.980809
5643	0.980809
5644	0.980809
5645	0.980809
5646	0.980809
5647	0.980809
5648	0.980809
5649	0.980809
5650	0.980809
5651	0.980809
5652	0.980809
5653	0.980809
5654	0.980809
5655	0.980809
5656	0.980809
5657	0.980809
5658	0.980809
5659	0.980809
5660	0.980809
5661	0.980809
5662	0.980809
5663	0.980809
5664	0.980809
5665	0.980809
5666	0.980809
5667	0.980809
5668	0.980809
5669	0.980809
5670	0.980809
5671	0.980809
5672	0.980809
5673	0.980809
5674	0.980809
5675	0.980809
5676	0.980809
5677	0.980809
5678	0.980809
5679	0.980809
5680	0.980809
5681	0.980809
5682	0.980809
5683	0.980809
5684	0.980809
5685	0.980809
5686	0.980809
5687	0.980809
5688	0.980809
5689	0.980809
5690	0.980809
5691	0.980809
5692	0.980809
5693	0.980809
5694	0.980809
5695	0.980809
5696	0.980809
5697	0.980809
5698	0.980809
5699	0.980809
5700	0.980809
5701	0.980809
5702	0.980809
5703	0.980809
5704	0.980809
5705	0.980809
5706	0.980809
5707	0.980809
5708	0.980809
5709	0.980809
5710	0.980809
5711	0.980809
5712	0.980809
5713	0.980809
5714	0.980809
5715	0.980809
5716	0.980809
5717	0.980809
5718	0.980809
5719	0.980809
5720	0.980809
5721	0.980809
5722	0.980809
5723	0.980809
5724	0.980809
5725	0.980809
5726	0.980809
5727	0.980809
5728	0.980809
5729	0.980809
5730	0.980809
5731	0.980809
5732	0.980809
5733	0.980809
5734	0.980809
5735	0.980809
5736	0.980809
5737	0.980809
5738	0.980809
5739	0.980809
5740	0.980809
5741	0.980809
5742	0.980809
5743	0.980809
5744	0.980809
5745	0.980809
5746	0.980809
5747	0.980809
5748	0.980809
5749	0.980809
5750	0.980809
5751	0.980809
5752	0.980809
5753	0.980809
5754	0.980809
5755	0.980809
5756	0.980809
5757	0.980809
5758	0.980809
5759	0.980809
5760	0.980809
5761	0.980809
5762	0.980809
5763	0.980809
5764	0.980809
5765	0.980809
5766	0.980809
5767	0.980809
5768	0.980809
5769	0.980809
5770	0.980809
5771	0.980809
5772	0.980809
5773	0.980809
5774	0.980809
5775	0.980809
5776	0.980809
5777	0.980809
5778	0.980809
5779	0.980809
5780	0.980809
5781	0.980809
5782	0.980809
5783	0.980809
5784	0.980809
5785	0.980809
5786	0.980809
5787	0.980809
5788	0.980809
5789	0.980809
5790	0.980809
5791	0.980809
5792	0.980809
5793	0.980809
5794	0.980809
5795	0.980809
5796	0.980809
5797	0.980809
5798	0.980809
5799	0.980809
5800	0.980809
5801	0.980809
5802	0.980809
5803	0.980809
5804	0.980809
5805	0.980809
5806	0.980809
5807	0.980809
5808	0.980809
5809	0.980809
5810	0.980809
5811	0.980809
5812	0.980809
5813	0.980809
5814	0.980809
5815	0.980809
5816	0.980809
5817	0.980809
5818	0.980809
5819	0.980809
5820	0.980809
5821	0.980809
5822	0.980809
5823	0.980809
5824	0.980809
5825	0.980809
5826	0.980809
5827	0.980809
5828	0.980809
5829	0.980809
5830	0.980809
5831	0.980809
5832	0.980809
5833	0.980809
5834	0.980809
5835	0.980809
5836	0.980809
5837	0.980809
5838	0.980809
5839	0.980809
5840	0.980809
5841	0.980809
5842	0.980809
5843	0.980809
5844	0.980809
5845	0.980809
5846	0.980809
5847	0.980809
5848	0.980809
5849	0.980809
5850	0.980809
5851	0.980809
5852	0.980809
5853	0.980809
5854	0.980809
5855	0.980809
5856	0.980809
5857	0.980809
5858	0.980809
5859	0.980809
5860	0.980809
5861	0.980809
5862	0.980809
5863	0.980809
5864	0.980809
5865	0.980809
5866	0.980809
5867	0.980809
5868	0.980809
5869	0.980809
5870	0.980809
5871	0.980809
5872	0.980809
5873	0.980809
5874	0.980809
5875	0.980809
5876	0.980809
5877	0.980809
5878	0.980809
5879	0.980809
5880	0.980809
5881	0.980809
5882	0.980809
5883	0.980809
5884	0.980809
5885	0.980809
5886	0.980809
5887	0.980809
5888	0.980809
5889	0.980809
5890	0.980809
5891	0.980809
5892	0.980809
5893	0.980809
5894	0.980809
5895	0.980809
5896	0.980809
5897	0.980809
5898	0.980809
5899	0.980809
5900	0.980809
5901	0.980809
5902	0.980809
5903	0.980809
5904	0.980809
5905	0.980809
5906	0.980809
5907	0.980809
5908	0.980809
5909	0.980809
5910	0.980809
5911	0.980809
5912	0.980809
5913	0.980809
5914	0.980809
5915	0.980809
5916	0.980809
5917	0.980809
5918	0.980809
5919	0.980809
5920	0.980809
5921	0.980809
5922	0.980809
5923	0.980809
5924	0.980809
5925	0.980809
5926	0.980809
5927	0.980809
5928	0.980809
5929	0.980809
5930	0.980809
5931	0.980809
5932	0.980809
5933	0.980809
5934	0.980809
5935	0.980809
5936	0.980809
5937	0.980809
5938	0.980809
5939	0.980809
5940	0.980809
5941	0.980809
5942	0.980809
5943	0.980809
5944	0.980809
5945	0.980809
5946	0.980809
5947	0.980809
5948	0.980809
5949	0.980809
5950	0.980809
5951	0.980809
5952	0.980809
5953	0.980809
5954	0.980809
5955	0.980809
5956	0.980809
5957	0.980809
5958	0.980809
5959	0.980809
5960	0.980809
5961	0.980809
5962	0.980809
5963	0.980809
5964	0.980809
5965	0.980809
5966	0.980809
5967	0.980809
5968	0.980809
5969	0.980809
5970	0.980809
5971	0.980809
5972	0.980809
5973	0.980809
5974	0.980809
5975	0.980809
5976	0.980809
5977	0.980809
5978	0.980809
5979	0.980809
5980	0.980809
5981	0.980809
5982	0.980809
5983	0.980809
5984	0.980809
5985	0.980809
5986	0.980809
5987	0.980809
5988	0.980809
5989	0.980809
5990	0.980809
5991	0.980809
5992	0.980809
5993	0.980809
5994	0.980809
5995	0.980809
5996	0.980809
5997	0.980809
5998	0.980809
5999	0.980809
6000	0.980809
6001	0.980809
6002	0.980809
6003	0.980809
6004	0.980809
6005	0.980809
6006	0.980809
6007	0.980809
6008	0.980809
6009	0.980809
6010	0.980809
6011	0.980809
6012	0.980809
6013	0.980809
6014	0.980809
6015	0.980809
6016	0.980809
6017	0.980809
6018	0.980809
6019	0.980809
6020	0.980809
6021	0.980809
6022	0.980809
6023	0.980809
6024	0.980809
6025	0.980809
6026	0.980809
6027	0.980809
6028	0.980809
6029	0.980809
6030	0.980809
6031	0.980809
6032	0.980809
6033	0.980809
6034	0.980809
6035	0.980809
6036	0.980809
6037	0.980809
6038	0.980809
6039	0.980809
6040	0.980809
6041	0.980809
6042	0.980809
6043	0.980809
6044	0.980809
6045	0.980809
6046	0.980809
6047	0.980809
6048	0.980809
6049	0.980809
6050	0.980809
6051	0.980809
6052	0.980809
6053	0.980809
6054	0.980809
6055	0.980809
6056	0.980809
6057	0.980809
6058	0.980809
6059	0.980809
6060	0.980809
6061	0.980809
6062	0.980809
6063	0.980809
6064	0.980809
6065	0.980809
6066	0.980809
6067	0.980809
6068	0.980809
6069	0.980809
6070	0.980809
6071	0.980809
6072	0.980809
6073	0.980809
6074	0.980809
6075	0.980809
6076	0.980809
6077	0.980809
6078	0.980809
6079	0.980809
6080	0.980809
6081	0.980809
6082	0.980809
6083	0.980809
6084	0.980809
6085	0.980809
6086	0.980809
6087	0.980809
6088	0.980809
6089	0.980809
6090	0.980809
6091	0.980809
6092	0.980809
6093	0.980809
6094	0.980809
6095	0.980809
6096	0.980809
6097	0.980809
6098	0.980809
6099	0.980809
6100	0.980809
6101	0.980809
6102	0.980809
6103	0.980809
6104	0.980809
6105	0.980809
6106	0.980809
6107	0.980809
6108	0.980809
6109	0.980809
6110	0.980809
6111	0.980809
6112	0.980809
6113	0.980809
6114	0.980809
6115	0.980809
6116	0.980809
6117	0.980809
6118	0.980809
6119	0.980809
6120	0.980809
6121	0.980809
6122	0.980809
6123	0.980809
6124	0.980809
6125	0.980809
6126	0.980809
6127	0.980809
6128	0.980809
6129	0.980809
6130	0.980809
6131	0.980809
6132	0.980809
6133	0.980809
6134	0.980809
6135	0.980809
6136	0.980809
6137	0.980809
6138	0.980809
6139	0.980809
6140	0.980809
6141	0.980809
6142	0.980809
6143	0.980809
6144	0.980809
6145	0.980809
6146	0.980809
6147	0.980809
6148	0.980809
6149	0.980809
6150	0.980809
6151	0.980809
6152	0.980809
6153	0.980809
6154	0.980809
6155	0.980809
6156	0.980809
6157	0.980809
6158	0.980809
6159	0.980809
6160	0.980809
6161	0.980809
6162	0.980809
6163	0.980809
6164	0.980809
6165	0.980809
6166	0.980809
6167	0.980809
6168	0.980809
6169	0.980809
6170	0.980809
6171	0.980809
6172	0.980809
6173	0.980809
6174	0.980809
6175	0.980809
6176	0.980809
6177	0.980809
6178	0.980809
6179	0.980809
6180	0.980809
6181	0.980809
6182	0.980809
6183	0.980809
6184	0.980809
6185	0.980809
6186	0.980809
6187	0.980809
6188	0.980809
6189	0.980809
6190	0.980809
6191	0.980809
6192	0.980809
6193	0.980809
6194	0.980809
6195	0.980809
6196	0.980809
6197	0.980809
6198	0.980809
6199	0.980809
6200	0.980809
6201	0.980809
6202	0.980809
6203	0.980809
6204	0.980809
6205	0.980809
6206	0.980809
6207	0.980809
6208	0.980809
6209	0.980809
6210	0.980809
6211	0.980809
6212	0.980809
6213	0.980809
6214	0.980809
6215	0.980809
6216	0.980809
6217	0.980809
6218	0.980809
6219	0.980809
6220	0.980809
6221	0.980809
6222	0.980809
6223	0.980809
6224	0.980809
6225	0.980809
6226	0.980809
6227	0.980809
6228	0.980809
6229	0.980809
6230	0.980809
6231	0.980809
6232	0.980809
6233	0.980809
6234	0.980809
6235	0.980809
6236	0.980809
6237	0.980809
6238	0.980809
6239	0.980809
6240	0.980809
6241	0.980809
6242	0.980809
6243	0.980809
6244	0.980809
6245	0.980809
6246	0.980809
6247	0.980809
6248	0.980809
6249	0.980809
6250	0.980809
6251	0.980809
6252	0.980809
6253	0.980809
6254	0.980809
6255	0.980809
6256	0.980809
6257	0.980809
6258	0.980809
6259	0.980809
6260	0.980809
6261	0.980809
6262	0.980809
6263	0.980809
6264	0.980809
6265	0.980809
6266	0.980809
6267	0.980809
6268	0.980809
6269	0.980809
6270	0.980809
6271	0.980809
6272	0.980809
6273	0.980809
6274	0.980809
6275	0.980809
6276	0.980809
6277	0.980809
6278	0.980809
6279	0.980809
6280	0.980809
6281	0.980809
6282	0.980809
6283	0.980809
6284	0.980809
6285	0.980809
6286	0.980809
6287	0.980809
6288	0.980809
6289	0.980809
6290	0.980809
6291	0.980809
6292	0.980809
6293	0.980809
6294	0.980809
6295	0.980809
6296	0.980809
6297	0.980809
6298	0.980809
6299	0.980809
6300	0.980809
6301	0.980809
6302	0.980809
6303	0.980809
6304	0.980809
6305	0.980809
6306	0.980809
6307	0.980809
6308	0.980809
6309	0.980809
6310	0.980809
6311	0.980809
6312	0.980809
6313	0.980809
6314	0.980809
6315	0.980809
6316	0.980809
6317	0.980809
6318	0.980809
6319	0.980809
6320	0.980809
6321	0.980809
6322	0.980809
6323	0.980809
6324	0.980809
6325	0.980809
6326	0.980809
6327	0.980809
6328	0.980809
6329	0.980809
6330	0.980809
6331	0.980809
6332	0.980809
6333	0.980809
6334	0.980809
6335	0.980809
6336	0.980809
6337	0.980809
6338	0.980809
6339	0.980809
6340	0.980809
6341	0.980809
6342	0.980809
6343	0.980809
6344	0.980809
6345	0.980809
6346	0.980809
6347	0.980809
6348	0.980809
6349	0.980809
6350	0.980809
6351	0.980809
6352	0.980809
6353	0.980809
6354	0.980809
6355	0.980809
6356	0.980809
6357	0.980809
6358	0.980809
6359	0.980809
6360	0.980809
6361	0.980809
6362	0.980809
6363	0.980809
6364	0.980809
6365	0.980809
6366	0.980809
6367	0.980809
6368	0.980809
6369	0.980809
6370	0.980809
6371	0.980809
6372	0.980809
6373	0.980809
6374	0.980809
6375	0.980809
6376	0.980809
6377	0.980809
6378	0.980809
6379	0.980809
6380	0.980809
6381	0.980809
6382	0.980809
6383	0.980809
6384	0.980809
6385	0.980809
6386	0.980809
6387	0.980809
6388	0.980809
6389	0.980809
6390	0.980809
6391	0.980809
6392	0.980809
6393	0.980809
6394	0.980809
6395	0.980809
6396	0.980809
6397	0.980809
6398	0.980809
6399	0.980809
6400	0.980809
6401	0.980809
6402	0.980809
6403	0.980809
6404	0.980809
6405	0.980809
6406	0.980809
6407	0.980809
6408	0.980809
6409	0.980809
6410	0.980809
6411	0.980809
6412	0.980809
6413	0.980809
6414	0.980809
6415	0.980809
6416	0.980809
6417	0.980809
6418	0.980809
6419	0.980809
6420	0.980809
6421	0.980809
6422	0.980809
6423	0.980809
6424	0.980809
6425	0.980809
6426	0.980809
6427	0.980809
6428	0.980809
6429	0.980809
6430	0.980809
6431	0.980809
6432	0.980809
6433	0.980809
6434	0.980809
6435	0.980809
6436	0.980809
6437	0.980809
6438	0.980809
6439	0.980809
6440	0.980809
6441	0.980809
6442	0.980809
6443	0.980809
6444	0.980809
6445	0.980809
6446	0.980809
6447	0.980809
6448	0.980809
6449	0.980809
6450	0.980809
6451	0.980809
6452	0.980809
6453	0.980809
6454	0.980809
6455	0.980809
6456	0.980809
6457	0.980809
6458	0.980809
6459	0.980809
6460	0.980809
6461	0.980809
6462	0.980809
6463	0.980809
6464	0.980809
6465	0.980809
6466	0.980809
6467	0.980809
6468	0.980809
6469	0.980809
6470	0.980809
6471	0.980809
6472	0.980809
6473	0.980809
6474	0.980809
6475	0.980809
6476	0.980809
6477	0.980809
6478	0.980809
6479	0.980809
6480	0.980809
6481	0.980809
6482	0.980809
6483	0.980809
6484	0.980809
6485	0.980809
6486	0.980809
6487	0.980809
6488	0.980809
6489	0.980809
6490	0.980809
6491	0.980809
6492	0.980809
6493	0.980809
6494	0.980809
6495	0.980809
6496	0.980809
6497	0.980809
6498	0.980809
6499	0.980809
6500	0.980809
6501	0.980809
6502	0.980809
6503	0.980809
6504	0.980809
6505	0.980809
6506	0.980809
6507	0.980809
6508	0.980809
6509	0.980809
6510	0.980809
6511	0.980809
6512	0.980809
6513	0.980809
6514	0.980809
6515	0.980809
6516	0.980809
6517	0.980809
6518	0.980809
6519	0.980809
6520	0.980809
6521	0.980809
6522	0.980809
6523	0.980809
6524	0.980809
6525	0.980809
6526	0.980809
6527	0.980809
6528	0.980809
6529	0.980809
6530	0.980809
6531	0.980809
6532	0.980809
6533	0.980809
6534	0.980809
6535	0.980809
6536	0.980809
6537	0.980809
6538	0.980809
6539	0.980809
6540	0.980809
6541	0.980809
6542	0.980809
6543	0.980809
6544	0.980809
6545	0.980809
6546	0.980809
6547	0.980809
6548	0.980809
6549	0.980809
6550	0.980809
6551	0.980809
6552	0.980809
6553	0.980809
6554	0.980809
6555	0.980809
6556	0.980809
6557	0.980809
6558	0.980809
6559	0.980809
6560	0.980809
6561	0.980809
6562	0.980809
6563	0.980809
6564	0.980809
6565	0.980809
6566	0.980809
6567	0.980809
6568	0.980809
6569	0.980809
6570	0.980809
6571	0.980809
6572	0.980809
6573	0.980809
6574	0.980809
6575	0.980809
6576	0.980809
6577	0.980809
6578	0.980809
6579	0.980809
6580	0.980809
6581	0.980809
6582	0.980809
6583	0.980809
6584	0.980809
6585	0.980809
6586	0.980809
6587	0.980809
6588	0.980809
6589	0.980809
6590	0.980809
6591	0.980809
6592	0.980809
6593	0.980809
6594	0.980809
6595	0.980809
6596	0.980809
6597	0.980809
6598	0.980809
6599	0.980809
6600	0.980809
6601	0.980809
6602	0.980809
6603	0.980809
6604	0.980809
6605	0.980809
6606	0.980809
6607	0.980809
6608	0.980809
6609	0.980809
6610	0.980809
6611	0.980809
6612	0.980809
6613	0.980809
6614	0.980809
6615	0.980809
6616	0.980809
6617	0.980809
6618	0.980809
6619	0.980809
6620	0.980809
6621	0.980809
6622	0.980809
6623	0.980809
6624	0.980809
6625	0.980809
6626	0.980809
6627	0.980809
6628	0.980809
6629	0.980809
6630	0.980809
6631	0.980809
6632	0.980809
6633	0.980809
6634	0.980809
6635	0.980809
6636	0.980809
6637	0.980809
6638	0.980809
6639	0.980809
6640	0.980809
6641	0.980809
6642	0.980809
6643	0.980809
6644	0.980809
6645	0.980809
6646	0.980809
6647	0.980809
6648	0.980809
6649	0.980809
6650	0.980809
6651	0.980809
6652	0.980809
6653	0.980809
6654	0.980809
6655	0.980809
6656	0.980809
6657	0.980809
6658	0.980809
6659	0.980809
6660	0.980809
6661	0.980809
6662	0.980809
6663	0.980809
6664	0.980809
6665	0.980809
6666	0.980809
6667	0.980809
6668	0.980809
6669	0.980809
6670	0.980809
6671	0.980809
6672	0.980809
6673	0.980809
6674	0.980809
6675	0.980809
6676	0.980809
6677	0.980809
6678	0.980809
6679	0.980809
6680	0.980809
6681	0.980809
6682	0.980809
6683	0.980809
6684	0.980809
6685	0.980809
6686	0.980809
6687	0.980809
6688	0.980809
6689	0.980809
6690	0.980809
6691	0.980809
6692	0.980809
6693	0.980809
6694	0.980809
6695	0.980809
6696	0.980809
6697	0.980809
6698	0.980809
6699	0.980809
6700	0.980809
6701	0.980809
6702	0.980809
6703	0.980809
6704	0.980809
6705	0.980809
6706	0.980809
6707	0.980809
6708	0.980809
6709	0.980809
6710	0.980809
6711	0.980809
6712	0.980809
6713	0.980809
6714	0.980809
6715	0.980809
6716	0.980809
6717	0.980809
6718	0.980809
6719	0.980809
6720	0.980809
6721	0.980809
6722	0.980809
6723	0.980809
6724	0.980809
6725	0.980809
6726	0.980809
6727	0.980809
6728	0.980809
6729	0.980809
6730	0.980809
6731	0.980809
6732	0.980809
6733	0.980809
6734	0.980809
6735	0.980809
6736	0.980809
6737	0.980809
6738	0.980809
6739	0.980809
6740	0.980809
6741	0.980809
6742	0.980809
6743	0.980809
6744	0.980809
6745	0.980809
6746	0.980809
6747	0.980809
6748	0.980809
6749	0.980809
6750	0.980809
6751	0.980809
6752	0.980809
6753	0.980809
6754	0.980809
6755	0.980809
6756	0.980809
6757	0.980809
6758	0.980809
6759	0.980809
6760	0.980809
6761	0.980809
6762	0.980809
6763	0.980809
6764	0.980809
6765	0.980809
6766	0.980809
6767	0.980809
6768	0.980809
6769	0.980809
6770	0.980809
6771	0.980809
6772	0.980809
6773	0.980809
6774	0.980809
6775	0.980809
6776	0.980809
6777	0.980809
6778	0.980809
6779	0.980809
6780	0.980809
6781	0.980809
6782	0.980809
6783	0.980809
6784	0.980809
6785	0.980809
6786	0.980809
6787	0.980809
6788	0.980809
6789	0.980809
6790	0.980809
6791	0.980809
6792	0.980809
6793	0.980809
6794	0.980809
6795	0.980809
6796	0.980809
6797	0.980809
6798	0.980809
6799	0.980809
6800	0.980809
6801	0.980809
6802	0.980809
6803	0.980809
6804	0.980809
6805	0.980809
6806	0.980809
6807	0.980809
6808	0.980809
6809	0.980809
6810	0.980809
6811	0.980809
6812	0.980809
6813	0.980809
6814	0.980809
6815	0.980809
6816	0.980809
6817	0.980809
6818	0.980809
6819	0.980809
6820	0.980809
6821	0.980809
6822	0.980809
6823	0.980809
6824	0.980809
6825	0.980809
6826	0.980809
6827	0.980809
6828	0.980809
6829	0.980809
6830	0.980809
6831	0.980809
6832	0.980809
6833	0.980809
6834	0.980809
6835	0.980809
6836	0.980809
6837	0.980809
6838	0.980809
6839	0.980809
6840	0.980809
6841	0.980809
6842	0.980809
6843	0.980809
6844	0.980809
6845	0.980809
6846	0.980809
6847	0.980809
6848	0.980809
6849	0.980809
6850	0.980809
6851	0.980809
6852	0.980809
6853	0.980809
6854	0.980809
6855	0.980809
6856	0.980809
6857	0.980809
6858	0.980809
6859	0.980809
6860	0.980809
6861	0.980809
6862	0.980809
6863	0.980809
6864	0.980809
6865	0.980809
6866	0.980809
6867	0.980809
6868	0.980809
6869	0.980809
6870	0.980809
6871	0.980809
6872	0.980809
6873	0.980809
6874	0.980809
6875	0.980809
6876	0.980809
6877	0.980809
6878	0.980809
6879	0.980809
6880	0.980809
6881	0.980809
6882	0.980809
6883	0.980809
6884	0.980809
6885	0.980809
6886	0.980809
6887	0.980809
6888	0.980809
6889	0.980809
6890	0.980809
6891	0.980809
6892	0.980809
6893	0.980809
6894	0.980809
6895	0.980809
6896	0.980809
6897	0.980809
6898	0.980809
6899	0.980809
6900	0.980809
6901	0.980809
6902	0.980809
6903	0.980809
6904	0.980809
6905	0.980809
6906	0.980809
6907	0.980809
6908	0.980809
6909	0.980809
6910	0.980809
6911	0.980809
6912	0.980809
6913	0.980809
6914	0.980809
6915	0.980809
6916	0.980809
6917	0.980809
6918	0.980809
6919	0.980809
6920	0.980809
6921	0.980809
6922	0.980809
6923	0.980809
6924	0.980809
6925	0.980809
6926	0.980809
6927	0.980809
6928	0.980809
6929	0.980809
6930	0.980809
6931	0.980809
6932	0.980809
6933	0.980809
6934	0.980809
6935	0.980809
6936	0.980809
6937	0.980809
6938	0.980809
6939	0.980809
6940	0.980809
6941	0.980809
6942	0.980809
6943	0.980809
6944	0.980809
6945	0.980809
6946	0.980809
6947	0.980809
6948	0.980809
6949	0.980809
6950	0.980809
6951	0.980809
6952	0.980809
6953	0.980809
6954	0.980809
6955	0.980809
6956	0.980809
6957	0.980809
6958	0.980809
6959	0.980809
6960	0.980809
6961	0.980809
6962	0.980809
6963	0.980809
6964	0.980809
6965	0.980809
6966	0.980809
6967	0.980809
6968	0.980809
6969	0.980809
6970	0.980809
6971	0.980809
6972	0.980809
6973	0.980809
6974	0.980809
6975	0.980809
6976	0.980809
6977	0.980809
6978	0.980809
6979	0.980809
6980	0.980809
6981	0.980809
6982	0.980809
6983	0.980809
6984	0.980809
6985	0.980809
6986	0.980809
6987	0.980809
6988	0.980809
6989	0.980809
6990	0.980809
6991	0.980809
6992	0.980809
6993	0.980809
6994	0.980809
6995	0.980809
6996	0.980809
6997	0.980809
6998	0.980809
6999	0.980809
7000	0.980809
7001	0.980809
7002	0.980809
7003	0.980809
7004	0.980809
7005	0.980809
7006	0.980809
7007	0.980809
7008	0.980809
7009	0.980809
7010	0.980809
7011	0.980809
7012	0.980809
7013	0.980809
7014	0.980809
7015	0.980809
7016	0.980809
7017	0.980809
7018	0.980809
7019	0.980809
7020	0.980809
7021	0.980809
7022	0.980809
7023	0.980809
7024	0.980809
7025	0.980809
7026	0.980809
7027	0.980809
7028	0.980809
7029	0.980809
7030	0.980809
7031	0.980809
7032	0.980809
7033	0.980809
7034	0.980809
7035	0.980809
7036	0.980809
7037	0.980809
7038	0.980809
7039	0.980809
7040	0.980809
7041	0.980809
7042	0.980809
7043	0.980809
7044	0.980809
7045	0.980809
7046	0.980809
7047	0.980809
7048	0.980809
7049	0.980809
7050	0.980809
7051	0.980809
7052	0.980809
7053	0.980809
7054	0.980809
7055	0.980809
7056	1
## No. organisms: 20
## Seeds        : 1475307503, 29595
## Runtime      : 1h 6m 52s.
## Started at   : Mon Oct 21 00:58:23 2019
## Ended at     : Mon Oct 21 02:05:15 2019
