1	0.543659
2	0.556537
3	0.556537
4	0.566195
5	0.571171
6	0.571171
7	0.582439
8	0.582439
9	0.582439
10	0.608341
11	0.612878
12	0.612878
13	0.612878
14	0.612878
15	0.612878
16	0.621463
17	0.621463
18	0.637366
19	0.64078
20	0.64078
21	0.64078
22	0.64078
23	0.64078
24	0.64078
25	0.64078
26	0.64078
27	0.64078
28	0.64078
29	0.64078
30	0.64078
31	0.64078
32	0.64078
33	0.64078
34	0.64078
35	0.679659
36	0.679659
37	0.679659
38	0.679659
39	0.679659
40	0.679659
41	0.679659
42	0.679659
43	0.679659
44	0.679659
45	0.679659
46	0.679659
47	0.679659
48	0.679659
49	0.679659
50	0.679659
51	0.679659
52	0.682878
53	0.682878
54	0.682878
55	0.682878
56	0.682878
57	0.682878
58	0.682878
59	0.695756
60	0.695756
61	0.695756
62	0.695756
63	0.695756
64	0.695756
65	0.695756
66	0.695756
67	0.695756
68	0.695756
69	0.695756
70	0.695756
71	0.695756
72	0.695756
73	0.695756
74	0.695756
75	0.695756
76	0.695756
77	0.695756
78	0.695756
79	0.695756
80	0.695756
81	0.695756
82	0.695756
83	0.695756
84	0.695756
85	0.695756
86	0.718293
87	0.718293
88	0.718293
89	0.718293
90	0.718293
91	0.718293
92	0.718293
93	0.718293
94	0.718293
95	0.719902
96	0.719902
97	0.719902
98	0.726341
99	0.729561
100	0.73922
101	0.73922
102	0.73922
103	0.73922
104	0.73922
105	0.73922
106	0.73922
107	0.73922
108	0.73922
109	0.73922
110	0.73922
111	0.73922
112	0.73922
113	0.73922
114	0.73922
115	0.73922
116	0.73922
117	0.73922
118	0.73922
119	0.73922
120	0.73922
121	0.73922
122	0.73922
123	0.744049
124	0.744049
125	0.744049
126	0.744049
127	0.744049
128	0.744049
129	0.753707
130	0.753707
131	0.753707
132	0.753707
133	0.753707
134	0.753707
135	0.753707
136	0.753707
137	0.753707
138	0.758537
139	0.758537
140	0.758537
141	0.764976
142	0.777854
143	0.777854
144	0.777854
145	0.777854
146	0.777854
147	0.777854
148	0.777854
149	0.789122
150	0.789122
151	0.789122
152	0.789122
153	0.789122
154	0.789122
155	0.789122
156	0.789122
157	0.802
158	0.802
159	0.802
160	0.802
161	0.802
162	0.802
163	0.802
164	0.802
165	0.802
166	0.802
167	0.802
168	0.802
169	0.802
170	0.802
171	0.802
172	0.802
173	0.802
174	0.802
175	0.802
176	0.802
177	0.802
178	0.802
179	0.802
180	0.802
181	0.802
182	0.802
183	0.802
184	0.802
185	0.802
186	0.802
187	0.802
188	0.802
189	0.802
190	0.802
191	0.802
192	0.802
193	0.802
194	0.802
195	0.802
196	0.802
197	0.802
198	0.802
199	0.802
200	0.802
201	0.802
202	0.802
203	0.802
204	0.802
205	0.802
206	0.802
207	0.802
208	0.802
209	0.802
210	0.802
211	0.802
212	0.802
213	0.813268
214	0.813268
215	0.813268
216	0.813268
217	0.813268
218	0.813268
219	0.813268
220	0.813268
221	0.813268
222	0.813268
223	0.813268
224	0.813268
225	0.813268
226	0.813268
227	0.813268
228	0.813268
229	0.813268
230	0.813268
231	0.813268
232	0.813268
233	0.813268
234	0.813268
235	0.813268
236	0.813268
237	0.813268
238	0.813268
239	0.813268
240	0.813268
241	0.813268
242	0.813268
243	0.813268
244	0.813268
245	0.813268
246	0.813268
247	0.813268
248	0.813268
249	0.813268
250	0.813268
251	0.813268
252	0.813268
253	0.813268
254	0.813268
255	0.813268
256	0.813268
257	0.813268
258	0.813268
259	0.813268
260	0.813268
261	0.813268
262	0.813268
263	0.813268
264	0.813268
265	0.813268
266	0.813268
267	0.813268
268	0.813268
269	0.813268
270	0.813268
271	0.813268
272	0.813268
273	0.813268
274	0.813268
275	0.813268
276	0.813268
277	0.813268
278	0.813268
279	0.813268
280	0.813268
281	0.813268
282	0.813268
283	0.813268
284	0.813268
285	0.813268
286	0.813268
287	0.813268
288	0.813268
289	0.813268
290	0.813268
291	0.813268
292	0.813268
293	0.813268
294	0.813268
295	0.813268
296	0.813268
297	0.813268
298	0.813268
299	0.813268
300	0.813268
301	0.813268
302	0.813268
303	0.813268
304	0.813268
305	0.813268
306	0.813268
307	0.813268
308	0.813268
309	0.813268
310	0.813268
311	0.813268
312	0.813268
313	0.813268
314	0.813268
315	0.813268
316	0.813268
317	0.813268
318	0.813268
319	0.813268
320	0.813268
321	0.813268
322	0.813268
323	0.813268
324	0.813268
325	0.813268
326	0.813268
327	0.813268
328	0.813268
329	0.813268
330	0.813268
331	0.813268
332	0.813268
333	0.813268
334	0.813268
335	0.855122
336	0.855122
337	0.855122
338	0.855122
339	0.855122
340	0.855122
341	0.855122
342	0.855122
343	0.855122
344	0.855122
345	0.855122
346	0.855122
347	0.855122
348	0.855122
349	0.855122
350	0.855122
351	0.855122
352	0.855122
353	0.855122
354	0.855122
355	0.855122
356	0.855122
357	0.855122
358	0.855122
359	0.855122
360	0.855122
361	0.855122
362	0.855122
363	0.855122
364	0.855122
365	0.855122
366	0.855122
367	0.855122
368	0.855122
369	0.855122
370	0.855122
371	0.855122
372	0.855122
373	0.855122
374	0.855122
375	0.855122
376	0.855122
377	0.855122
378	0.855122
379	0.855122
380	0.855122
381	0.855122
382	0.855122
383	0.855122
384	0.855122
385	0.855122
386	0.855122
387	0.855122
388	0.855122
389	0.855122
390	0.855122
391	0.855122
392	0.855122
393	0.855122
394	0.855122
395	0.855122
396	0.855122
397	0.855122
398	0.855122
399	0.855122
400	0.855122
401	0.855122
402	0.855122
403	0.855122
404	0.855122
405	0.855122
406	0.855122
407	0.855122
408	0.855122
409	0.855122
410	0.855122
411	0.855122
412	0.855122
413	0.855122
414	0.855122
415	0.855122
416	0.855122
417	0.855122
418	0.855122
419	0.855122
420	0.855122
421	0.855122
422	0.855122
423	0.855122
424	0.855122
425	0.855122
426	0.855122
427	0.855122
428	0.855122
429	0.855122
430	0.855122
431	0.855122
432	0.855122
433	0.855122
434	0.855122
435	0.855122
436	0.855122
437	0.855122
438	0.855122
439	0.855122
440	0.855122
441	0.855122
442	0.855122
443	0.855122
444	0.855122
445	0.855122
446	0.855122
447	0.855122
448	0.855122
449	0.855122
450	0.855122
451	0.855122
452	0.855122
453	0.864634
454	0.864634
455	0.864634
456	0.864634
457	0.896976
458	0.896976
459	0.896976
460	0.896976
461	0.906634
462	0.906634
463	0.906634
464	0.906634
465	0.906634
466	0.906634
467	0.906634
468	0.906634
469	0.906634
470	0.906634
471	0.906634
472	0.906634
473	0.906634
474	0.906634
475	0.906634
476	0.906634
477	0.906634
478	0.906634
479	0.906634
480	0.906634
481	0.906634
482	0.906634
483	0.906634
484	0.906634
485	0.906634
486	0.906634
487	0.906634
488	0.906634
489	0.906634
490	0.906634
491	0.906634
492	0.906634
493	0.906634
494	0.906634
495	0.906634
496	0.906634
497	0.906634
498	0.906634
499	0.906634
500	0.906634
501	0.906634
502	0.906634
503	0.906634
504	0.906634
505	0.906634
506	0.906634
507	0.906634
508	0.906634
509	0.906634
510	0.906634
511	0.906634
512	0.906634
513	0.906634
514	0.906634
515	0.906634
516	0.906634
517	0.906634
518	0.906634
519	0.906634
520	0.906634
521	0.906634
522	0.906634
523	0.906634
524	0.906634
525	0.906634
526	0.906634
527	0.906634
528	0.906634
529	0.906634
530	0.906634
531	0.906634
532	0.906634
533	0.906634
534	0.906634
535	0.906634
536	0.906634
537	0.906634
538	0.906634
539	0.906634
540	0.906634
541	0.906634
542	0.906634
543	0.906634
544	0.906634
545	0.906634
546	0.906634
547	0.906634
548	0.906634
549	0.906634
550	0.906634
551	0.906634
552	0.906634
553	0.906634
554	0.906634
555	0.906634
556	0.906634
557	0.906634
558	0.906634
559	0.906634
560	0.906634
561	0.906634
562	0.906634
563	0.906634
564	0.906634
565	0.906634
566	0.906634
567	0.906634
568	0.906634
569	0.906634
570	0.906634
571	0.906634
572	0.906634
573	0.906634
574	0.906634
575	0.906634
576	0.906634
577	0.906634
578	0.906634
579	0.906634
580	0.906634
581	0.906634
582	0.906634
583	0.906634
584	0.906634
585	0.906634
586	0.906634
587	0.906634
588	0.906634
589	0.906634
590	0.906634
591	0.906634
592	0.906634
593	0.906634
594	0.906634
595	0.906634
596	0.906634
597	0.906634
598	0.906634
599	0.906634
600	0.906634
601	0.906634
602	0.906634
603	0.906634
604	0.906634
605	0.906634
606	0.906634
607	0.906634
608	0.906634
609	0.906634
610	0.906634
611	0.906634
612	0.906634
613	0.906634
614	0.906634
615	0.906634
616	0.906634
617	0.906634
618	0.906634
619	0.906634
620	0.906634
621	0.906634
622	0.906634
623	0.906634
624	0.906634
625	0.906634
626	0.906634
627	0.906634
628	0.906634
629	0.906634
630	0.906634
631	0.906634
632	0.906634
633	0.906634
634	0.906634
635	0.906634
636	0.906634
637	0.906634
638	0.906634
639	0.906634
640	0.906634
641	0.906634
642	0.906634
643	0.906634
644	0.906634
645	0.906634
646	0.927561
647	0.93722
648	0.93722
649	0.946878
650	0.946878
651	0.946878
652	0.946878
653	0.946878
654	0.946878
655	0.946878
656	0.946878
657	0.946878
658	0.946878
659	0.946878
660	0.946878
661	0.946878
662	0.962976
663	0.962976
664	0.962976
665	0.962976
666	0.962976
667	0.962976
668	0.962976
669	0.962976
670	0.962976
671	0.962976
672	0.962976
673	0.962976
674	0.962976
675	0.962976
676	0.962976
677	0.962976
678	0.962976
679	0.962976
680	0.962976
681	0.962976
682	0.962976
683	0.962976
684	0.962976
685	0.962976
686	0.962976
687	0.962976
688	0.962976
689	0.962976
690	0.962976
691	0.962976
692	0.962976
693	0.962976
694	0.962976
695	0.962976
696	0.962976
697	0.962976
698	0.962976
699	0.962976
700	0.962976
701	0.962976
702	0.962976
703	0.962976
704	0.962976
705	0.962976
706	0.962976
707	0.962976
708	0.962976
709	0.962976
710	0.962976
711	0.962976
712	0.962976
713	0.962976
714	0.962976
715	0.962976
716	0.962976
717	0.962976
718	0.962976
719	0.962976
720	0.962976
721	0.962976
722	0.962976
723	0.962976
724	0.962976
725	0.962976
726	0.962976
727	0.962976
728	0.962976
729	0.962976
730	0.962976
731	0.962976
732	0.962976
733	0.962976
734	0.962976
735	0.962976
736	0.962976
737	0.962976
738	0.962976
739	0.962976
740	0.962976
741	0.962976
742	0.962976
743	0.962976
744	0.962976
745	0.962976
746	0.962976
747	0.962976
748	0.962976
749	0.962976
750	0.962976
751	0.962976
752	0.962976
753	0.962976
754	0.962976
755	0.962976
756	0.962976
757	0.962976
758	0.962976
759	0.962976
760	0.962976
761	0.962976
762	0.962976
763	0.962976
764	0.962976
765	0.962976
766	0.962976
767	0.962976
768	0.962976
769	0.962976
770	0.962976
771	0.962976
772	0.962976
773	0.967805
774	0.967805
775	0.967805
776	0.967805
777	0.967805
778	0.967805
779	0.967805
780	0.967805
781	0.967805
782	0.967805
783	0.967805
784	0.967805
785	0.967805
786	0.967805
787	0.967805
788	0.967805
789	0.967805
790	0.967805
791	0.967805
792	0.967805
793	0.967805
794	0.967805
795	0.967805
796	0.967805
797	0.967805
798	0.967805
799	0.967805
800	0.967805
801	0.967805
802	0.967805
803	0.967805
804	0.967805
805	0.967805
806	0.967805
807	0.967805
808	0.967805
809	0.967805
810	0.967805
811	0.967805
812	0.967805
813	0.967805
814	0.967805
815	0.967805
816	0.967805
817	0.967805
818	0.967805
819	0.967805
820	0.967805
821	0.967805
822	0.967805
823	0.967805
824	0.967805
825	0.967805
826	0.967805
827	0.967805
828	0.967805
829	0.967805
830	0.967805
831	0.967805
832	0.967805
833	0.967805
834	0.967805
835	0.967805
836	0.967805
837	0.967805
838	0.967805
839	0.967805
840	0.967805
841	0.967805
842	0.967805
843	0.967805
844	0.967805
845	0.967805
846	0.967805
847	0.967805
848	0.967805
849	0.967805
850	0.967805
851	0.967805
852	0.967805
853	0.967805
854	0.967805
855	0.967805
856	0.967805
857	0.967805
858	0.967805
859	0.967805
860	0.967805
861	0.967805
862	0.967805
863	0.967805
864	0.967805
865	0.967805
866	0.967805
867	0.967805
868	0.967805
869	0.967805
870	0.967805
871	0.967805
872	0.967805
873	0.967805
874	0.967805
875	0.967805
876	0.967805
877	0.967805
878	0.967805
879	0.967805
880	0.967805
881	0.967805
882	0.967805
883	0.967805
884	0.967805
885	0.967805
886	0.967805
887	0.967805
888	0.967805
889	0.967805
890	0.967805
891	0.967805
892	0.967805
893	0.967805
894	0.967805
895	0.967805
896	0.967805
897	0.967805
898	0.967805
899	0.967805
900	0.967805
901	0.967805
902	0.967805
903	0.967805
904	0.967805
905	0.967805
906	0.967805
907	0.967805
908	0.967805
909	0.967805
910	0.967805
911	0.967805
912	0.967805
913	0.967805
914	0.967805
915	0.967805
916	0.967805
917	0.967805
918	0.967805
919	0.967805
920	0.967805
921	0.967805
922	0.967805
923	0.967805
924	0.967805
925	0.967805
926	0.967805
927	0.967805
928	0.967805
929	0.967805
930	0.967805
931	0.967805
932	0.967805
933	0.967805
934	0.967805
935	0.967805
936	0.967805
937	0.967805
938	0.967805
939	0.967805
940	0.967805
941	0.967805
942	0.967805
943	0.967805
944	0.967805
945	0.967805
946	0.967805
947	0.967805
948	0.967805
949	0.967805
950	0.967805
951	0.967805
952	0.967805
953	0.967805
954	0.967805
955	0.967805
956	0.967805
957	0.967805
958	0.967805
959	0.967805
960	0.967805
961	0.967805
962	0.967805
963	0.967805
964	0.967805
965	0.967805
966	0.967805
967	0.967805
968	0.967805
969	0.967805
970	0.967805
971	0.967805
972	0.967805
973	0.967805
974	0.967805
975	0.967805
976	0.967805
977	0.967805
978	0.967805
979	0.967805
980	0.967805
981	0.967805
982	0.967805
983	0.967805
984	0.967805
985	0.967805
986	0.967805
987	0.967805
988	0.967805
989	0.967805
990	0.967805
991	0.967805
992	0.967805
993	0.967805
994	0.967805
995	0.967805
996	0.967805
997	0.967805
998	0.967805
999	0.967805
1000	0.967805
1001	0.967805
1002	0.967805
1003	0.967805
1004	0.967805
1005	0.967805
1006	0.967805
1007	0.967805
1008	0.967805
1009	0.967805
1010	0.967805
1011	0.967805
1012	0.967805
1013	0.971024
1014	0.971024
1015	0.971024
1016	0.971024
1017	0.971024
1018	0.971024
1019	0.971024
1020	0.971024
1021	0.971024
1022	0.971024
1023	0.971024
1024	0.971024
1025	0.971024
1026	0.971024
1027	0.971024
1028	0.971024
1029	0.971024
1030	0.971024
1031	0.971024
1032	0.971024
1033	0.971024
1034	0.971024
1035	0.971024
1036	0.971024
1037	0.971024
1038	0.971024
1039	0.971024
1040	0.971024
1041	0.971024
1042	0.971024
1043	0.971024
1044	0.971024
1045	0.971024
1046	0.971024
1047	0.971024
1048	0.971024
1049	0.971024
1050	0.971024
1051	0.971024
1052	0.971024
1053	0.971024
1054	0.971024
1055	0.971024
1056	0.971024
1057	0.971024
1058	0.971024
1059	0.971024
1060	0.971024
1061	0.971024
1062	0.971024
1063	0.971024
1064	0.971024
1065	0.971024
1066	0.971024
1067	0.971024
1068	0.971024
1069	0.971024
1070	0.971024
1071	0.971024
1072	0.971024
1073	0.971024
1074	0.971024
1075	0.971024
1076	0.971024
1077	0.971024
1078	0.971024
1079	0.971024
1080	0.971024
1081	0.971024
1082	0.971024
1083	0.971024
1084	0.971024
1085	0.971024
1086	0.971024
1087	0.971024
1088	0.971024
1089	0.971024
1090	0.971024
1091	0.971024
1092	0.971024
1093	0.971024
1094	0.971024
1095	0.971024
1096	0.971024
1097	0.971024
1098	0.971024
1099	0.971024
1100	0.971024
1101	0.971024
1102	0.971024
1103	0.971024
1104	0.971024
1105	0.971024
1106	0.971024
1107	0.971024
1108	0.971024
1109	0.971024
1110	0.971024
1111	0.971024
1112	0.971024
1113	0.971024
1114	0.971024
1115	0.971024
1116	0.971024
1117	0.971024
1118	0.971024
1119	0.971024
1120	0.971024
1121	0.971024
1122	0.971024
1123	0.971024
1124	0.971024
1125	0.971024
1126	0.971024
1127	0.971024
1128	0.971024
1129	0.971024
1130	0.971024
1131	0.971024
1132	0.971024
1133	0.971024
1134	0.971024
1135	0.971024
1136	0.971024
1137	0.971024
1138	0.971024
1139	0.971024
1140	0.971024
1141	0.971024
1142	0.971024
1143	0.971024
1144	0.971024
1145	0.971024
1146	0.971024
1147	0.971024
1148	0.971024
1149	0.971024
1150	0.971024
1151	0.971024
1152	0.971024
1153	0.971024
1154	0.971024
1155	0.971024
1156	0.971024
1157	0.971024
1158	0.971024
1159	0.971024
1160	0.971024
1161	0.971024
1162	0.971024
1163	0.971024
1164	0.971024
1165	0.971024
1166	0.971024
1167	0.971024
1168	0.971024
1169	0.971024
1170	0.971024
1171	0.971024
1172	0.971024
1173	0.971024
1174	0.971024
1175	0.971024
1176	0.971024
1177	0.971024
1178	0.971024
1179	0.971024
1180	0.971024
1181	0.971024
1182	0.971024
1183	0.971024
1184	0.971024
1185	0.971024
1186	0.971024
1187	0.971024
1188	0.971024
1189	0.971024
1190	0.971024
1191	0.971024
1192	0.971024
1193	0.971024
1194	0.971024
1195	0.971024
1196	0.971024
1197	0.971024
1198	0.971024
1199	0.971024
1200	0.971024
1201	0.971024
1202	0.971024
1203	0.971024
1204	0.971024
1205	0.971024
1206	0.971024
1207	0.971024
1208	0.971024
1209	0.971024
1210	0.971024
1211	0.971024
1212	0.971024
1213	0.971024
1214	0.971024
1215	0.971024
1216	0.971024
1217	0.971024
1218	0.971024
1219	0.971024
1220	0.971024
1221	0.971024
1222	0.971024
1223	0.971024
1224	0.971024
1225	0.971024
1226	0.971024
1227	0.971024
1228	0.971024
1229	0.971024
1230	0.971024
1231	0.971024
1232	0.971024
1233	0.971024
1234	0.971024
1235	0.971024
1236	0.971024
1237	0.971024
1238	0.971024
1239	0.971024
1240	0.971024
1241	0.971024
1242	0.971024
1243	0.971024
1244	0.971024
1245	0.971024
1246	0.971024
1247	0.971024
1248	0.971024
1249	0.971024
1250	0.971024
1251	0.971024
1252	0.971024
1253	0.971024
1254	0.971024
1255	0.971024
1256	0.971024
1257	0.971024
1258	0.971024
1259	0.971024
1260	0.971024
1261	0.971024
1262	0.971024
1263	0.971024
1264	0.971024
1265	0.971024
1266	0.971024
1267	0.971024
1268	0.971024
1269	0.971024
1270	0.971024
1271	0.971024
1272	0.971024
1273	0.971024
1274	0.971024
1275	0.971024
1276	0.971024
1277	0.971024
1278	0.971024
1279	0.971024
1280	0.971024
1281	0.971024
1282	0.971024
1283	0.971024
1284	0.971024
1285	0.971024
1286	0.971024
1287	0.971024
1288	0.971024
1289	0.971024
1290	0.971024
1291	0.971024
1292	0.971024
1293	0.971024
1294	0.971024
1295	0.971024
1296	0.971024
1297	0.971024
1298	0.971024
1299	0.971024
1300	0.971024
1301	0.971024
1302	0.971024
1303	0.971024
1304	0.971024
1305	0.971024
1306	0.971024
1307	0.971024
1308	0.971024
1309	0.971024
1310	0.971024
1311	0.971024
1312	0.971024
1313	0.971024
1314	0.971024
1315	0.971024
1316	0.971024
1317	0.971024
1318	0.971024
1319	0.971024
1320	0.971024
1321	0.971024
1322	0.971024
1323	0.971024
1324	0.971024
1325	0.971024
1326	0.971024
1327	0.971024
1328	0.971024
1329	0.971024
1330	0.971024
1331	0.971024
1332	0.971024
1333	0.971024
1334	0.971024
1335	0.971024
1336	0.971024
1337	0.971024
1338	0.971024
1339	0.971024
1340	0.971024
1341	0.971024
1342	0.971024
1343	0.971024
1344	0.971024
1345	0.971024
1346	0.971024
1347	0.971024
1348	0.971024
1349	0.971024
1350	0.971024
1351	0.971024
1352	0.971024
1353	0.971024
1354	0.971024
1355	0.971024
1356	0.971024
1357	0.971024
1358	0.971024
1359	0.971024
1360	0.971024
1361	0.971024
1362	0.971024
1363	0.971024
1364	0.971024
1365	0.971024
1366	0.971024
1367	0.971024
1368	0.971024
1369	0.971024
1370	0.971024
1371	0.971024
1372	0.971024
1373	0.971024
1374	0.971024
1375	0.971024
1376	0.971024
1377	0.971024
1378	0.971024
1379	0.971024
1380	0.971024
1381	0.971024
1382	0.971024
1383	0.971024
1384	0.971024
1385	0.971024
1386	0.971024
1387	0.971024
1388	0.971024
1389	0.971024
1390	0.971024
1391	0.971024
1392	0.971024
1393	0.971024
1394	0.971024
1395	0.971024
1396	0.971024
1397	0.971024
1398	0.971024
1399	0.971024
1400	0.971024
1401	0.971024
1402	0.971024
1403	0.971024
1404	0.971024
1405	0.971024
1406	0.971024
1407	0.971024
1408	0.971024
1409	0.971024
1410	0.971024
1411	0.971024
1412	0.971024
1413	0.971024
1414	0.971024
1415	0.971024
1416	0.971024
1417	0.971024
1418	0.971024
1419	0.971024
1420	0.971024
1421	0.971024
1422	0.971024
1423	0.971024
1424	0.971024
1425	0.971024
1426	0.971024
1427	0.971024
1428	0.971024
1429	0.971024
1430	0.971024
1431	0.971024
1432	0.971024
1433	0.971024
1434	0.971024
1435	0.971024
1436	0.971024
1437	0.971024
1438	0.971024
1439	0.971024
1440	0.971024
1441	0.971024
1442	0.971024
1443	0.971024
1444	0.971024
1445	0.971024
1446	0.971024
1447	0.971024
1448	0.971024
1449	0.971024
1450	0.971024
1451	0.971024
1452	0.971024
1453	0.971024
1454	0.971024
1455	0.971024
1456	0.971024
1457	0.971024
1458	0.971024
1459	0.971024
1460	0.971024
1461	0.971024
1462	0.971024
1463	0.971024
1464	0.971024
1465	0.971024
1466	0.971024
1467	0.971024
1468	0.971024
1469	0.971024
1470	0.971024
1471	0.971024
1472	0.971024
1473	0.971024
1474	0.971024
1475	0.971024
1476	0.971024
1477	0.971024
1478	0.971024
1479	0.971024
1480	0.971024
1481	0.971024
1482	0.971024
1483	0.971024
1484	0.971024
1485	0.971024
1486	0.971024
1487	0.971024
1488	0.971024
1489	0.971024
1490	0.971024
1491	0.971024
1492	0.971024
1493	0.971024
1494	0.971024
1495	0.971024
1496	0.971024
1497	0.971024
1498	0.971024
1499	0.971024
1500	0.971024
1501	0.971024
1502	0.971024
1503	0.971024
1504	0.971024
1505	0.971024
1506	0.971024
1507	0.971024
1508	0.971024
1509	0.971024
1510	0.971024
1511	0.971024
1512	0.971024
1513	0.971024
1514	0.971024
1515	0.971024
1516	0.971024
1517	0.971024
1518	0.971024
1519	0.971024
1520	0.971024
1521	0.971024
1522	0.971024
1523	0.971024
1524	0.971024
1525	0.971024
1526	0.971024
1527	0.971024
1528	0.971024
1529	0.971024
1530	0.972634
1531	0.972634
1532	0.972634
1533	0.972634
1534	0.972634
1535	0.972634
1536	0.972634
1537	0.972634
1538	0.972634
1539	0.972634
1540	0.972634
1541	0.972634
1542	0.972634
1543	0.972634
1544	0.972634
1545	0.972634
1546	0.972634
1547	0.972634
1548	0.972634
1549	0.972634
1550	0.972634
1551	0.972634
1552	0.972634
1553	0.972634
1554	0.972634
1555	0.972634
1556	0.972634
1557	0.972634
1558	0.972634
1559	0.972634
1560	0.972634
1561	0.972634
1562	0.972634
1563	0.972634
1564	0.972634
1565	0.972634
1566	0.972634
1567	0.972634
1568	0.972634
1569	0.972634
1570	0.972634
1571	0.972634
1572	0.972634
1573	0.972634
1574	0.972634
1575	0.972634
1576	0.972634
1577	0.972634
1578	0.972634
1579	0.972634
1580	0.972634
1581	0.972634
1582	0.972634
1583	0.972634
1584	0.972634
1585	0.972634
1586	0.972634
1587	0.972634
1588	0.972634
1589	0.972634
1590	0.972634
1591	0.972634
1592	0.972634
1593	0.972634
1594	0.972634
1595	0.972634
1596	0.972634
1597	0.972634
1598	0.972634
1599	0.972634
1600	0.972634
1601	0.972634
1602	0.972634
1603	0.972634
1604	0.972634
1605	0.972634
1606	0.972634
1607	0.972634
1608	0.972634
1609	0.972634
1610	0.972634
1611	0.972634
1612	0.972634
1613	0.972634
1614	0.972634
1615	0.972634
1616	0.972634
1617	0.972634
1618	0.972634
1619	0.972634
1620	0.972634
1621	0.972634
1622	0.972634
1623	0.972634
1624	0.972634
1625	0.972634
1626	0.972634
1627	0.972634
1628	0.972634
1629	0.972634
1630	0.972634
1631	0.972634
1632	0.972634
1633	0.972634
1634	0.972634
1635	0.972634
1636	0.972634
1637	0.972634
1638	0.972634
1639	0.972634
1640	0.972634
1641	0.972634
1642	0.972634
1643	0.972634
1644	0.972634
1645	0.972634
1646	0.972634
1647	0.972634
1648	0.972634
1649	0.972634
1650	0.972634
1651	0.972634
1652	0.972634
1653	0.972634
1654	0.972634
1655	0.972634
1656	0.972634
1657	0.972634
1658	0.972634
1659	0.972634
1660	0.972634
1661	0.972634
1662	0.972634
1663	0.972634
1664	0.972634
1665	0.972634
1666	0.972634
1667	0.972634
1668	0.972634
1669	0.972634
1670	0.972634
1671	0.972634
1672	0.972634
1673	0.972634
1674	0.972634
1675	0.972634
1676	0.972634
1677	0.972634
1678	0.972634
1679	0.972634
1680	0.972634
1681	0.972634
1682	0.972634
1683	0.972634
1684	0.972634
1685	0.972634
1686	0.972634
1687	0.972634
1688	0.972634
1689	0.972634
1690	0.972634
1691	0.972634
1692	0.972634
1693	0.972634
1694	0.972634
1695	0.972634
1696	0.972634
1697	0.972634
1698	0.972634
1699	0.972634
1700	0.972634
1701	0.972634
1702	0.972634
1703	0.972634
1704	0.972634
1705	0.972634
1706	0.972634
1707	0.972634
1708	0.972634
1709	0.972634
1710	0.972634
1711	0.972634
1712	0.972634
1713	0.972634
1714	0.972634
1715	0.972634
1716	0.972634
1717	0.972634
1718	0.972634
1719	0.972634
1720	0.972634
1721	0.972634
1722	0.972634
1723	0.972634
1724	0.972634
1725	0.972634
1726	0.972634
1727	0.972634
1728	0.972634
1729	0.972634
1730	0.972634
1731	0.972634
1732	0.972634
1733	0.972634
1734	0.972634
1735	0.972634
1736	0.972634
1737	0.972634
1738	0.972634
1739	0.972634
1740	0.972634
1741	0.972634
1742	0.972634
1743	0.972634
1744	0.972634
1745	0.972634
1746	0.972634
1747	0.972634
1748	0.972634
1749	0.972634
1750	0.972634
1751	0.972634
1752	0.972634
1753	0.972634
1754	0.972634
1755	0.972634
1756	0.972634
1757	0.972634
1758	0.972634
1759	0.972634
1760	0.972634
1761	0.972634
1762	0.972634
1763	0.972634
1764	0.972634
1765	0.972634
1766	0.972634
1767	0.972634
1768	0.972634
1769	0.972634
1770	0.972634
1771	0.972634
1772	0.972634
1773	0.972634
1774	0.972634
1775	0.972634
1776	0.972634
1777	0.972634
1778	0.972634
1779	0.972634
1780	0.972634
1781	0.972634
1782	0.972634
1783	0.972634
1784	0.972634
1785	0.972634
1786	0.972634
1787	0.972634
1788	0.972634
1789	0.972634
1790	0.972634
1791	0.972634
1792	0.972634
1793	0.972634
1794	0.972634
1795	0.972634
1796	0.972634
1797	0.972634
1798	0.972634
1799	0.972634
1800	0.972634
1801	0.972634
1802	0.972634
1803	0.972634
1804	0.972634
1805	0.972634
1806	0.972634
1807	0.972634
1808	0.972634
1809	0.972634
1810	0.972634
1811	0.972634
1812	0.972634
1813	0.972634
1814	0.972634
1815	0.972634
1816	0.972634
1817	0.972634
1818	0.972634
1819	0.972634
1820	0.972634
1821	0.972634
1822	0.972634
1823	0.972634
1824	0.972634
1825	0.972634
1826	0.972634
1827	0.972634
1828	0.972634
1829	0.972634
1830	0.972634
1831	0.972634
1832	0.972634
1833	0.972634
1834	0.972634
1835	0.972634
1836	0.972634
1837	0.972634
1838	0.972634
1839	0.972634
1840	0.972634
1841	0.972634
1842	0.972634
1843	0.972634
1844	0.972634
1845	0.972634
1846	0.972634
1847	0.972634
1848	0.972634
1849	0.972634
1850	0.972634
1851	0.972634
1852	0.972634
1853	0.972634
1854	0.972634
1855	0.972634
1856	0.972634
1857	0.972634
1858	0.972634
1859	0.972634
1860	0.972634
1861	0.972634
1862	0.972634
1863	0.972634
1864	0.972634
1865	0.972634
1866	0.972634
1867	0.972634
1868	0.972634
1869	0.972634
1870	0.972634
1871	0.972634
1872	0.972634
1873	0.972634
1874	0.972634
1875	0.972634
1876	0.972634
1877	0.972634
1878	0.972634
1879	0.972634
1880	0.972634
1881	0.972634
1882	0.972634
1883	0.972634
1884	0.972634
1885	0.972634
1886	0.972634
1887	0.972634
1888	0.972634
1889	0.972634
1890	0.972634
1891	0.972634
1892	0.972634
1893	0.972634
1894	0.972634
1895	0.972634
1896	0.972634
1897	0.972634
1898	0.972634
1899	0.972634
1900	0.972634
1901	0.972634
1902	0.972634
1903	0.972634
1904	0.972634
1905	0.972634
1906	0.972634
1907	0.972634
1908	0.972634
1909	0.972634
1910	0.972634
1911	0.972634
1912	0.972634
1913	0.972634
1914	0.972634
1915	0.975854
1916	0.975854
1917	0.975854
1918	0.975854
1919	0.975854
1920	0.975854
1921	0.975854
1922	0.975854
1923	0.975854
1924	0.975854
1925	0.975854
1926	0.975854
1927	0.975854
1928	0.975854
1929	0.975854
1930	0.975854
1931	0.975854
1932	0.983902
1933	0.983902
1934	0.983902
1935	0.983902
1936	0.983902
1937	0.983902
1938	0.983902
1939	0.983902
1940	0.983902
1941	0.985512
1942	0.985512
1943	0.985512
1944	0.985512
1945	0.985512
1946	0.985512
1947	0.985512
1948	0.985512
1949	0.985512
1950	0.985512
1951	0.985512
1952	0.985512
1953	0.985512
1954	0.985512
1955	0.985512
1956	0.985512
1957	0.985512
1958	0.990341
1959	0.990341
1960	0.990341
1961	0.990341
1962	0.990341
1963	0.990341
1964	0.990341
1965	0.990341
1966	0.990341
1967	0.990341
1968	0.990341
1969	0.990341
1970	0.990341
1971	0.990341
1972	0.990341
1973	0.990341
1974	1
## No. organisms: 20
## Seeds        : 1475303697, 10089
## Runtime      : 0h 5m 59s.
## Started at   : Sun Oct 20 23:54:57 2019
## Ended at     : Mon Oct 21 00:00:56 2019
