1	0.551415
2	0.574098
3	0.577317
4	0.591805
5	0.629024
6	0.641756
7	0.641756
8	0.676293
9	0.697366
10	0.705317
11	0.723024
12	0.731073
13	0.73922
14	0.742439
15	0.742439
16	0.745659
17	0.745659
18	0.745659
19	0.745659
20	0.745659
21	0.745659
22	0.745659
23	0.745659
24	0.752098
25	0.752098
26	0.752098
27	0.752098
28	0.752098
29	0.752098
30	0.753707
31	0.753707
32	0.753707
33	0.753707
34	0.753707
35	0.753707
36	0.787512
37	0.79878
38	0.79878
39	0.79878
40	0.79878
41	0.79878
42	0.79878
43	0.79878
44	0.79878
45	0.79878
46	0.79878
47	0.79878
48	0.79878
49	0.79878
50	0.79878
51	0.79878
52	0.79878
53	0.79878
54	0.79878
55	0.79878
56	0.79878
57	0.79878
58	0.79878
59	0.79878
60	0.79878
61	0.79878
62	0.79878
63	0.79878
64	0.80522
65	0.80522
66	0.80522
67	0.80522
68	0.824537
69	0.824537
70	0.824537
71	0.826146
72	0.837415
73	0.837415
74	0.837415
75	0.837415
76	0.837415
77	0.837415
78	0.837415
79	0.837415
80	0.837415
81	0.837415
82	0.837415
83	0.837415
84	0.837415
85	0.837415
86	0.837415
87	0.837415
88	0.837415
89	0.837415
90	0.837415
91	0.837415
92	0.837415
93	0.837415
94	0.837415
95	0.837415
96	0.837415
97	0.837415
98	0.837415
99	0.837415
100	0.837415
101	0.837415
102	0.837415
103	0.837415
104	0.837415
105	0.837415
106	0.837415
107	0.837415
108	0.837415
109	0.837415
110	0.837415
111	0.837415
112	0.837415
113	0.837415
114	0.837415
115	0.837415
116	0.837415
117	0.837415
118	0.837415
119	0.837415
120	0.837415
121	0.837415
122	0.837415
123	0.837415
124	0.837415
125	0.837415
126	0.837415
127	0.837415
128	0.837415
129	0.837415
130	0.837415
131	0.837415
132	0.837415
133	0.837415
134	0.837415
135	0.837415
136	0.837415
137	0.837415
138	0.837415
139	0.837415
140	0.837415
141	0.837415
142	0.837415
143	0.837415
144	0.837415
145	0.837415
146	0.837415
147	0.837415
148	0.837415
149	0.837415
150	0.837415
151	0.837415
152	0.837415
153	0.837415
154	0.837415
155	0.837415
156	0.837415
157	0.837415
158	0.837415
159	0.837415
160	0.837415
161	0.837415
162	0.837415
163	0.837415
164	0.837415
165	0.837415
166	0.837415
167	0.837415
168	0.837415
169	0.837415
170	0.837415
171	0.837415
172	0.837415
173	0.837415
174	0.837415
175	0.837415
176	0.837415
177	0.837415
178	0.837415
179	0.837415
180	0.837415
181	0.837415
182	0.837415
183	0.837415
184	0.837415
185	0.837415
186	0.837415
187	0.837415
188	0.837415
189	0.837415
190	0.837415
191	0.837415
192	0.837415
193	0.837415
194	0.837415
195	0.837415
196	0.837415
197	0.837415
198	0.837415
199	0.837415
200	0.837415
201	0.837415
202	0.837415
203	0.837415
204	0.837415
205	0.837415
206	0.837415
207	0.837415
208	0.837415
209	0.837415
210	0.837415
211	0.837415
212	0.837415
213	0.837415
214	0.837415
215	0.837415
216	0.837415
217	0.837415
218	0.837415
219	0.837415
220	0.837415
221	0.837415
222	0.837415
223	0.837415
224	0.837415
225	0.837415
226	0.837415
227	0.837415
228	0.837415
229	0.837415
230	0.837415
231	0.837415
232	0.837415
233	0.837415
234	0.837415
235	0.837415
236	0.837415
237	0.837415
238	0.837415
239	0.837415
240	0.837415
241	0.837415
242	0.837415
243	0.837415
244	0.837415
245	0.837415
246	0.837415
247	0.837415
248	0.837415
249	0.837415
250	0.837415
251	0.837415
252	0.837415
253	0.837415
254	0.837415
255	0.837415
256	0.837415
257	0.837415
258	0.837415
259	0.837415
260	0.837415
261	0.837415
262	0.837415
263	0.837415
264	0.837415
265	0.837415
266	0.837415
267	0.837415
268	0.837415
269	0.837415
270	0.837415
271	0.837415
272	0.837415
273	0.837415
274	0.837415
275	0.837415
276	0.837415
277	0.837415
278	0.837415
279	0.837415
280	0.837415
281	0.837415
282	0.837415
283	0.837415
284	0.837415
285	0.837415
286	0.837415
287	0.837415
288	0.837415
289	0.837415
290	0.837415
291	0.837415
292	0.837415
293	0.837415
294	0.837415
295	0.837415
296	0.837415
297	0.837415
298	0.837415
299	0.837415
300	0.837415
301	0.837415
302	0.837415
303	0.837415
304	0.837415
305	0.837415
306	0.837415
307	0.837415
308	0.837415
309	0.837415
310	0.837415
311	0.837415
312	0.837415
313	0.837415
314	0.837415
315	0.837415
316	0.837415
317	0.837415
318	0.837415
319	0.837415
320	0.837415
321	0.837415
322	0.837415
323	0.837415
324	0.837415
325	0.837415
326	0.837415
327	0.837415
328	0.837415
329	0.837415
330	0.837415
331	0.837415
332	0.837415
333	0.837415
334	0.837415
335	0.837415
336	0.837415
337	0.837415
338	0.837415
339	0.837415
340	0.837415
341	0.837415
342	0.837415
343	0.837415
344	0.837415
345	0.837415
346	0.837415
347	0.837415
348	0.837415
349	0.837415
350	0.837415
351	0.837415
352	0.837415
353	0.837415
354	0.837415
355	0.837415
356	0.837415
357	0.837415
358	0.837415
359	0.837415
360	0.837415
361	0.837415
362	0.837415
363	0.837415
364	0.837415
365	0.837415
366	0.837415
367	0.837415
368	0.837415
369	0.837415
370	0.837415
371	0.837415
372	0.837415
373	0.837415
374	0.837415
375	0.837415
376	0.837415
377	0.837415
378	0.837415
379	0.837415
380	0.837415
381	0.837415
382	0.837415
383	0.837415
384	0.837415
385	0.837415
386	0.837415
387	0.837415
388	0.837415
389	0.837415
390	0.837415
391	0.837415
392	0.837415
393	0.837415
394	0.837415
395	0.837415
396	0.837415
397	0.837415
398	0.837415
399	0.837415
400	0.837415
401	0.837415
402	0.837415
403	0.837415
404	0.837415
405	0.837415
406	0.837415
407	0.837415
408	0.837415
409	0.837415
410	0.837415
411	0.837415
412	0.843854
413	0.847073
414	0.847073
415	0.847073
416	0.847073
417	0.847073
418	0.847073
419	0.847073
420	0.847073
421	0.847073
422	0.847073
423	0.847073
424	0.847073
425	0.847073
426	0.847073
427	0.847073
428	0.847073
429	0.847073
430	0.847073
431	0.847073
432	0.847073
433	0.847073
434	0.847073
435	0.847073
436	0.847073
437	0.847073
438	0.847073
439	0.847073
440	0.847073
441	0.847073
442	0.847073
443	0.847073
444	0.847073
445	0.847073
446	0.847073
447	0.847073
448	0.847073
449	0.847073
450	0.847073
451	0.847073
452	0.847073
453	0.847073
454	0.847073
455	0.847073
456	0.847073
457	0.847073
458	0.847073
459	0.847073
460	0.847073
461	0.847073
462	0.847073
463	0.847073
464	0.847073
465	0.847073
466	0.847073
467	0.847073
468	0.847073
469	0.847073
470	0.847073
471	0.847073
472	0.847073
473	0.847073
474	0.847073
475	0.847073
476	0.847073
477	0.847073
478	0.847073
479	0.847073
480	0.847073
481	0.847073
482	0.847073
483	0.847073
484	0.847073
485	0.847073
486	0.847073
487	0.847073
488	0.847073
489	0.847073
490	0.847073
491	0.847073
492	0.847073
493	0.847073
494	0.847073
495	0.847073
496	0.847073
497	0.847073
498	0.847073
499	0.847073
500	0.847073
501	0.847073
502	0.847073
503	0.847073
504	0.847073
505	0.847073
506	0.847073
507	0.847073
508	0.847073
509	0.847073
510	0.847073
511	0.847073
512	0.847073
513	0.847073
514	0.847073
515	0.847073
516	0.847073
517	0.847073
518	0.847073
519	0.847073
520	0.847073
521	0.847073
522	0.847073
523	0.847073
524	0.847073
525	0.847073
526	0.847073
527	0.847073
528	0.847073
529	0.847073
530	0.847073
531	0.847073
532	0.847073
533	0.847073
534	0.847073
535	0.847073
536	0.847073
537	0.847073
538	0.847073
539	0.847073
540	0.847073
541	0.847073
542	0.847073
543	0.847073
544	0.847073
545	0.847073
546	0.847073
547	0.847073
548	0.847073
549	0.847073
550	0.847073
551	0.847073
552	0.847073
553	0.847073
554	0.847073
555	0.847073
556	0.847073
557	0.847073
558	0.847073
559	0.847073
560	0.847073
561	0.847073
562	0.847073
563	0.847073
564	0.847073
565	0.847073
566	0.847073
567	0.847073
568	0.847073
569	0.847073
570	0.847073
571	0.847073
572	0.847073
573	0.847073
574	0.847073
575	0.847073
576	0.847073
577	0.847073
578	0.847073
579	0.847073
580	0.847073
581	0.847073
582	0.847073
583	0.847073
584	0.847073
585	0.847073
586	0.847073
587	0.847073
588	0.847073
589	0.847073
590	0.847073
591	0.847073
592	0.847073
593	0.847073
594	0.847073
595	0.847073
596	0.847073
597	0.847073
598	0.847073
599	0.847073
600	0.847073
601	0.847073
602	0.847073
603	0.847073
604	0.847073
605	0.847073
606	0.847073
607	0.847073
608	0.847073
609	0.847073
610	0.847073
611	0.847073
612	0.847073
613	0.847073
614	0.847073
615	0.847073
616	0.848683
617	0.86478
618	0.86478
619	0.86478
620	0.87122
621	0.87122
622	0.87122
623	0.87122
624	0.87122
625	0.87122
626	0.87122
627	0.879268
628	0.879268
629	0.879268
630	0.879268
631	0.879268
632	0.879268
633	0.879268
634	0.879268
635	0.879268
636	0.879268
637	0.879268
638	0.879268
639	0.879268
640	0.879268
641	0.879268
642	0.879268
643	0.879268
644	0.879268
645	0.879268
646	0.879268
647	0.879268
648	0.879268
649	0.879268
650	0.879268
651	0.879268
652	0.879268
653	0.879268
654	0.879268
655	0.879268
656	0.879268
657	0.879268
658	0.879268
659	0.879268
660	0.879268
661	0.879268
662	0.879268
663	0.879268
664	0.879268
665	0.879268
666	0.879268
667	0.879268
668	0.879268
669	0.879268
670	0.879268
671	0.879268
672	0.879268
673	0.879268
674	0.879268
675	0.879268
676	0.879268
677	0.879268
678	0.879268
679	0.879268
680	0.879268
681	0.879268
682	0.879268
683	0.879268
684	0.879268
685	0.879268
686	0.879268
687	0.879268
688	0.879268
689	0.879268
690	0.879268
691	0.879268
692	0.879268
693	0.879268
694	0.879268
695	0.879268
696	0.879268
697	0.879268
698	0.879268
699	0.879268
700	0.879268
701	0.879268
702	0.879268
703	0.879268
704	0.879268
705	0.879268
706	0.879268
707	0.879268
708	0.879268
709	0.879268
710	0.879268
711	0.879268
712	0.879268
713	0.879268
714	0.879268
715	0.879268
716	0.879268
717	0.879268
718	0.879268
719	0.879268
720	0.879268
721	0.879268
722	0.879268
723	0.879268
724	0.879268
725	0.879268
726	0.879268
727	0.879268
728	0.879268
729	0.879268
730	0.879268
731	0.879268
732	0.879268
733	0.879268
734	0.879268
735	0.879268
736	0.879268
737	0.879268
738	0.879268
739	0.879268
740	0.879268
741	0.879268
742	0.879268
743	0.879268
744	0.879268
745	0.879268
746	0.879268
747	0.879268
748	0.879268
749	0.879268
750	0.879268
751	0.879268
752	0.879268
753	0.879268
754	0.879268
755	0.879268
756	0.879268
757	0.879268
758	0.879268
759	0.879268
760	0.879268
761	0.879268
762	0.879268
763	0.879268
764	0.879268
765	0.879268
766	0.879268
767	0.879268
768	0.879268
769	0.879268
770	0.879268
771	0.879268
772	0.879268
773	0.879268
774	0.879268
775	0.879268
776	0.879268
777	0.879268
778	0.879268
779	0.879268
780	0.879268
781	0.879268
782	0.879268
783	0.879268
784	0.879268
785	0.879268
786	0.879268
787	0.879268
788	0.879268
789	0.879268
790	0.879268
791	0.879268
792	0.879268
793	0.879268
794	0.879268
795	0.879268
796	0.879268
797	0.879268
798	0.879268
799	0.879268
800	0.879268
801	0.879268
802	0.879268
803	0.879268
804	0.879268
805	0.879268
806	0.879268
807	0.879268
808	0.879268
809	0.879268
810	0.879268
811	0.879268
812	0.879268
813	0.879268
814	0.879268
815	0.879268
816	0.879268
817	0.879268
818	0.879268
819	0.879268
820	0.879268
821	0.879268
822	0.879268
823	0.879268
824	0.879268
825	0.879268
826	0.879268
827	0.879268
828	0.879268
829	0.879268
830	0.879268
831	0.879268
832	0.879268
833	0.879268
834	0.879268
835	0.879268
836	0.879268
837	0.879268
838	0.879268
839	0.879268
840	0.879268
841	0.879268
842	0.879268
843	0.879268
844	0.879268
845	0.879268
846	0.879268
847	0.879268
848	0.879268
849	0.879268
850	0.879268
851	0.879268
852	0.879268
853	0.879268
854	0.879268
855	0.879268
856	0.879268
857	0.879268
858	0.879268
859	0.879268
860	0.879268
861	0.879268
862	0.879268
863	0.879268
864	0.879268
865	0.879268
866	0.879268
867	0.879268
868	0.879268
869	0.879268
870	0.879268
871	0.879268
872	0.879268
873	0.879268
874	0.879268
875	0.879268
876	0.879268
877	0.879268
878	0.879268
879	0.879268
880	0.879268
881	0.879268
882	0.879268
883	0.879268
884	0.879268
885	0.879268
886	0.879268
887	0.879268
888	0.879268
889	0.879268
890	0.879268
891	0.879268
892	0.879268
893	0.879268
894	0.879268
895	0.879268
896	0.879268
897	0.879268
898	0.879268
899	0.879268
900	0.879268
901	0.879268
902	0.879268
903	0.879268
904	0.879268
905	0.879268
906	0.879268
907	0.879268
908	0.879268
909	0.879268
910	0.879268
911	0.879268
912	0.879268
913	0.879268
914	0.879268
915	0.879268
916	0.879268
917	0.879268
918	0.879268
919	0.879268
920	0.879268
921	0.879268
922	0.879268
923	0.879268
924	0.879268
925	0.879268
926	0.879268
927	0.879268
928	0.879268
929	0.879268
930	0.879268
931	0.879268
932	0.879268
933	0.879268
934	0.879268
935	0.879268
936	0.879268
937	0.879268
938	0.879268
939	0.879268
940	0.879268
941	0.879268
942	0.879268
943	0.879268
944	0.879268
945	0.879268
946	0.879268
947	0.879268
948	0.879268
949	0.879268
950	0.879268
951	0.879268
952	0.879268
953	0.879268
954	0.879268
955	0.879268
956	0.879268
957	0.879268
958	0.879268
959	0.879268
960	0.879268
961	0.879268
962	0.879268
963	0.879268
964	0.879268
965	0.879268
966	0.879268
967	0.879268
968	0.879268
969	0.879268
970	0.879268
971	0.879268
972	0.879268
973	0.879268
974	0.879268
975	0.879268
976	0.879268
977	0.879268
978	0.879268
979	0.879268
980	0.879268
981	0.879268
982	0.879268
983	0.879268
984	0.879268
985	0.879268
986	0.879268
987	0.879268
988	0.879268
989	0.879268
990	0.879268
991	0.879268
992	0.879268
993	0.879268
994	0.879268
995	0.879268
996	0.879268
997	0.879268
998	0.879268
999	0.879268
1000	0.879268
1001	0.879268
1002	0.879268
1003	0.879268
1004	0.879268
1005	0.879268
1006	0.879268
1007	0.879268
1008	0.879268
1009	0.879268
1010	0.879268
1011	0.879268
1012	0.879268
1013	0.879268
1014	0.879268
1015	0.879268
1016	0.879268
1017	0.879268
1018	0.879268
1019	0.879268
1020	0.879268
1021	0.879268
1022	0.879268
1023	0.879268
1024	0.879268
1025	0.879268
1026	0.879268
1027	0.879268
1028	0.879268
1029	0.879268
1030	0.879268
1031	0.879268
1032	0.879268
1033	0.879268
1034	0.879268
1035	0.879268
1036	0.879268
1037	0.879268
1038	0.879268
1039	0.879268
1040	0.879268
1041	0.879268
1042	0.879268
1043	0.879268
1044	0.879268
1045	0.879268
1046	0.879268
1047	0.879268
1048	0.879268
1049	0.879268
1050	0.879268
1051	0.879268
1052	0.879268
1053	0.879268
1054	0.879268
1055	0.879268
1056	0.879268
1057	0.879268
1058	0.879268
1059	0.879268
1060	0.879268
1061	0.879268
1062	0.879268
1063	0.879268
1064	0.879268
1065	0.879268
1066	0.879268
1067	0.879268
1068	0.879268
1069	0.879268
1070	0.879268
1071	0.879268
1072	0.879268
1073	0.879268
1074	0.879268
1075	0.879268
1076	0.879268
1077	0.879268
1078	0.879268
1079	0.879268
1080	0.879268
1081	0.879268
1082	0.879268
1083	0.879268
1084	0.879268
1085	0.879268
1086	0.879268
1087	0.879268
1088	0.879268
1089	0.879268
1090	0.879268
1091	0.879268
1092	0.879268
1093	0.879268
1094	0.879268
1095	0.879268
1096	0.879268
1097	0.879268
1098	0.879268
1099	0.879268
1100	0.879268
1101	0.879268
1102	0.879268
1103	0.879268
1104	0.879268
1105	0.879268
1106	0.879268
1107	0.879268
1108	0.879268
1109	0.879268
1110	0.879268
1111	0.879268
1112	0.879268
1113	0.879268
1114	0.879268
1115	0.879268
1116	0.879268
1117	0.879268
1118	0.879268
1119	0.879268
1120	0.879268
1121	0.879268
1122	0.879268
1123	0.879268
1124	0.879268
1125	0.879268
1126	0.879268
1127	0.879268
1128	0.879268
1129	0.879268
1130	0.879268
1131	0.879268
1132	0.879268
1133	0.879268
1134	0.879268
1135	0.879268
1136	0.879268
1137	0.879268
1138	0.879268
1139	0.879268
1140	0.879268
1141	0.879268
1142	0.879268
1143	0.879268
1144	0.879268
1145	0.879268
1146	0.879268
1147	0.879268
1148	0.879268
1149	0.879268
1150	0.879268
1151	0.879268
1152	0.879268
1153	0.879268
1154	0.879268
1155	0.879268
1156	0.879268
1157	0.879268
1158	0.879268
1159	0.879268
1160	0.879268
1161	0.879268
1162	0.879268
1163	0.879268
1164	0.879268
1165	0.879268
1166	0.879268
1167	0.879268
1168	0.879268
1169	0.879268
1170	0.879268
1171	0.879268
1172	0.879268
1173	0.879268
1174	0.879268
1175	0.879268
1176	0.879268
1177	0.879268
1178	0.879268
1179	0.879268
1180	0.879268
1181	0.879268
1182	0.879268
1183	0.879268
1184	0.879268
1185	0.879268
1186	0.879268
1187	0.879268
1188	0.879268
1189	0.879268
1190	0.879268
1191	0.879268
1192	0.879268
1193	0.879268
1194	0.879268
1195	0.879268
1196	0.879268
1197	0.879268
1198	0.879268
1199	0.879268
1200	0.879268
1201	0.879268
1202	0.879268
1203	0.879268
1204	0.879268
1205	0.879268
1206	0.879268
1207	0.879268
1208	0.879268
1209	0.879268
1210	0.879268
1211	0.879268
1212	0.879268
1213	0.879268
1214	0.879268
1215	0.879268
1216	0.879268
1217	0.879268
1218	0.879268
1219	0.879268
1220	0.879268
1221	0.879268
1222	0.879268
1223	0.879268
1224	0.879268
1225	0.879268
1226	0.879268
1227	0.879268
1228	0.879268
1229	0.879268
1230	0.879268
1231	0.879268
1232	0.879268
1233	0.879268
1234	0.879268
1235	0.879268
1236	0.879268
1237	0.879268
1238	0.879268
1239	0.879268
1240	0.879268
1241	0.879268
1242	0.879268
1243	0.879268
1244	0.879268
1245	0.879268
1246	0.879268
1247	0.879268
1248	0.879268
1249	0.879268
1250	0.879268
1251	0.879268
1252	0.879268
1253	0.879268
1254	0.879268
1255	0.879268
1256	0.879268
1257	0.879268
1258	0.879268
1259	0.879268
1260	0.879268
1261	0.879268
1262	0.879268
1263	0.879268
1264	0.879268
1265	0.879268
1266	0.879268
1267	0.879268
1268	0.879268
1269	0.879268
1270	0.879268
1271	0.879268
1272	0.879268
1273	0.879268
1274	0.879268
1275	0.879268
1276	0.879268
1277	0.879268
1278	0.879268
1279	0.879268
1280	0.879268
1281	0.879268
1282	0.879268
1283	0.879268
1284	0.879268
1285	0.879268
1286	0.879268
1287	0.879268
1288	0.879268
1289	0.879268
1290	0.879268
1291	0.879268
1292	0.879268
1293	0.879268
1294	0.879268
1295	0.879268
1296	0.879268
1297	0.879268
1298	0.879268
1299	0.879268
1300	0.879268
1301	0.879268
1302	0.879268
1303	0.879268
1304	0.879268
1305	0.879268
1306	0.879268
1307	0.879268
1308	0.879268
1309	0.879268
1310	0.879268
1311	0.879268
1312	0.879268
1313	0.879268
1314	0.879268
1315	0.879268
1316	0.879268
1317	0.879268
1318	0.879268
1319	0.879268
1320	0.879268
1321	0.879268
1322	0.879268
1323	0.879268
1324	0.879268
1325	0.879268
1326	0.879268
1327	0.879268
1328	0.879268
1329	0.879268
1330	0.879268
1331	0.879268
1332	0.879268
1333	0.879268
1334	0.879268
1335	0.879268
1336	0.879268
1337	0.879268
1338	0.879268
1339	0.879268
1340	0.879268
1341	0.879268
1342	0.879268
1343	0.879268
1344	0.879268
1345	0.879268
1346	0.879268
1347	0.879268
1348	0.879268
1349	0.879268
1350	0.879268
1351	0.879268
1352	0.879268
1353	0.879268
1354	0.879268
1355	0.879268
1356	0.879268
1357	0.879268
1358	0.879268
1359	0.879268
1360	0.888927
1361	0.888927
1362	0.888927
1363	0.888927
1364	0.888927
1365	0.888927
1366	0.888927
1367	0.888927
1368	0.888927
1369	0.888927
1370	0.888927
1371	0.888927
1372	0.888927
1373	0.888927
1374	0.888927
1375	0.888927
1376	0.888927
1377	0.888927
1378	0.888927
1379	0.888927
1380	0.888927
1381	0.888927
1382	0.888927
1383	0.888927
1384	0.888927
1385	0.888927
1386	0.888927
1387	0.888927
1388	0.888927
1389	0.888927
1390	0.888927
1391	0.888927
1392	0.888927
1393	0.888927
1394	0.888927
1395	0.888927
1396	0.888927
1397	0.888927
1398	0.888927
1399	0.888927
1400	0.888927
1401	0.888927
1402	0.888927
1403	0.888927
1404	0.888927
1405	0.888927
1406	0.888927
1407	0.888927
1408	0.888927
1409	0.888927
1410	0.888927
1411	0.888927
1412	0.888927
1413	0.888927
1414	0.888927
1415	0.888927
1416	0.888927
1417	0.888927
1418	0.888927
1419	0.888927
1420	0.888927
1421	0.888927
1422	0.888927
1423	0.888927
1424	0.888927
1425	0.888927
1426	0.888927
1427	0.888927
1428	0.888927
1429	0.888927
1430	0.888927
1431	0.888927
1432	0.888927
1433	0.888927
1434	0.888927
1435	0.888927
1436	0.888927
1437	0.888927
1438	0.888927
1439	0.888927
1440	0.888927
1441	0.888927
1442	0.888927
1443	0.888927
1444	0.888927
1445	0.888927
1446	0.888927
1447	0.888927
1448	0.888927
1449	0.888927
1450	0.888927
1451	0.888927
1452	0.888927
1453	0.888927
1454	0.888927
1455	0.888927
1456	0.888927
1457	0.888927
1458	0.888927
1459	0.888927
1460	0.888927
1461	0.888927
1462	0.888927
1463	0.888927
1464	0.888927
1465	0.888927
1466	0.888927
1467	0.888927
1468	0.888927
1469	0.888927
1470	0.888927
1471	0.888927
1472	0.888927
1473	0.888927
1474	0.888927
1475	0.888927
1476	0.888927
1477	0.888927
1478	0.888927
1479	0.888927
1480	0.888927
1481	0.888927
1482	0.888927
1483	0.888927
1484	0.888927
1485	0.888927
1486	0.888927
1487	0.888927
1488	0.888927
1489	0.888927
1490	0.888927
1491	0.888927
1492	0.888927
1493	0.888927
1494	0.888927
1495	0.888927
1496	0.888927
1497	0.888927
1498	0.888927
1499	0.888927
1500	0.888927
1501	0.888927
1502	0.888927
1503	0.888927
1504	0.888927
1505	0.888927
1506	0.888927
1507	0.888927
1508	0.888927
1509	0.888927
1510	0.888927
1511	0.888927
1512	0.888927
1513	0.888927
1514	0.888927
1515	0.888927
1516	0.888927
1517	0.888927
1518	0.888927
1519	0.888927
1520	0.888927
1521	0.888927
1522	0.888927
1523	0.888927
1524	0.888927
1525	0.888927
1526	0.888927
1527	0.888927
1528	0.888927
1529	0.888927
1530	0.888927
1531	0.888927
1532	0.888927
1533	0.888927
1534	0.888927
1535	0.888927
1536	0.888927
1537	0.888927
1538	0.888927
1539	0.888927
1540	0.888927
1541	0.888927
1542	0.888927
1543	0.888927
1544	0.888927
1545	0.888927
1546	0.888927
1547	0.888927
1548	0.888927
1549	0.888927
1550	0.888927
1551	0.888927
1552	0.888927
1553	0.888927
1554	0.888927
1555	0.888927
1556	0.888927
1557	0.888927
1558	0.888927
1559	0.888927
1560	0.888927
1561	0.888927
1562	0.888927
1563	0.888927
1564	0.888927
1565	0.888927
1566	0.888927
1567	0.888927
1568	0.888927
1569	0.888927
1570	0.888927
1571	0.888927
1572	0.888927
1573	0.888927
1574	0.888927
1575	0.888927
1576	0.888927
1577	0.888927
1578	0.888927
1579	0.888927
1580	0.888927
1581	0.888927
1582	0.888927
1583	0.888927
1584	0.888927
1585	0.888927
1586	0.888927
1587	0.888927
1588	0.888927
1589	0.888927
1590	0.888927
1591	0.888927
1592	0.888927
1593	0.888927
1594	0.888927
1595	0.888927
1596	0.888927
1597	0.888927
1598	0.888927
1599	0.888927
1600	0.888927
1601	0.888927
1602	0.888927
1603	0.888927
1604	0.888927
1605	0.888927
1606	0.888927
1607	0.888927
1608	0.888927
1609	0.888927
1610	0.888927
1611	0.888927
1612	0.888927
1613	0.888927
1614	0.888927
1615	0.888927
1616	0.888927
1617	0.888927
1618	0.888927
1619	0.888927
1620	0.888927
1621	0.888927
1622	0.888927
1623	0.888927
1624	0.888927
1625	0.888927
1626	0.888927
1627	0.888927
1628	0.888927
1629	0.888927
1630	0.888927
1631	0.888927
1632	0.888927
1633	0.888927
1634	0.888927
1635	0.888927
1636	0.888927
1637	0.888927
1638	0.888927
1639	0.888927
1640	0.888927
1641	0.888927
1642	0.888927
1643	0.888927
1644	0.888927
1645	0.888927
1646	0.888927
1647	0.888927
1648	0.888927
1649	0.888927
1650	0.888927
1651	0.888927
1652	0.888927
1653	0.888927
1654	0.888927
1655	0.888927
1656	0.888927
1657	0.888927
1658	0.888927
1659	0.888927
1660	0.888927
1661	0.888927
1662	0.888927
1663	0.888927
1664	0.888927
1665	0.888927
1666	0.888927
1667	0.888927
1668	0.888927
1669	0.888927
1670	0.888927
1671	0.888927
1672	0.888927
1673	0.888927
1674	0.888927
1675	0.888927
1676	0.888927
1677	0.888927
1678	0.888927
1679	0.888927
1680	0.888927
1681	0.888927
1682	0.888927
1683	0.888927
1684	0.888927
1685	0.888927
1686	0.888927
1687	0.888927
1688	0.888927
1689	0.888927
1690	0.888927
1691	0.888927
1692	0.888927
1693	0.888927
1694	0.888927
1695	0.888927
1696	0.888927
1697	0.888927
1698	0.888927
1699	0.888927
1700	0.888927
1701	0.888927
1702	0.888927
1703	0.888927
1704	0.888927
1705	0.888927
1706	0.888927
1707	0.888927
1708	0.888927
1709	0.888927
1710	0.888927
1711	0.888927
1712	0.888927
1713	0.888927
1714	0.888927
1715	0.888927
1716	0.888927
1717	0.888927
1718	0.888927
1719	0.888927
1720	0.888927
1721	0.888927
1722	0.888927
1723	0.888927
1724	0.888927
1725	0.888927
1726	0.888927
1727	0.888927
1728	0.888927
1729	0.888927
1730	0.888927
1731	0.888927
1732	0.888927
1733	0.888927
1734	0.888927
1735	0.888927
1736	0.888927
1737	0.888927
1738	0.888927
1739	0.888927
1740	0.888927
1741	0.888927
1742	0.888927
1743	0.888927
1744	0.888927
1745	0.888927
1746	0.888927
1747	0.888927
1748	0.888927
1749	0.888927
1750	0.888927
1751	0.888927
1752	0.888927
1753	0.888927
1754	0.888927
1755	0.888927
1756	0.888927
1757	0.888927
1758	0.888927
1759	0.888927
1760	0.888927
1761	0.888927
1762	0.888927
1763	0.888927
1764	0.888927
1765	0.888927
1766	0.888927
1767	0.888927
1768	0.888927
1769	0.888927
1770	0.888927
1771	0.888927
1772	0.888927
1773	0.888927
1774	0.888927
1775	0.888927
1776	0.888927
1777	0.888927
1778	0.888927
1779	0.888927
1780	0.888927
1781	0.888927
1782	0.888927
1783	0.888927
1784	0.888927
1785	0.888927
1786	0.888927
1787	0.888927
1788	0.888927
1789	0.888927
1790	0.888927
1791	0.888927
1792	0.888927
1793	0.888927
1794	0.888927
1795	0.888927
1796	0.888927
1797	0.888927
1798	0.888927
1799	0.888927
1800	0.888927
1801	0.888927
1802	0.888927
1803	0.888927
1804	0.888927
1805	0.888927
1806	0.888927
1807	0.888927
1808	0.888927
1809	0.888927
1810	0.888927
1811	0.888927
1812	0.888927
1813	0.888927
1814	0.888927
1815	0.888927
1816	0.888927
1817	0.888927
1818	0.888927
1819	0.888927
1820	0.888927
1821	0.888927
1822	0.888927
1823	0.888927
1824	0.888927
1825	0.888927
1826	0.888927
1827	0.888927
1828	0.888927
1829	0.888927
1830	0.888927
1831	0.888927
1832	0.888927
1833	0.888927
1834	0.888927
1835	0.888927
1836	0.888927
1837	0.888927
1838	0.888927
1839	0.888927
1840	0.888927
1841	0.888927
1842	0.888927
1843	0.888927
1844	0.888927
1845	0.888927
1846	0.888927
1847	0.888927
1848	0.888927
1849	0.888927
1850	0.888927
1851	0.888927
1852	0.888927
1853	0.888927
1854	0.888927
1855	0.888927
1856	0.888927
1857	0.888927
1858	0.888927
1859	0.888927
1860	0.888927
1861	0.888927
1862	0.888927
1863	0.888927
1864	0.888927
1865	0.888927
1866	0.888927
1867	0.888927
1868	0.888927
1869	0.888927
1870	0.888927
1871	0.888927
1872	0.888927
1873	0.888927
1874	0.888927
1875	0.888927
1876	0.888927
1877	0.888927
1878	0.888927
1879	0.888927
1880	0.888927
1881	0.888927
1882	0.888927
1883	0.888927
1884	0.888927
1885	0.888927
1886	0.888927
1887	0.888927
1888	0.888927
1889	0.888927
1890	0.888927
1891	0.888927
1892	0.888927
1893	0.888927
1894	0.888927
1895	0.888927
1896	0.888927
1897	0.888927
1898	0.888927
1899	0.888927
1900	0.888927
1901	0.888927
1902	0.888927
1903	0.888927
1904	0.888927
1905	0.888927
1906	0.888927
1907	0.888927
1908	0.888927
1909	0.888927
1910	0.888927
1911	0.888927
1912	0.888927
1913	0.888927
1914	0.888927
1915	0.888927
1916	0.888927
1917	0.888927
1918	0.888927
1919	0.888927
1920	0.888927
1921	0.888927
1922	0.888927
1923	0.888927
1924	0.888927
1925	0.888927
1926	0.888927
1927	0.888927
1928	0.888927
1929	0.888927
1930	0.888927
1931	0.888927
1932	0.888927
1933	0.888927
1934	0.888927
1935	0.888927
1936	0.888927
1937	0.888927
1938	0.888927
1939	0.888927
1940	0.888927
1941	0.888927
1942	0.888927
1943	0.888927
1944	0.888927
1945	0.888927
1946	0.888927
1947	0.888927
1948	0.888927
1949	0.888927
1950	0.888927
1951	0.888927
1952	0.888927
1953	0.888927
1954	0.888927
1955	0.888927
1956	0.888927
1957	0.888927
1958	0.888927
1959	0.888927
1960	0.888927
1961	0.888927
1962	0.888927
1963	0.888927
1964	0.888927
1965	0.888927
1966	0.888927
1967	0.888927
1968	0.888927
1969	0.888927
1970	0.888927
1971	0.888927
1972	0.888927
1973	0.888927
1974	0.888927
1975	0.888927
1976	0.888927
1977	0.888927
1978	0.888927
1979	0.888927
1980	0.888927
1981	0.888927
1982	0.888927
1983	0.888927
1984	0.888927
1985	0.888927
1986	0.888927
1987	0.888927
1988	0.888927
1989	0.888927
1990	0.888927
1991	0.888927
1992	0.888927
1993	0.888927
1994	0.888927
1995	0.888927
1996	0.888927
1997	0.888927
1998	0.888927
1999	0.888927
2000	0.888927
2001	0.888927
2002	0.888927
2003	0.888927
2004	0.888927
2005	0.888927
2006	0.888927
2007	0.888927
2008	0.888927
2009	0.888927
2010	0.888927
2011	0.888927
2012	0.888927
2013	0.888927
2014	0.888927
2015	0.888927
2016	0.888927
2017	0.888927
2018	0.888927
2019	0.888927
2020	0.888927
2021	0.888927
2022	0.888927
2023	0.888927
2024	0.888927
2025	0.888927
2026	0.888927
2027	0.888927
2028	0.888927
2029	0.888927
2030	0.888927
2031	0.888927
2032	0.888927
2033	0.888927
2034	0.888927
2035	0.888927
2036	0.888927
2037	0.888927
2038	0.888927
2039	0.888927
2040	0.888927
2041	0.888927
2042	0.888927
2043	0.888927
2044	0.888927
2045	0.888927
2046	0.888927
2047	0.888927
2048	0.888927
2049	0.888927
2050	0.888927
2051	0.888927
2052	0.888927
2053	0.888927
2054	0.888927
2055	0.888927
2056	0.888927
2057	0.888927
2058	0.888927
2059	0.888927
2060	0.888927
2061	0.888927
2062	0.888927
2063	0.888927
2064	0.888927
2065	0.888927
2066	0.888927
2067	0.888927
2068	0.888927
2069	0.888927
2070	0.888927
2071	0.888927
2072	0.888927
2073	0.888927
2074	0.888927
2075	0.888927
2076	0.888927
2077	0.888927
2078	0.888927
2079	0.888927
2080	0.888927
2081	0.888927
2082	0.888927
2083	0.888927
2084	0.888927
2085	0.888927
2086	0.888927
2087	0.888927
2088	0.888927
2089	0.888927
2090	0.888927
2091	0.888927
2092	0.888927
2093	0.888927
2094	0.888927
2095	0.888927
2096	0.888927
2097	0.888927
2098	0.888927
2099	0.888927
2100	0.888927
2101	0.888927
2102	0.888927
2103	0.888927
2104	0.888927
2105	0.888927
2106	0.888927
2107	0.888927
2108	0.888927
2109	0.888927
2110	0.888927
2111	0.888927
2112	0.888927
2113	0.888927
2114	0.888927
2115	0.888927
2116	0.888927
2117	0.888927
2118	0.888927
2119	0.888927
2120	0.888927
2121	0.888927
2122	0.888927
2123	0.888927
2124	0.888927
2125	0.888927
2126	0.888927
2127	0.888927
2128	0.888927
2129	0.888927
2130	0.888927
2131	0.888927
2132	0.888927
2133	0.888927
2134	0.888927
2135	0.888927
2136	0.888927
2137	0.888927
2138	0.888927
2139	0.888927
2140	0.888927
2141	0.888927
2142	0.888927
2143	0.888927
2144	0.888927
2145	0.888927
2146	0.888927
2147	0.888927
2148	0.888927
2149	0.888927
2150	0.888927
2151	0.888927
2152	0.888927
2153	0.888927
2154	0.888927
2155	0.888927
2156	0.888927
2157	0.888927
2158	0.888927
2159	0.888927
2160	0.888927
2161	0.888927
2162	0.888927
2163	0.888927
2164	0.888927
2165	0.888927
2166	0.888927
2167	0.888927
2168	0.888927
2169	0.888927
2170	0.888927
2171	0.888927
2172	0.888927
2173	0.888927
2174	0.888927
2175	0.888927
2176	0.888927
2177	0.888927
2178	0.888927
2179	0.888927
2180	0.888927
2181	0.888927
2182	0.888927
2183	0.888927
2184	0.888927
2185	0.888927
2186	0.888927
2187	0.888927
2188	0.888927
2189	0.888927
2190	0.888927
2191	0.888927
2192	0.888927
2193	0.888927
2194	0.888927
2195	0.888927
2196	0.888927
2197	0.888927
2198	0.888927
2199	0.888927
2200	0.888927
2201	0.888927
2202	0.888927
2203	0.888927
2204	0.888927
2205	0.888927
2206	0.888927
2207	0.888927
2208	0.888927
2209	0.888927
2210	0.888927
2211	0.888927
2212	0.888927
2213	0.888927
2214	0.888927
2215	0.888927
2216	0.888927
2217	0.888927
2218	0.888927
2219	0.888927
2220	0.888927
2221	0.888927
2222	0.888927
2223	0.888927
2224	0.888927
2225	0.888927
2226	0.888927
2227	0.888927
2228	0.888927
2229	0.888927
2230	0.888927
2231	0.888927
2232	0.888927
2233	0.888927
2234	0.888927
2235	0.888927
2236	0.888927
2237	0.888927
2238	0.888927
2239	0.888927
2240	0.888927
2241	0.888927
2242	0.888927
2243	0.888927
2244	0.888927
2245	0.888927
2246	0.888927
2247	0.888927
2248	0.888927
2249	0.888927
2250	0.888927
2251	0.888927
2252	0.888927
2253	0.888927
2254	0.888927
2255	0.888927
2256	0.888927
2257	0.888927
2258	0.888927
2259	0.888927
2260	0.888927
2261	0.888927
2262	0.888927
2263	0.888927
2264	0.888927
2265	0.888927
2266	0.888927
2267	0.888927
2268	0.888927
2269	0.888927
2270	0.888927
2271	0.888927
2272	0.888927
2273	0.888927
2274	0.888927
2275	0.888927
2276	0.888927
2277	0.888927
2278	0.888927
2279	0.888927
2280	0.888927
2281	0.888927
2282	0.888927
2283	0.888927
2284	0.888927
2285	0.888927
2286	0.888927
2287	0.888927
2288	0.888927
2289	0.888927
2290	0.888927
2291	0.888927
2292	0.888927
2293	0.888927
2294	0.888927
2295	0.888927
2296	0.888927
2297	0.888927
2298	0.888927
2299	0.888927
2300	0.888927
2301	0.888927
2302	0.888927
2303	0.888927
2304	0.888927
2305	0.888927
2306	0.888927
2307	0.888927
2308	0.888927
2309	0.888927
2310	0.888927
2311	0.888927
2312	0.888927
2313	0.888927
2314	0.888927
2315	0.888927
2316	0.888927
2317	0.888927
2318	0.888927
2319	0.888927
2320	0.888927
2321	0.888927
2322	0.888927
2323	0.888927
2324	0.888927
2325	0.888927
2326	0.888927
2327	0.888927
2328	0.888927
2329	0.888927
2330	0.888927
2331	0.888927
2332	0.888927
2333	0.888927
2334	0.888927
2335	0.888927
2336	0.888927
2337	0.888927
2338	0.888927
2339	0.888927
2340	0.888927
2341	0.888927
2342	0.888927
2343	0.888927
2344	0.888927
2345	0.888927
2346	0.888927
2347	0.888927
2348	0.888927
2349	0.888927
2350	0.888927
2351	0.888927
2352	0.888927
2353	0.888927
2354	0.888927
2355	0.888927
2356	0.888927
2357	0.888927
2358	0.888927
2359	0.888927
2360	0.888927
2361	0.888927
2362	0.888927
2363	0.888927
2364	0.888927
2365	0.888927
2366	0.888927
2367	0.888927
2368	0.888927
2369	0.888927
2370	0.888927
2371	0.888927
2372	0.888927
2373	0.888927
2374	0.888927
2375	0.888927
2376	0.888927
2377	0.888927
2378	0.888927
2379	0.888927
2380	0.888927
2381	0.888927
2382	0.888927
2383	0.888927
2384	0.888927
2385	0.888927
2386	0.888927
2387	0.888927
2388	0.888927
2389	0.888927
2390	0.888927
2391	0.888927
2392	0.888927
2393	0.888927
2394	0.888927
2395	0.888927
2396	0.888927
2397	0.888927
2398	0.888927
2399	0.888927
2400	0.888927
2401	0.888927
2402	0.888927
2403	0.888927
2404	0.888927
2405	0.888927
2406	0.888927
2407	0.888927
2408	0.888927
2409	0.888927
2410	0.888927
2411	0.888927
2412	0.888927
2413	0.888927
2414	0.888927
2415	0.888927
2416	0.888927
2417	0.888927
2418	0.888927
2419	0.888927
2420	0.888927
2421	0.888927
2422	0.888927
2423	0.888927
2424	0.888927
2425	0.888927
2426	0.888927
2427	0.888927
2428	0.888927
2429	0.888927
2430	0.888927
2431	0.888927
2432	0.888927
2433	0.888927
2434	0.888927
2435	0.888927
2436	0.888927
2437	0.888927
2438	0.888927
2439	0.888927
2440	0.888927
2441	0.888927
2442	0.888927
2443	0.888927
2444	0.888927
2445	0.888927
2446	0.888927
2447	0.888927
2448	0.888927
2449	0.888927
2450	0.888927
2451	0.888927
2452	0.888927
2453	0.888927
2454	0.888927
2455	0.888927
2456	0.888927
2457	0.888927
2458	0.888927
2459	0.888927
2460	0.888927
2461	0.888927
2462	0.888927
2463	0.888927
2464	0.888927
2465	0.888927
2466	0.888927
2467	0.888927
2468	0.888927
2469	0.888927
2470	0.888927
2471	0.888927
2472	0.888927
2473	0.888927
2474	0.888927
2475	0.888927
2476	0.888927
2477	0.888927
2478	0.888927
2479	0.888927
2480	0.888927
2481	0.888927
2482	0.888927
2483	0.888927
2484	0.888927
2485	0.888927
2486	0.888927
2487	0.888927
2488	0.888927
2489	0.888927
2490	0.888927
2491	0.888927
2492	0.888927
2493	0.888927
2494	0.888927
2495	0.888927
2496	0.888927
2497	0.888927
2498	0.888927
2499	0.888927
2500	0.888927
2501	0.888927
2502	0.888927
2503	0.888927
2504	0.888927
2505	0.888927
2506	0.888927
2507	0.888927
2508	0.888927
2509	0.888927
2510	0.888927
2511	0.888927
2512	0.888927
2513	0.888927
2514	0.888927
2515	0.888927
2516	0.888927
2517	0.888927
2518	0.888927
2519	0.888927
2520	0.888927
2521	0.888927
2522	0.888927
2523	0.888927
2524	0.911463
2525	0.911463
2526	0.911463
2527	0.929171
2528	0.929171
2529	0.929171
2530	0.929171
2531	0.929171
2532	0.929171
2533	0.929171
2534	0.929171
2535	0.929171
2536	0.929171
2537	0.929171
2538	0.929171
2539	0.929171
2540	0.929171
2541	0.929171
2542	0.929171
2543	0.929171
2544	0.929171
2545	0.929171
2546	0.929171
2547	0.929171
2548	0.929171
2549	0.929171
2550	0.929171
2551	0.929171
2552	0.929171
2553	0.929171
2554	0.929171
2555	0.929171
2556	0.929171
2557	0.929171
2558	0.929171
2559	0.929171
2560	0.929171
2561	0.929171
2562	0.929171
2563	0.929171
2564	0.929171
2565	0.929171
2566	0.929171
2567	0.929171
2568	0.929171
2569	0.929171
2570	0.929171
2571	0.929171
2572	0.929171
2573	0.929171
2574	0.929171
2575	0.929171
2576	0.929171
2577	0.929171
2578	0.929171
2579	0.929171
2580	0.929171
2581	0.929171
2582	0.929171
2583	0.929171
2584	0.929171
2585	0.929171
2586	0.929171
2587	0.929171
2588	0.929171
2589	0.929171
2590	0.929171
2591	0.929171
2592	0.929171
2593	0.929171
2594	0.929171
2595	0.929171
2596	0.929171
2597	0.929171
2598	0.929171
2599	0.929171
2600	0.929171
2601	0.929171
2602	0.929171
2603	0.929171
2604	0.929171
2605	0.929171
2606	0.929171
2607	0.929171
2608	0.929171
2609	0.929171
2610	0.929171
2611	0.929171
2612	0.929171
2613	0.929171
2614	0.929171
2615	0.929171
2616	0.929171
2617	0.929171
2618	0.929171
2619	0.929171
2620	0.929171
2621	0.929171
2622	0.929171
2623	0.929171
2624	0.929171
2625	0.929171
2626	0.929171
2627	0.929171
2628	0.929171
2629	0.929171
2630	0.929171
2631	0.929171
2632	0.929171
2633	0.929171
2634	0.929171
2635	0.929171
2636	0.929171
2637	0.929171
2638	0.929171
2639	0.929171
2640	0.929171
2641	0.929171
2642	0.929171
2643	0.929171
2644	0.929171
2645	0.929171
2646	0.929171
2647	0.929171
2648	0.929171
2649	0.929171
2650	0.929171
2651	0.929171
2652	0.929171
2653	0.929171
2654	0.929171
2655	0.929171
2656	0.929171
2657	0.929171
2658	0.929171
2659	0.929171
2660	0.929171
2661	0.929171
2662	0.929171
2663	0.929171
2664	0.929171
2665	0.929171
2666	0.929171
2667	0.929171
2668	0.929171
2669	0.929171
2670	0.929171
2671	0.929171
2672	0.929171
2673	0.929171
2674	0.929171
2675	0.929171
2676	0.929171
2677	0.929171
2678	0.929171
2679	0.929171
2680	0.929171
2681	0.929171
2682	0.929171
2683	0.929171
2684	0.929171
2685	0.929171
2686	0.929171
2687	0.929171
2688	0.929171
2689	0.929171
2690	0.929171
2691	0.929171
2692	0.929171
2693	0.929171
2694	0.929171
2695	0.929171
2696	0.929171
2697	0.929171
2698	0.929171
2699	0.929171
2700	0.929171
2701	0.929171
2702	0.929171
2703	0.929171
2704	0.929171
2705	0.929171
2706	0.929171
2707	0.929171
2708	0.929171
2709	0.929171
2710	0.929171
2711	0.929171
2712	0.929171
2713	0.929171
2714	0.929171
2715	0.929171
2716	0.929171
2717	0.929171
2718	0.929171
2719	0.929171
2720	0.929171
2721	0.929171
2722	0.929171
2723	0.929171
2724	0.929171
2725	0.929171
2726	0.929171
2727	0.929171
2728	0.929171
2729	0.929171
2730	0.929171
2731	0.929171
2732	0.929171
2733	0.929171
2734	0.929171
2735	0.929171
2736	0.929171
2737	0.929171
2738	0.929171
2739	0.929171
2740	0.929171
2741	0.929171
2742	0.929171
2743	0.929171
2744	0.929171
2745	0.929171
2746	0.929171
2747	0.929171
2748	0.929171
2749	0.929171
2750	0.929171
2751	0.929171
2752	0.929171
2753	0.929171
2754	0.929171
2755	0.929171
2756	0.929171
2757	0.929171
2758	0.929171
2759	0.929171
2760	0.929171
2761	0.929171
2762	0.929171
2763	0.929171
2764	0.929171
2765	0.929171
2766	0.929171
2767	0.929171
2768	0.929171
2769	0.929171
2770	0.929171
2771	0.929171
2772	0.929171
2773	0.929171
2774	0.929171
2775	0.929171
2776	0.929171
2777	0.929171
2778	0.929171
2779	0.929171
2780	0.929171
2781	0.929171
2782	0.929171
2783	0.929171
2784	0.929171
2785	0.929171
2786	0.929171
2787	0.929171
2788	0.929171
2789	0.929171
2790	0.929171
2791	0.929171
2792	0.929171
2793	0.929171
2794	0.929171
2795	0.929171
2796	0.929171
2797	0.929171
2798	0.929171
2799	0.929171
2800	0.929171
2801	0.929171
2802	0.929171
2803	0.929171
2804	0.929171
2805	0.929171
2806	0.929171
2807	0.929171
2808	0.929171
2809	0.929171
2810	0.929171
2811	0.929171
2812	0.929171
2813	0.929171
2814	0.929171
2815	0.929171
2816	0.929171
2817	0.929171
2818	0.929171
2819	0.929171
2820	0.929171
2821	0.929171
2822	0.929171
2823	0.929171
2824	0.929171
2825	0.929171
2826	0.929171
2827	0.929171
2828	0.929171
2829	0.929171
2830	0.929171
2831	0.929171
2832	0.929171
2833	0.929171
2834	0.929171
2835	0.929171
2836	0.929171
2837	0.929171
2838	0.929171
2839	0.929171
2840	0.929171
2841	0.929171
2842	0.929171
2843	0.929171
2844	0.929171
2845	0.929171
2846	0.929171
2847	0.929171
2848	0.929171
2849	0.929171
2850	0.929171
2851	0.929171
2852	0.929171
2853	0.929171
2854	0.929171
2855	0.929171
2856	0.929171
2857	0.929171
2858	0.929171
2859	0.929171
2860	0.929171
2861	0.929171
2862	0.929171
2863	0.929171
2864	0.929171
2865	0.929171
2866	0.929171
2867	0.929171
2868	0.929171
2869	0.929171
2870	0.929171
2871	0.929171
2872	0.929171
2873	0.929171
2874	0.929171
2875	0.929171
2876	0.929171
2877	0.929171
2878	0.929171
2879	0.929171
2880	0.929171
2881	0.929171
2882	0.929171
2883	0.929171
2884	0.929171
2885	0.929171
2886	0.929171
2887	0.929171
2888	0.929171
2889	0.929171
2890	0.929171
2891	0.929171
2892	0.929171
2893	0.929171
2894	0.929171
2895	0.929171
2896	0.929171
2897	0.929171
2898	0.929171
2899	0.929171
2900	0.929171
2901	0.929171
2902	0.929171
2903	0.929171
2904	0.929171
2905	0.929171
2906	0.929171
2907	0.929171
2908	0.929171
2909	0.929171
2910	0.929171
2911	0.929171
2912	0.929171
2913	0.929171
2914	0.929171
2915	0.929171
2916	0.929171
2917	0.929171
2918	0.929171
2919	0.929171
2920	0.929171
2921	0.929171
2922	0.929171
2923	0.929171
2924	0.929171
2925	0.929171
2926	0.929171
2927	0.929171
2928	0.929171
2929	0.929171
2930	0.929171
2931	0.929171
2932	0.929171
2933	0.929171
2934	0.929171
2935	0.929171
2936	0.929171
2937	0.929171
2938	0.929171
2939	0.929171
2940	0.929171
2941	0.929171
2942	0.929171
2943	0.929171
2944	0.929171
2945	0.929171
2946	0.929171
2947	0.929171
2948	0.929171
2949	0.929171
2950	0.929171
2951	0.929171
2952	0.929171
2953	0.929171
2954	0.929171
2955	0.929171
2956	0.929171
2957	0.929171
2958	0.929171
2959	0.929171
2960	0.929171
2961	0.929171
2962	0.929171
2963	0.929171
2964	0.929171
2965	0.929171
2966	0.929171
2967	0.929171
2968	0.929171
2969	0.929171
2970	0.929171
2971	0.929171
2972	0.929171
2973	0.929171
2974	0.929171
2975	0.929171
2976	0.929171
2977	0.929171
2978	0.929171
2979	0.929171
2980	0.929171
2981	0.929171
2982	0.929171
2983	0.929171
2984	0.929171
2985	0.929171
2986	0.929171
2987	0.929171
2988	0.929171
2989	0.929171
2990	0.929171
2991	0.929171
2992	0.929171
2993	0.929171
2994	0.929171
2995	0.929171
2996	0.929171
2997	0.929171
2998	0.929171
2999	0.929171
3000	0.929171
3001	0.929171
3002	0.929171
3003	0.929171
3004	0.929171
3005	0.929171
3006	0.929171
3007	0.929171
3008	0.929171
3009	0.929171
3010	0.929171
3011	0.929171
3012	0.929171
3013	0.929171
3014	0.929171
3015	0.929171
3016	0.929171
3017	0.929171
3018	0.929171
3019	0.929171
3020	0.929171
3021	0.929171
3022	0.929171
3023	0.929171
3024	0.929171
3025	0.929171
3026	0.929171
3027	0.929171
3028	0.929171
3029	0.929171
3030	0.929171
3031	0.929171
3032	0.929171
3033	0.929171
3034	0.929171
3035	0.929171
3036	0.929171
3037	0.929171
3038	0.929171
3039	0.929171
3040	0.929171
3041	0.929171
3042	0.929171
3043	0.929171
3044	0.929171
3045	0.929171
3046	0.929171
3047	0.929171
3048	0.929171
3049	0.929171
3050	0.929171
3051	0.929171
3052	0.929171
3053	0.929171
3054	0.929171
3055	0.929171
3056	0.929171
3057	0.929171
3058	0.929171
3059	0.929171
3060	0.929171
3061	0.929171
3062	0.929171
3063	0.929171
3064	0.929171
3065	0.929171
3066	0.929171
3067	0.929171
3068	0.929171
3069	0.929171
3070	0.929171
3071	0.929171
3072	0.929171
3073	0.929171
3074	0.929171
3075	0.929171
3076	0.929171
3077	0.929171
3078	0.929171
3079	0.929171
3080	0.929171
3081	0.929171
3082	0.929171
3083	0.929171
3084	0.929171
3085	0.929171
3086	0.929171
3087	0.929171
3088	0.929171
3089	0.929171
3090	0.929171
3091	0.929171
3092	0.929171
3093	0.929171
3094	0.929171
3095	0.929171
3096	0.929171
3097	0.929171
3098	0.929171
3099	0.929171
3100	0.929171
3101	0.929171
3102	0.929171
3103	0.929171
3104	0.929171
3105	0.929171
3106	0.929171
3107	0.929171
3108	0.929171
3109	0.929171
3110	0.929171
3111	0.929171
3112	0.929171
3113	0.929171
3114	0.929171
3115	0.929171
3116	0.929171
3117	0.929171
3118	0.929171
3119	0.929171
3120	0.929171
3121	0.929171
3122	0.929171
3123	0.929171
3124	0.929171
3125	0.929171
3126	0.929171
3127	0.929171
3128	0.929171
3129	0.929171
3130	0.929171
3131	0.929171
3132	0.929171
3133	0.929171
3134	0.929171
3135	0.929171
3136	0.929171
3137	0.929171
3138	0.929171
3139	0.929171
3140	0.929171
3141	0.929171
3142	0.929171
3143	0.929171
3144	0.929171
3145	0.929171
3146	0.929171
3147	0.929171
3148	0.929171
3149	0.929171
3150	0.929171
3151	0.929171
3152	0.929171
3153	0.929171
3154	0.929171
3155	0.929171
3156	0.929171
3157	0.929171
3158	0.929171
3159	0.929171
3160	0.929171
3161	0.929171
3162	0.929171
3163	0.929171
3164	0.929171
3165	0.929171
3166	0.929171
3167	0.929171
3168	0.929171
3169	0.929171
3170	0.929171
3171	0.929171
3172	0.929171
3173	0.929171
3174	0.929171
3175	0.929171
3176	0.929171
3177	0.929171
3178	0.929171
3179	0.929171
3180	0.929171
3181	0.929171
3182	0.929171
3183	0.929171
3184	0.929171
3185	0.929171
3186	0.929171
3187	0.929171
3188	0.929171
3189	0.929171
3190	0.929171
3191	0.929171
3192	0.929171
3193	0.929171
3194	0.929171
3195	0.929171
3196	0.929171
3197	0.929171
3198	0.929171
3199	0.929171
3200	0.929171
3201	0.929171
3202	0.929171
3203	0.929171
3204	0.929171
3205	0.929171
3206	0.929171
3207	0.929171
3208	0.929171
3209	0.929171
3210	0.929171
3211	0.929171
3212	0.929171
3213	0.929171
3214	0.929171
3215	0.929171
3216	0.929171
3217	0.929171
3218	0.929171
3219	0.929171
3220	0.929171
3221	0.929171
3222	0.929171
3223	0.929171
3224	0.929171
3225	0.929171
3226	0.929171
3227	0.929171
3228	0.929171
3229	0.929171
3230	0.929171
3231	0.929171
3232	0.929171
3233	0.929171
3234	0.929171
3235	0.929171
3236	0.929171
3237	0.929171
3238	0.929171
3239	0.929171
3240	0.929171
3241	0.929171
3242	0.929171
3243	0.929171
3244	0.929171
3245	0.929171
3246	0.929171
3247	0.929171
3248	0.929171
3249	0.929171
3250	0.929171
3251	0.929171
3252	0.929171
3253	0.929171
3254	0.929171
3255	0.929171
3256	0.929171
3257	0.929171
3258	0.929171
3259	0.929171
3260	0.929171
3261	0.929171
3262	0.929171
3263	0.929171
3264	0.929171
3265	0.929171
3266	0.929171
3267	0.929171
3268	0.929171
3269	0.929171
3270	0.929171
3271	0.929171
3272	0.929171
3273	0.929171
3274	0.929171
3275	0.929171
3276	0.929171
3277	0.929171
3278	0.929171
3279	0.929171
3280	0.929171
3281	0.929171
3282	0.929171
3283	0.929171
3284	0.929171
3285	0.929171
3286	0.929171
3287	0.929171
3288	0.929171
3289	0.929171
3290	0.929171
3291	0.929171
3292	0.929171
3293	0.929171
3294	0.929171
3295	0.929171
3296	0.929171
3297	0.929171
3298	0.929171
3299	0.929171
3300	0.929171
3301	0.929171
3302	0.929171
3303	0.929171
3304	0.929171
3305	0.929171
3306	0.929171
3307	0.929171
3308	0.929171
3309	0.929171
3310	0.929171
3311	0.929171
3312	0.929171
3313	0.929171
3314	0.929171
3315	0.929171
3316	0.929171
3317	0.929171
3318	0.929171
3319	0.929171
3320	0.929171
3321	0.929171
3322	0.929171
3323	0.929171
3324	0.929171
3325	0.929171
3326	0.929171
3327	0.929171
3328	0.929171
3329	0.929171
3330	0.929171
3331	0.929171
3332	0.929171
3333	0.929171
3334	0.929171
3335	0.929171
3336	0.929171
3337	0.929171
3338	0.929171
3339	0.929171
3340	0.929171
3341	0.929171
3342	0.929171
3343	0.929171
3344	0.929171
3345	0.929171
3346	0.929171
3347	0.929171
3348	0.929171
3349	0.929171
3350	0.929171
3351	0.929171
3352	0.929171
3353	0.929171
3354	0.929171
3355	0.929171
3356	0.929171
3357	0.929171
3358	0.929171
3359	0.929171
3360	0.929171
3361	0.929171
3362	0.929171
3363	0.929171
3364	0.929171
3365	0.929171
3366	0.929171
3367	0.929171
3368	0.929171
3369	0.929171
3370	0.929171
3371	0.929171
3372	0.929171
3373	0.929171
3374	0.929171
3375	0.929171
3376	0.929171
3377	0.929171
3378	0.929171
3379	0.929171
3380	0.929171
3381	0.929171
3382	0.929171
3383	0.929171
3384	0.929171
3385	0.929171
3386	0.929171
3387	0.929171
3388	0.929171
3389	0.929171
3390	0.929171
3391	0.929171
3392	0.929171
3393	0.929171
3394	0.929171
3395	0.929171
3396	0.929171
3397	0.929171
3398	0.929171
3399	0.929171
3400	0.929171
3401	0.964585
3402	0.964585
3403	0.964585
3404	0.964585
3405	0.964585
3406	0.964585
3407	0.964585
3408	0.964585
3409	0.964585
3410	0.964585
3411	0.964585
3412	0.964585
3413	0.964585
3414	0.964585
3415	0.964585
3416	0.964585
3417	0.964585
3418	0.964585
3419	0.964585
3420	0.964585
3421	0.964585
3422	0.964585
3423	0.964585
3424	0.964585
3425	0.964585
3426	0.964585
3427	0.964585
3428	0.964585
3429	0.964585
3430	0.964585
3431	0.964585
3432	0.964585
3433	0.964585
3434	0.964585
3435	0.985512
3436	0.985512
3437	0.985512
3438	0.995171
3439	0.995171
3440	0.995171
3441	0.995171
3442	0.995171
3443	0.995171
3444	0.995171
3445	0.995171
3446	0.995171
3447	0.995171
3448	0.995171
3449	0.995171
3450	0.995171
3451	0.995171
3452	0.995171
3453	0.995171
3454	0.995171
3455	0.995171
3456	0.995171
3457	0.995171
3458	0.995171
3459	0.995171
3460	0.995171
3461	0.995171
3462	0.995171
3463	0.995171
3464	0.995171
3465	1
## No. organisms: 20
## Seeds        : 1475303704, 5343
## Runtime      : 0h 7m 28s.
## Started at   : Sun Oct 20 23:55:04 2019
## Ended at     : Mon Oct 21 00:02:32 2019
