1	0.578182
2	0.579091
3	0.579091
4	0.579091
5	0.579091
6	0.579091
7	0.579091
8	0.579091
9	0.579091
10	0.579091
11	0.579091
12	0.579091
13	0.579091
14	0.579091
15	0.579091
16	0.579091
17	0.579091
18	0.579091
19	0.579091
20	0.579091
21	0.579091
22	0.64
23	0.64
24	0.64
25	0.64
26	0.64
27	0.64
28	0.64
29	0.64
30	0.64
31	0.64
32	0.64
33	0.64
34	0.64
35	0.64
36	0.64
37	0.64
38	0.64
39	0.64
40	0.64
41	0.64
42	0.64
43	0.64
44	0.64
45	0.64
46	0.64
47	0.64
48	0.67
49	0.67
50	0.67
51	0.67
52	0.67
53	0.67
54	0.67
55	0.67
56	0.67
57	0.67
58	0.67
59	0.67
60	0.67
61	0.67
62	0.67
63	0.67
64	0.67
65	0.67
66	0.67
67	0.67
68	0.67
69	0.67
70	0.67
71	0.67
72	0.67
73	0.67
74	0.67
75	0.67
76	0.67
77	0.67
78	0.67
79	0.67
80	0.67
81	0.67
82	0.67
83	0.67
84	0.67
85	0.67
86	0.67
87	0.67
88	0.67
89	0.67
90	0.67
91	0.67
92	0.67
93	0.67
94	0.67
95	0.67
96	0.67
97	0.67
98	0.67
99	0.67
100	0.67
101	0.67
102	0.67
103	0.67
104	0.67
105	0.67
106	0.67
107	0.67
108	0.67
109	0.67
110	0.67
111	0.67
112	0.67
113	0.67
114	0.67
115	0.67
116	0.67
117	0.67
118	0.67
119	0.67
120	0.67
121	0.7
122	0.7
123	0.7
124	0.7
125	0.7
126	0.7
127	0.76
128	0.76
129	0.76
130	0.76
131	0.76
132	0.76
133	0.76
134	0.76
135	0.76
136	0.76
137	0.76
138	0.76
139	0.76
140	0.76
141	0.76
142	0.76
143	0.76
144	0.76
145	0.76
146	0.76
147	0.76
148	0.76
149	0.76
150	0.76
151	0.76
152	0.76
153	0.76
154	0.76
155	0.76
156	0.76
157	0.79
158	0.79
159	0.79
160	0.79
161	0.79
162	0.79
163	0.79
164	0.79
165	0.79
166	0.79
167	0.79
168	0.79
169	0.82
170	0.82
171	0.82
172	0.82
173	0.82
174	0.82
175	0.82
176	0.82
177	0.82
178	0.82
179	0.82
180	0.82
181	0.82
182	0.82
183	0.82
184	0.82
185	0.85
186	0.85
187	0.85
188	0.85
189	0.85
190	0.88
191	0.88
192	0.88
193	0.88
194	0.88
195	0.88
196	0.88
197	0.88
198	0.88
199	0.88
200	0.88
201	0.88
202	0.88
203	0.88
204	0.88
205	0.88
206	0.88
207	0.88
208	0.88
209	0.88
210	0.88
211	0.88
212	0.88
213	0.88
214	0.88
215	0.88
216	0.88
217	0.88
218	0.88
219	0.88
220	0.88
221	0.88
222	0.88
223	0.88
224	0.88
225	0.88
226	0.88
227	0.88
228	0.88
229	0.88
230	0.88
231	0.88
232	0.88
233	0.88
234	0.88
235	0.88
236	0.88
237	0.88
238	0.88
239	0.88
240	0.88
241	0.88
242	0.88
243	0.88
244	0.88
245	0.88
246	0.88
247	0.88
248	0.88
249	0.88
250	0.88
251	0.88
252	0.88
253	0.88
254	0.88
255	0.88
256	0.88
257	0.88
258	0.88
259	0.88
260	0.88
261	0.88
262	0.88
263	0.88
264	0.88
265	0.88
266	0.88
267	0.88
268	0.88
269	0.88
270	0.88
271	0.88
272	0.88
273	0.88
274	0.88
275	0.88
276	0.88
277	0.88
278	0.88
279	0.88
280	0.88
281	0.88
282	0.88
283	0.88
284	0.88
285	0.88
286	0.88
287	0.88
288	0.88
289	0.88
290	0.88
291	0.88
292	0.88
293	0.88
294	0.88
295	0.88
296	0.88
297	0.88
298	0.88
299	0.88
300	0.88
301	0.88
302	0.88
303	0.88
304	0.88
305	0.88
306	0.88
307	0.88
308	0.88
309	0.88
310	0.88
311	0.88
312	0.88
313	0.88
314	0.88
315	0.88
316	0.88
317	0.88
318	0.88
319	0.88
320	0.88
321	0.88
322	0.88
323	0.88
324	0.88
325	0.88
326	0.88
327	0.88
328	0.88
329	0.88
330	0.88
331	0.88
332	0.88
333	0.88
334	0.88
335	0.88
336	0.88
337	0.88
338	0.88
339	0.88
340	0.88
341	0.88
342	0.88
343	0.88
344	0.88
345	0.88
346	0.88
347	0.88
348	0.88
349	0.88
350	0.88
351	0.88
352	0.88
353	0.88
354	0.88
355	0.88
356	0.88
357	0.88
358	0.88
359	0.88
360	0.88
361	0.88
362	0.88
363	0.88
364	0.88
365	0.88
366	0.88
367	0.88
368	0.91
369	0.91
370	0.91
371	0.91
372	0.91
373	0.91
374	0.91
375	0.91
376	0.91
377	0.91
378	0.91
379	0.91
380	0.91
381	0.91
382	0.91
383	0.91
384	0.91
385	0.91
386	0.91
387	0.91
388	0.91
389	0.91
390	0.91
391	0.91
392	0.91
393	0.91
394	0.91
395	0.91
396	0.91
397	0.91
398	0.91
399	0.91
400	0.91
401	0.91
402	0.91
403	0.91
404	0.91
405	0.91
406	0.91
407	0.91
408	0.91
409	0.91
410	0.91
411	0.91
412	0.91
413	0.91
414	0.91
415	0.91
416	0.91
417	0.91
418	0.91
419	0.91
420	0.91
421	0.91
422	0.91
423	0.91
424	0.91
425	0.91
426	0.91
427	0.91
428	0.91
429	0.91
430	0.91
431	0.91
432	0.91
433	0.91
434	0.91
435	0.91
436	0.91
437	0.91
438	0.91
439	0.91
440	0.91
441	0.91
442	0.91
443	0.91
444	0.91
445	0.91
446	0.91
447	0.91
448	0.91
449	0.91
450	0.91
451	0.91
452	0.91
453	0.91
454	0.91
455	0.91
456	0.91
457	0.91
458	0.91
459	0.91
460	0.91
461	0.91
462	0.91
463	0.91
464	0.91
465	0.91
466	0.91
467	0.91
468	0.91
469	0.91
470	0.91
471	0.91
472	0.91
473	0.91
474	0.91
475	0.91
476	0.91
477	0.91
478	0.91
479	0.91
480	0.91
481	0.91
482	0.91
483	0.91
484	0.91
485	0.91
486	0.91
487	0.91
488	0.91
489	0.91
490	0.91
491	0.91
492	0.91
493	0.91
494	0.91
495	0.91
496	0.91
497	0.91
498	0.91
499	0.91
500	0.91
501	0.91
502	0.91
503	0.91
504	0.91
505	0.91
506	0.91
507	0.91
508	0.91
509	0.91
510	0.91
511	0.91
512	0.91
513	0.91
514	0.91
515	0.91
516	0.91
517	0.91
518	0.91
519	0.91
520	0.91
521	0.91
522	0.91
523	0.91
524	0.91
525	0.91
526	0.91
527	0.91
528	0.91
529	0.91
530	0.91
531	0.91
532	0.91
533	0.91
534	0.91
535	0.91
536	0.91
537	0.91
538	0.91
539	0.91
540	0.91
541	0.91
542	0.91
543	0.91
544	0.91
545	0.91
546	0.91
547	0.91
548	0.91
549	0.91
550	0.91
551	0.91
552	0.91
553	0.91
554	0.91
555	0.91
556	0.91
557	0.91
558	0.91
559	0.91
560	0.91
561	0.91
562	0.91
563	0.91
564	0.91
565	0.91
566	0.91
567	0.91
568	0.91
569	0.91
570	0.91
571	0.91
572	0.91
573	0.91
574	0.91
575	0.91
576	0.91
577	0.91
578	0.91
579	0.91
580	0.91
581	0.91
582	0.91
583	0.91
584	0.91
585	0.91
586	0.91
587	0.91
588	0.91
589	0.91
590	0.91
591	0.91
592	0.91
593	0.91
594	0.91
595	0.91
596	0.91
597	0.91
598	0.91
599	0.91
600	0.91
601	0.91
602	0.91
603	0.91
604	0.91
605	0.91
606	0.91
607	0.91
608	0.91
609	0.91
610	0.91
611	0.91
612	0.91
613	0.91
614	0.91
615	0.91
616	0.91
617	0.91
618	0.91
619	0.91
620	0.91
621	0.91
622	0.91
623	0.91
624	0.91
625	0.91
626	0.91
627	0.91
628	0.91
629	0.91
630	0.91
631	0.91
632	0.91
633	0.91
634	0.91
635	0.91
636	0.91
637	0.91
638	0.91
639	0.91
640	0.91
641	0.91
642	0.91
643	0.91
644	0.91
645	0.91
646	0.91
647	0.91
648	0.91
649	0.91
650	0.91
651	0.91
652	0.91
653	0.91
654	0.91
655	0.91
656	0.91
657	0.91
658	0.91
659	0.91
660	0.91
661	0.91
662	0.91
663	0.91
664	0.91
665	0.91
666	0.91
667	0.91
668	0.91
669	0.91
670	0.91
671	0.91
672	0.91
673	0.91
674	0.91
675	0.91
676	0.91
677	0.91
678	0.91
679	0.91
680	0.91
681	0.91
682	0.91
683	0.91
684	0.91
685	0.91
686	0.91
687	0.91
688	0.91
689	0.91
690	0.91
691	0.91
692	0.91
693	0.91
694	0.91
695	0.91
696	0.91
697	0.91
698	0.91
699	0.91
700	0.91
701	0.91
702	0.91
703	0.91
704	0.91
705	0.91
706	0.91
707	0.91
708	0.91
709	0.91
710	0.91
711	0.91
712	0.91
713	0.91
714	0.91
715	0.91
716	0.91
717	0.91
718	0.91
719	0.91
720	0.91
721	0.91
722	0.91
723	0.91
724	0.91
725	0.91
726	0.91
727	0.91
728	0.91
729	0.91
730	0.91
731	0.91
732	0.91
733	0.91
734	0.91
735	0.91
736	0.91
737	0.91
738	0.91
739	0.91
740	0.91
741	0.91
742	0.91
743	0.91
744	0.91
745	0.91
746	0.91
747	0.91
748	0.91
749	0.91
750	0.91
751	0.91
752	0.91
753	0.91
754	0.91
755	0.91
756	0.91
757	0.91
758	0.91
759	0.91
760	0.91
761	0.91
762	0.91
763	0.91
764	0.91
765	0.91
766	0.91
767	0.91
768	0.91
769	0.91
770	0.91
771	0.91
772	0.91
773	0.91
774	0.91
775	0.91
776	0.91
777	0.91
778	0.91
779	0.91
780	0.91
781	0.91
782	0.91
783	0.91
784	0.91
785	0.91
786	0.91
787	0.91
788	0.91
789	0.91
790	0.91
791	0.91
792	0.91
793	0.91
794	0.91
795	0.91
796	0.91
797	0.91
798	0.91
799	0.91
800	0.91
801	0.91
802	0.91
803	0.91
804	0.91
805	0.91
806	0.91
807	0.91
808	0.91
809	0.91
810	0.91
811	0.91
812	0.91
813	0.91
814	0.91
815	0.91
816	0.91
817	0.91
818	0.91
819	0.91
820	0.91
821	0.91
822	0.91
823	0.91
824	0.91
825	0.91
826	0.91
827	0.91
828	0.91
829	0.91
830	0.91
831	0.91
832	0.91
833	0.91
834	0.91
835	0.91
836	0.91
837	0.91
838	0.91
839	0.91
840	0.91
841	0.91
842	0.91
843	0.91
844	0.91
845	0.91
846	0.91
847	0.91
848	0.91
849	0.91
850	0.91
851	0.91
852	0.91
853	0.91
854	0.91
855	0.91
856	0.91
857	0.91
858	0.91
859	0.91
860	0.91
861	0.91
862	0.91
863	0.91
864	0.91
865	0.91
866	0.91
867	0.91
868	0.91
869	0.91
870	0.91
871	0.91
872	0.91
873	0.91
874	0.91
875	0.91
876	0.91
877	0.91
878	0.91
879	0.91
880	0.91
881	0.91
882	0.91
883	0.91
884	0.91
885	0.91
886	0.91
887	0.91
888	0.91
889	0.91
890	0.91
891	0.91
892	0.91
893	0.91
894	0.91
895	0.91
896	0.91
897	0.91
898	0.91
899	0.91
900	0.91
901	0.91
902	0.91
903	0.91
904	0.91
905	0.91
906	0.91
907	0.91
908	0.91
909	0.91
910	0.91
911	0.91
912	0.91
913	0.91
914	0.91
915	0.91
916	0.91
917	0.91
918	0.91
919	0.91
920	0.91
921	0.91
922	0.91
923	0.91
924	0.91
925	0.91
926	0.91
927	0.91
928	0.91
929	0.91
930	0.91
931	0.91
932	0.91
933	0.91
934	0.91
935	0.91
936	0.91
937	0.91
938	0.91
939	0.91
940	0.91
941	0.91
942	0.91
943	0.91
944	0.91
945	0.91
946	0.91
947	0.91
948	0.91
949	0.91
950	0.91
951	0.91
952	0.91
953	0.91
954	0.91
955	0.91
956	0.91
957	0.91
958	0.91
959	0.91
960	0.91
961	0.91
962	0.91
963	0.91
964	0.91
965	0.91
966	0.91
967	0.91
968	0.91
969	0.91
970	0.91
971	0.91
972	0.91
973	0.91
974	0.91
975	0.91
976	0.91
977	0.91
978	0.91
979	0.91
980	0.91
981	0.91
982	0.91
983	0.91
984	0.91
985	0.91
986	0.91
987	0.91
988	0.91
989	0.91
990	0.91
991	0.91
992	0.91
993	0.91
994	0.91
995	0.91
996	0.91
997	0.91
998	0.91
999	0.91
1000	0.91
1001	0.91
1002	0.91
1003	0.91
1004	0.91
1005	0.91
1006	0.91
1007	0.91
1008	0.91
1009	0.91
1010	0.91
1011	0.91
1012	0.91
1013	0.91
1014	0.91
1015	0.91
1016	0.91
1017	0.91
1018	0.91
1019	0.91
1020	0.91
1021	0.91
1022	0.91
1023	0.91
1024	0.91
1025	0.91
1026	0.91
1027	0.91
1028	0.91
1029	0.91
1030	0.91
1031	0.91
1032	0.91
1033	0.91
1034	0.91
1035	0.91
1036	0.91
1037	0.91
1038	0.91
1039	0.91
1040	0.91
1041	0.91
1042	0.91
1043	0.91
1044	0.91
1045	0.91
1046	0.91
1047	0.91
1048	0.91
1049	0.91
1050	0.91
1051	0.91
1052	0.91
1053	0.91
1054	0.91
1055	0.91
1056	0.91
1057	0.91
1058	0.91
1059	0.91
1060	0.91
1061	0.91
1062	0.91
1063	0.91
1064	0.91
1065	0.91
1066	0.91
1067	0.91
1068	0.91
1069	0.91
1070	0.91
1071	0.91
1072	0.91
1073	0.91
1074	0.91
1075	0.91
1076	0.91
1077	0.91
1078	0.91
1079	0.91
1080	0.91
1081	0.91
1082	0.91
1083	0.91
1084	0.91
1085	0.91
1086	0.91
1087	0.91
1088	0.91
1089	0.91
1090	0.91
1091	0.91
1092	0.91
1093	0.91
1094	0.91
1095	0.91
1096	0.91
1097	0.91
1098	0.91
1099	0.91
1100	0.91
1101	0.91
1102	0.91
1103	0.91
1104	0.91
1105	0.91
1106	0.91
1107	0.91
1108	0.91
1109	0.91
1110	0.91
1111	0.91
1112	0.91
1113	0.91
1114	0.91
1115	0.91
1116	0.91
1117	0.91
1118	0.91
1119	0.91
1120	0.91
1121	0.91
1122	0.91
1123	0.91
1124	0.91
1125	0.91
1126	0.91
1127	0.91
1128	0.91
1129	0.91
1130	0.91
1131	0.91
1132	0.91
1133	0.91
1134	0.91
1135	0.91
1136	0.91
1137	0.91
1138	0.91
1139	0.91
1140	0.91
1141	0.91
1142	0.91
1143	0.91
1144	0.91
1145	0.91
1146	0.91
1147	0.91
1148	0.91
1149	0.91
1150	0.91
1151	0.91
1152	0.91
1153	0.91
1154	0.91
1155	0.91
1156	0.91
1157	0.91
1158	0.91
1159	0.91
1160	0.91
1161	0.91
1162	0.91
1163	0.91
1164	0.91
1165	0.91
1166	0.91
1167	0.91
1168	0.91
1169	0.91
1170	0.91
1171	0.91
1172	0.91
1173	0.91
1174	0.91
1175	0.91
1176	0.91
1177	0.91
1178	0.91
1179	0.91
1180	0.91
1181	0.91
1182	0.91
1183	0.91
1184	0.91
1185	0.91
1186	0.91
1187	0.91
1188	0.91
1189	0.91
1190	0.91
1191	0.91
1192	0.91
1193	0.91
1194	0.91
1195	0.91
1196	0.91
1197	0.91
1198	0.91
1199	0.91
1200	0.91
1201	0.91
1202	0.91
1203	0.91
1204	0.91
1205	0.91
1206	0.91
1207	0.91
1208	0.91
1209	0.91
1210	0.91
1211	0.91
1212	0.91
1213	0.91
1214	0.91
1215	0.91
1216	0.91
1217	0.91
1218	0.91
1219	0.91
1220	0.91
1221	0.91
1222	0.91
1223	0.91
1224	0.91
1225	0.91
1226	0.91
1227	0.91
1228	0.91
1229	0.91
1230	0.91
1231	0.91
1232	0.91
1233	0.91
1234	0.91
1235	0.91
1236	0.91
1237	0.91
1238	0.91
1239	0.91
1240	0.91
1241	0.91
1242	0.91
1243	0.91
1244	0.91
1245	0.91
1246	0.91
1247	0.91
1248	0.91
1249	0.91
1250	0.91
1251	0.91
1252	0.91
1253	0.91
1254	0.91
1255	0.91
1256	0.91
1257	0.91
1258	0.91
1259	0.91
1260	0.91
1261	0.91
1262	0.91
1263	0.91
1264	0.91
1265	0.91
1266	0.91
1267	0.91
1268	0.91
1269	0.91
1270	0.91
1271	0.91
1272	0.91
1273	0.91
1274	0.91
1275	0.91
1276	0.91
1277	0.91
1278	0.91
1279	0.91
1280	0.91
1281	0.91
1282	0.91
1283	0.91
1284	0.91
1285	0.91
1286	0.91
1287	0.91
1288	0.91
1289	0.91
1290	0.91
1291	0.91
1292	0.91
1293	0.91
1294	0.91
1295	0.91
1296	0.91
1297	0.91
1298	0.91
1299	0.91
1300	0.91
1301	0.91
1302	0.91
1303	0.91
1304	0.91
1305	0.91
1306	0.91
1307	0.91
1308	0.91
1309	0.91
1310	0.91
1311	0.91
1312	0.91
1313	0.91
1314	0.91
1315	0.91
1316	0.91
1317	0.91
1318	0.91
1319	0.91
1320	0.91
1321	0.91
1322	0.91
1323	0.91
1324	0.91
1325	0.91
1326	0.91
1327	0.91
1328	0.91
1329	0.91
1330	0.91
1331	0.91
1332	0.91
1333	0.91
1334	0.91
1335	0.91
1336	0.91
1337	0.91
1338	0.91
1339	0.91
1340	0.91
1341	0.91
1342	0.91
1343	0.91
1344	0.91
1345	0.91
1346	0.91
1347	0.91
1348	0.91
1349	0.91
1350	0.91
1351	0.91
1352	0.91
1353	0.91
1354	0.91
1355	0.91
1356	0.91
1357	0.91
1358	0.91
1359	0.91
1360	0.91
1361	0.91
1362	0.91
1363	0.91
1364	0.91
1365	0.91
1366	0.91
1367	0.91
1368	0.91
1369	0.91
1370	0.91
1371	0.91
1372	0.91
1373	0.91
1374	0.91
1375	0.91
1376	0.91
1377	0.91
1378	0.91
1379	0.91
1380	0.91
1381	0.91
1382	0.91
1383	0.91
1384	0.91
1385	0.91
1386	0.91
1387	0.91
1388	0.91
1389	0.91
1390	0.91
1391	0.91
1392	0.91
1393	0.91
1394	0.91
1395	0.91
1396	0.91
1397	0.91
1398	0.91
1399	0.91
1400	0.91
1401	0.91
1402	0.91
1403	0.91
1404	0.91
1405	0.91
1406	0.91
1407	0.91
1408	0.91
1409	0.91
1410	0.91
1411	0.91
1412	0.91
1413	0.91
1414	0.91
1415	0.91
1416	0.91
1417	0.91
1418	0.91
1419	0.91
1420	0.91
1421	0.91
1422	0.91
1423	0.91
1424	0.91
1425	0.91
1426	0.91
1427	0.91
1428	0.91
1429	0.91
1430	0.91
1431	0.91
1432	0.91
1433	0.91
1434	0.91
1435	0.91
1436	0.91
1437	0.91
1438	0.91
1439	0.91
1440	0.91
1441	0.91
1442	0.91
1443	0.91
1444	0.91
1445	0.91
1446	0.91
1447	0.91
1448	0.91
1449	0.91
1450	0.91
1451	0.91
1452	0.91
1453	0.91
1454	0.91
1455	0.91
1456	0.91
1457	0.91
1458	0.91
1459	0.91
1460	0.91
1461	0.91
1462	0.91
1463	0.91
1464	0.91
1465	0.91
1466	0.91
1467	0.91
1468	0.91
1469	0.91
1470	0.91
1471	0.91
1472	0.91
1473	0.91
1474	0.91
1475	0.91
1476	0.91
1477	0.91
1478	0.91
1479	0.91
1480	0.91
1481	0.91
1482	0.91
1483	0.91
1484	0.91
1485	0.91
1486	0.91
1487	0.91
1488	0.91
1489	0.91
1490	0.91
1491	0.91
1492	0.91
1493	0.91
1494	0.91
1495	0.91
1496	0.91
1497	0.91
1498	0.91
1499	0.91
1500	0.91
1501	0.91
1502	0.91
1503	0.91
1504	0.91
1505	0.91
1506	0.91
1507	0.91
1508	0.91
1509	0.91
1510	0.91
1511	0.91
1512	0.91
1513	0.91
1514	0.91
1515	0.91
1516	0.91
1517	0.91
1518	0.91
1519	0.91
1520	0.91
1521	0.91
1522	0.91
1523	0.91
1524	0.91
1525	0.91
1526	0.91
1527	0.91
1528	0.91
1529	0.91
1530	0.91
1531	0.91
1532	0.91
1533	0.91
1534	0.91
1535	0.91
1536	0.91
1537	0.91
1538	0.91
1539	0.91
1540	0.91
1541	0.91
1542	0.91
1543	0.91
1544	0.91
1545	0.91
1546	0.91
1547	0.91
1548	0.91
1549	0.91
1550	0.91
1551	0.91
1552	0.91
1553	0.91
1554	0.91
1555	0.91
1556	0.91
1557	0.91
1558	0.91
1559	0.91
1560	0.91
1561	0.91
1562	0.91
1563	0.91
1564	0.91
1565	0.91
1566	0.91
1567	0.91
1568	0.91
1569	0.91
1570	0.91
1571	0.91
1572	0.91
1573	0.91
1574	0.91
1575	0.91
1576	0.91
1577	0.91
1578	0.91
1579	0.91
1580	0.91
1581	0.91
1582	0.91
1583	0.91
1584	0.91
1585	0.91
1586	0.91
1587	0.91
1588	0.91
1589	0.91
1590	0.91
1591	0.91
1592	0.91
1593	0.91
1594	0.91
1595	0.91
1596	0.91
1597	0.91
1598	0.91
1599	0.91
1600	0.91
1601	0.91
1602	0.91
1603	0.91
1604	0.91
1605	0.91
1606	0.91
1607	0.91
1608	0.91
1609	0.91
1610	0.91
1611	0.91
1612	0.91
1613	0.91
1614	0.91
1615	0.91
1616	0.91
1617	0.91
1618	0.91
1619	0.91
1620	0.91
1621	0.91
1622	0.91
1623	0.91
1624	0.91
1625	0.91
1626	0.91
1627	0.91
1628	0.91
1629	0.91
1630	0.91
1631	0.91
1632	0.91
1633	0.91
1634	0.91
1635	0.91
1636	0.91
1637	0.91
1638	0.91
1639	0.91
1640	0.91
1641	0.91
1642	0.91
1643	0.91
1644	0.91
1645	0.91
1646	0.91
1647	0.91
1648	0.91
1649	0.91
1650	0.91
1651	0.91
1652	0.91
1653	0.91
1654	0.91
1655	0.91
1656	0.91
1657	0.91
1658	0.91
1659	0.91
1660	0.91
1661	0.91
1662	0.91
1663	0.91
1664	0.91
1665	0.91
1666	0.91
1667	0.91
1668	0.91
1669	0.91
1670	0.91
1671	0.91
1672	0.91
1673	0.91
1674	0.91
1675	0.91
1676	0.91
1677	0.91
1678	0.91
1679	0.91
1680	0.91
1681	0.91
1682	0.91
1683	0.91
1684	0.91
1685	0.91
1686	0.91
1687	0.91
1688	0.91
1689	0.91
1690	0.91
1691	0.91
1692	0.91
1693	0.91
1694	0.91
1695	0.91
1696	0.91
1697	0.91
1698	0.91
1699	0.91
1700	0.91
1701	0.91
1702	0.91
1703	0.91
1704	0.91
1705	0.91
1706	0.91
1707	0.91
1708	0.91
1709	0.91
1710	0.91
1711	0.91
1712	0.91
1713	0.91
1714	0.91
1715	0.91
1716	0.91
1717	0.91
1718	0.91
1719	0.91
1720	0.91
1721	0.91
1722	0.91
1723	0.91
1724	0.91
1725	0.91
1726	0.91
1727	0.91
1728	0.91
1729	0.91
1730	0.91
1731	0.91
1732	0.91
1733	0.91
1734	0.91
1735	0.91
1736	0.91
1737	0.91
1738	0.91
1739	0.91
1740	0.91
1741	0.91
1742	0.91
1743	0.91
1744	0.91
1745	0.91
1746	0.91
1747	0.91
1748	0.91
1749	0.91
1750	0.91
1751	0.91
1752	0.91
1753	0.91
1754	0.91
1755	0.91
1756	0.91
1757	0.91
1758	0.91
1759	0.91
1760	0.91
1761	0.91
1762	0.91
1763	0.91
1764	0.91
1765	0.91
1766	0.91
1767	0.91
1768	0.91
1769	0.91
1770	0.91
1771	0.91
1772	0.91
1773	0.91
1774	0.91
1775	0.91
1776	0.91
1777	0.91
1778	0.91
1779	0.91
1780	0.91
1781	0.91
1782	0.91
1783	0.91
1784	0.91
1785	0.91
1786	0.91
1787	0.91
1788	0.91
1789	0.91
1790	0.91
1791	0.91
1792	0.91
1793	0.91
1794	0.91
1795	0.91
1796	0.91
1797	0.91
1798	0.91
1799	0.91
1800	0.91
1801	0.91
1802	0.91
1803	0.91
1804	0.91
1805	0.91
1806	0.91
1807	0.91
1808	0.91
1809	0.91
1810	0.91
1811	0.91
1812	0.91
1813	0.91
1814	0.91
1815	0.91
1816	0.91
1817	0.91
1818	0.91
1819	0.91
1820	0.91
1821	0.91
1822	0.91
1823	0.91
1824	0.91
1825	0.91
1826	0.91
1827	0.91
1828	0.91
1829	0.91
1830	0.91
1831	0.91
1832	0.91
1833	0.91
1834	0.91
1835	0.91
1836	0.91
1837	0.91
1838	0.91
1839	0.91
1840	0.91
1841	0.91
1842	0.91
1843	0.91
1844	0.91
1845	0.91
1846	0.91
1847	0.91
1848	0.91
1849	0.91
1850	0.91
1851	0.91
1852	0.91
1853	0.91
1854	0.91
1855	0.91
1856	0.91
1857	0.91
1858	0.91
1859	0.91
1860	0.91
1861	0.91
1862	0.91
1863	0.91
1864	0.91
1865	0.91
1866	0.91
1867	0.91
1868	0.91
1869	0.91
1870	0.91
1871	0.91
1872	0.91
1873	0.91
1874	0.91
1875	0.91
1876	0.91
1877	0.91
1878	0.91
1879	0.91
1880	0.91
1881	0.91
1882	0.91
1883	0.91
1884	0.91
1885	0.91
1886	0.91
1887	0.91
1888	0.91
1889	0.91
1890	0.91
1891	0.91
1892	0.91
1893	0.91
1894	0.91
1895	0.91
1896	0.91
1897	0.91
1898	0.91
1899	0.91
1900	0.91
1901	0.91
1902	0.91
1903	0.91
1904	0.91
1905	0.91
1906	0.91
1907	0.91
1908	0.91
1909	0.91
1910	0.91
1911	0.91
1912	0.91
1913	0.91
1914	0.91
1915	0.91
1916	0.91
1917	0.91
1918	0.91
1919	0.91
1920	0.91
1921	0.91
1922	0.91
1923	0.91
1924	0.91
1925	0.91
1926	0.91
1927	0.91
1928	0.91
1929	0.91
1930	0.91
1931	0.91
1932	0.91
1933	0.91
1934	0.91
1935	0.91
1936	0.91
1937	0.91
1938	0.91
1939	0.91
1940	0.91
1941	0.91
1942	0.91
1943	0.91
1944	0.91
1945	0.91
1946	0.91
1947	0.91
1948	0.91
1949	0.91
1950	0.91
1951	0.91
1952	0.91
1953	0.91
1954	0.91
1955	0.91
1956	0.91
1957	0.91
1958	0.91
1959	0.91
1960	0.91
1961	0.91
1962	0.91
1963	0.91
1964	0.91
1965	0.91
1966	0.91
1967	0.91
1968	0.91
1969	0.91
1970	0.91
1971	0.91
1972	0.91
1973	0.91
1974	0.91
1975	0.91
1976	0.91
1977	0.91
1978	0.91
1979	0.91
1980	0.91
1981	0.91
1982	0.91
1983	0.91
1984	0.91
1985	0.91
1986	0.91
1987	0.91
1988	0.91
1989	0.91
1990	0.91
1991	0.91
1992	0.91
1993	0.91
1994	0.91
1995	0.91
1996	0.91
1997	0.91
1998	0.91
1999	0.91
2000	0.91
2001	0.91
2002	0.91
2003	0.91
2004	0.91
2005	0.91
2006	0.91
2007	0.91
2008	0.91
2009	0.91
2010	0.91
2011	0.91
2012	0.91
2013	0.91
2014	0.91
2015	0.91
2016	0.91
2017	0.91
2018	0.91
2019	0.91
2020	0.91
2021	0.91
2022	0.91
2023	0.91
2024	0.91
2025	0.91
2026	0.91
2027	0.91
2028	0.91
2029	0.91
2030	0.91
2031	0.91
2032	0.91
2033	0.91
2034	0.91
2035	0.91
2036	0.91
2037	0.91
2038	0.91
2039	0.91
2040	0.91
2041	0.91
2042	0.91
2043	0.91
2044	0.91
2045	0.91
2046	0.91
2047	0.91
2048	0.91
2049	0.91
2050	0.91
2051	0.91
2052	0.91
2053	0.91
2054	0.91
2055	0.91
2056	0.91
2057	0.91
2058	0.91
2059	0.91
2060	0.91
2061	0.91
2062	0.91
2063	0.91
2064	0.91
2065	0.91
2066	0.91
2067	0.91
2068	0.91
2069	0.91
2070	0.91
2071	0.91
2072	0.91
2073	0.91
2074	0.91
2075	0.91
2076	0.91
2077	0.91
2078	0.91
2079	0.91
2080	0.91
2081	0.91
2082	0.91
2083	0.91
2084	0.91
2085	0.91
2086	0.91
2087	0.91
2088	0.91
2089	0.91
2090	0.91
2091	0.91
2092	0.91
2093	0.91
2094	0.91
2095	0.91
2096	0.91
2097	0.91
2098	0.91
2099	0.91
2100	0.91
2101	0.91
2102	0.91
2103	0.91
2104	0.91
2105	0.91
2106	0.91
2107	0.91
2108	0.91
2109	0.91
2110	0.91
2111	0.91
2112	0.91
2113	0.91
2114	0.91
2115	0.91
2116	0.91
2117	0.91
2118	0.91
2119	0.91
2120	0.91
2121	0.91
2122	0.91
2123	0.91
2124	0.91
2125	0.91
2126	0.91
2127	0.91
2128	0.91
2129	0.91
2130	0.91
2131	0.91
2132	0.91
2133	0.91
2134	0.91
2135	0.91
2136	0.91
2137	0.91
2138	0.91
2139	0.91
2140	0.91
2141	0.91
2142	0.91
2143	0.91
2144	0.91
2145	0.91
2146	0.91
2147	0.91
2148	0.91
2149	0.91
2150	0.91
2151	0.91
2152	0.91
2153	0.91
2154	0.91
2155	0.91
2156	0.91
2157	0.91
2158	0.91
2159	0.91
2160	0.91
2161	0.91
2162	0.91
2163	0.91
2164	0.91
2165	0.91
2166	0.91
2167	0.91
2168	0.91
2169	0.91
2170	0.91
2171	0.91
2172	0.91
2173	0.91
2174	0.91
2175	0.91
2176	0.91
2177	0.91
2178	0.91
2179	0.91
2180	0.91
2181	0.91
2182	0.91
2183	0.91
2184	0.91
2185	0.91
2186	0.91
2187	0.91
2188	0.91
2189	0.91
2190	0.91
2191	0.91
2192	0.91
2193	0.91
2194	0.91
2195	0.91
2196	0.91
2197	0.91
2198	0.91
2199	0.91
2200	0.91
2201	0.91
2202	0.91
2203	0.91
2204	0.91
2205	0.91
2206	0.91
2207	0.91
2208	0.91
2209	0.91
2210	0.91
2211	0.91
2212	0.91
2213	0.91
2214	0.91
2215	0.91
2216	0.91
2217	0.91
2218	0.91
2219	0.91
2220	0.91
2221	0.91
2222	0.91
2223	0.91
2224	0.91
2225	0.91
2226	0.91
2227	0.91
2228	0.91
2229	0.91
2230	0.91
2231	0.91
2232	0.91
2233	0.91
2234	0.91
2235	0.91
2236	0.91
2237	0.91
2238	0.91
2239	0.91
2240	0.91
2241	0.91
2242	0.91
2243	0.91
2244	0.91
2245	0.91
2246	0.91
2247	0.91
2248	0.91
2249	0.91
2250	0.91
2251	0.91
2252	0.91
2253	0.91
2254	0.91
2255	0.91
2256	0.91
2257	0.91
2258	0.91
2259	0.91
2260	0.91
2261	0.91
2262	0.91
2263	0.91
2264	0.91
2265	0.91
2266	0.91
2267	0.91
2268	0.91
2269	0.91
2270	0.91
2271	0.91
2272	0.91
2273	0.91
2274	0.91
2275	0.91
2276	0.91
2277	0.91
2278	0.91
2279	0.91
2280	0.91
2281	0.91
2282	0.91
2283	0.91
2284	0.91
2285	0.91
2286	0.91
2287	0.91
2288	0.91
2289	0.91
2290	0.91
2291	0.91
2292	0.91
2293	0.91
2294	0.91
2295	0.91
2296	0.91
2297	0.91
2298	0.91
2299	0.91
2300	0.91
2301	0.91
2302	0.91
2303	0.91
2304	0.91
2305	0.91
2306	0.91
2307	0.91
2308	0.91
2309	0.91
2310	0.91
2311	0.91
2312	0.91
2313	0.91
2314	0.91
2315	0.91
2316	0.91
2317	0.91
2318	0.91
2319	0.91
2320	0.91
2321	0.91
2322	0.91
2323	0.91
2324	0.91
2325	0.91
2326	0.91
2327	0.91
2328	0.91
2329	0.91
2330	0.91
2331	0.91
2332	0.91
2333	0.91
2334	0.91
2335	0.91
2336	0.91
2337	0.91
2338	0.91
2339	0.91
2340	0.91
2341	0.91
2342	0.91
2343	0.91
2344	0.91
2345	0.91
2346	0.91
2347	0.91
2348	0.91
2349	0.91
2350	0.91
2351	0.91
2352	0.91
2353	0.91
2354	0.91
2355	0.91
2356	0.91
2357	0.91
2358	0.91
2359	0.91
2360	0.91
2361	0.91
2362	0.91
2363	0.91
2364	0.91
2365	0.91
2366	0.91
2367	0.91
2368	0.91
2369	0.91
2370	0.91
2371	0.91
2372	0.91
2373	0.91
2374	0.91
2375	0.91
2376	0.91
2377	0.91
2378	0.91
2379	0.91
2380	0.91
2381	0.91
2382	0.91
2383	0.91
2384	0.91
2385	0.91
2386	0.91
2387	0.91
2388	0.91
2389	0.91
2390	0.91
2391	0.91
2392	0.91
2393	0.91
2394	0.91
2395	0.91
2396	0.91
2397	0.91
2398	0.91
2399	0.91
2400	0.91
2401	0.91
2402	0.91
2403	0.91
2404	0.91
2405	0.91
2406	0.91
2407	0.91
2408	0.91
2409	0.91
2410	0.91
2411	0.91
2412	0.91
2413	0.91
2414	0.91
2415	0.91
2416	0.91
2417	0.91
2418	0.91
2419	0.91
2420	0.91
2421	0.91
2422	0.91
2423	0.91
2424	0.91
2425	0.91
2426	0.91
2427	0.91
2428	0.91
2429	0.91
2430	0.91
2431	0.91
2432	0.91
2433	0.91
2434	0.91
2435	0.91
2436	0.91
2437	0.91
2438	0.91
2439	0.91
2440	0.91
2441	0.91
2442	0.91
2443	0.91
2444	0.91
2445	0.91
2446	0.91
2447	0.91
2448	0.91
2449	0.91
2450	0.91
2451	0.91
2452	0.91
2453	0.91
2454	0.91
2455	0.91
2456	0.91
2457	0.91
2458	0.91
2459	0.91
2460	0.91
2461	0.91
2462	0.91
2463	0.91
2464	0.91
2465	0.91
2466	0.91
2467	0.91
2468	0.91
2469	0.91
2470	0.91
2471	0.91
2472	0.91
2473	0.91
2474	0.91
2475	0.91
2476	0.91
2477	0.91
2478	0.91
2479	0.91
2480	0.91
2481	0.91
2482	0.91
2483	0.91
2484	0.91
2485	0.91
2486	0.91
2487	0.91
2488	0.91
2489	0.91
2490	0.91
2491	0.91
2492	0.91
2493	0.91
2494	0.91
2495	0.91
2496	0.91
2497	0.91
2498	0.91
2499	0.91
2500	0.91
2501	0.91
2502	0.91
2503	0.91
2504	0.91
2505	0.91
2506	0.91
2507	0.91
2508	0.91
2509	0.91
2510	0.91
2511	0.91
2512	0.91
2513	0.91
2514	0.91
2515	0.91
2516	0.91
2517	0.91
2518	0.91
2519	0.91
2520	0.91
2521	0.91
2522	0.91
2523	0.91
2524	0.91
2525	0.91
2526	0.91
2527	0.91
2528	0.91
2529	0.91
2530	0.91
2531	0.91
2532	0.91
2533	0.91
2534	0.91
2535	0.91
2536	0.91
2537	0.91
2538	0.91
2539	0.91
2540	0.91
2541	0.91
2542	0.91
2543	0.91
2544	0.91
2545	0.91
2546	0.91
2547	0.91
2548	0.91
2549	0.91
2550	0.91
2551	0.91
2552	0.91
2553	0.91
2554	0.91
2555	0.91
2556	0.91
2557	0.91
2558	0.91
2559	0.91
2560	0.91
2561	0.91
2562	0.91
2563	0.91
2564	0.91
2565	0.91
2566	0.91
2567	0.91
2568	0.91
2569	0.91
2570	0.91
2571	0.91
2572	0.91
2573	0.91
2574	0.91
2575	0.91
2576	0.91
2577	0.91
2578	0.91
2579	0.91
2580	0.91
2581	0.91
2582	0.91
2583	0.91
2584	0.91
2585	0.91
2586	0.91
2587	0.91
2588	0.91
2589	0.91
2590	0.91
2591	0.91
2592	0.91
2593	0.91
2594	0.91
2595	0.91
2596	0.91
2597	0.91
2598	0.91
2599	0.91
2600	0.91
2601	0.91
2602	0.91
2603	0.91
2604	0.91
2605	0.91
2606	0.91
2607	0.91
2608	0.91
2609	0.91
2610	0.91
2611	0.91
2612	0.91
2613	0.91
2614	0.91
2615	0.91
2616	0.91
2617	0.91
2618	0.91
2619	0.91
2620	0.91
2621	0.91
2622	0.91
2623	0.91
2624	0.91
2625	0.91
2626	0.91
2627	0.91
2628	0.91
2629	0.91
2630	0.91
2631	0.91
2632	0.91
2633	0.91
2634	0.91
2635	0.91
2636	0.91
2637	0.91
2638	0.91
2639	0.91
2640	0.91
2641	0.91
2642	0.91
2643	0.91
2644	0.91
2645	0.91
2646	0.91
2647	0.91
2648	0.91
2649	0.91
2650	0.91
2651	0.91
2652	0.91
2653	0.91
2654	0.91
2655	0.91
2656	0.91
2657	0.91
2658	0.91
2659	0.91
2660	0.91
2661	0.91
2662	0.91
2663	0.91
2664	0.91
2665	0.91
2666	0.91
2667	0.91
2668	0.91
2669	0.91
2670	0.91
2671	0.91
2672	0.91
2673	0.91
2674	0.91
2675	0.91
2676	0.91
2677	0.91
2678	0.91
2679	0.91
2680	0.91
2681	0.91
2682	0.91
2683	0.91
2684	0.91
2685	0.91
2686	0.91
2687	0.91
2688	0.91
2689	0.91
2690	0.91
2691	0.91
2692	0.91
2693	0.91
2694	0.91
2695	0.91
2696	0.91
2697	0.91
2698	0.91
2699	0.91
2700	0.91
2701	0.91
2702	0.91
2703	0.91
2704	0.91
2705	0.91
2706	0.91
2707	0.91
2708	0.91
2709	0.91
2710	0.91
2711	0.91
2712	0.91
2713	0.91
2714	0.91
2715	0.91
2716	0.91
2717	0.91
2718	0.91
2719	0.91
2720	0.91
2721	0.91
2722	0.91
2723	0.91
2724	0.91
2725	0.91
2726	0.91
2727	0.91
2728	0.91
2729	0.91
2730	0.91
2731	0.91
2732	0.91
2733	0.91
2734	0.91
2735	0.91
2736	0.91
2737	0.91
2738	0.91
2739	0.91
2740	0.91
2741	0.91
2742	0.91
2743	0.91
2744	0.91
2745	0.91
2746	0.91
2747	0.91
2748	0.91
2749	0.91
2750	0.91
2751	0.91
2752	0.91
2753	0.91
2754	0.91
2755	0.91
2756	0.91
2757	0.91
2758	0.91
2759	0.91
2760	0.91
2761	0.91
2762	0.91
2763	0.91
2764	0.91
2765	0.91
2766	0.91
2767	0.91
2768	0.91
2769	0.91
2770	0.91
2771	0.91
2772	0.91
2773	0.91
2774	0.91
2775	0.91
2776	0.91
2777	0.91
2778	0.91
2779	0.91
2780	0.91
2781	0.91
2782	0.91
2783	0.91
2784	0.91
2785	0.91
2786	0.91
2787	0.91
2788	0.91
2789	0.91
2790	0.91
2791	0.91
2792	0.91
2793	0.91
2794	0.91
2795	0.91
2796	0.91
2797	0.91
2798	0.91
2799	0.91
2800	0.91
2801	0.91
2802	0.91
2803	0.91
2804	0.91
2805	0.91
2806	0.91
2807	0.91
2808	0.91
2809	0.91
2810	0.91
2811	0.91
2812	0.91
2813	0.91
2814	0.91
2815	0.91
2816	0.91
2817	0.91
2818	0.91
2819	0.91
2820	0.91
2821	0.91
2822	0.91
2823	0.91
2824	0.91
2825	0.91
2826	0.91
2827	0.91
2828	0.91
2829	0.91
2830	0.91
2831	0.91
2832	0.91
2833	0.91
2834	0.91
2835	0.91
2836	0.91
2837	0.91
2838	0.91
2839	0.91
2840	0.91
2841	0.91
2842	0.91
2843	0.91
2844	0.91
2845	0.91
2846	0.91
2847	0.91
2848	0.91
2849	0.91
2850	0.91
2851	0.91
2852	0.91
2853	0.91
2854	0.91
2855	0.91
2856	0.91
2857	0.91
2858	0.91
2859	0.91
2860	0.91
2861	0.91
2862	0.91
2863	0.91
2864	0.91
2865	0.91
2866	0.91
2867	0.91
2868	0.91
2869	0.91
2870	0.91
2871	0.91
2872	0.91
2873	0.91
2874	0.91
2875	0.91
2876	0.91
2877	0.91
2878	0.91
2879	0.91
2880	0.91
2881	0.91
2882	0.91
2883	0.91
2884	0.91
2885	0.91
2886	0.91
2887	0.91
2888	0.91
2889	0.91
2890	0.91
2891	0.91
2892	0.91
2893	0.91
2894	0.91
2895	0.91
2896	0.91
2897	0.91
2898	0.91
2899	0.91
2900	0.91
2901	0.91
2902	0.91
2903	0.91
2904	0.91
2905	0.91
2906	0.91
2907	0.91
2908	0.91
2909	0.91
2910	0.91
2911	0.91
2912	0.91
2913	0.91
2914	0.91
2915	0.91
2916	0.91
2917	0.91
2918	0.91
2919	0.91
2920	0.91
2921	0.91
2922	0.91
2923	0.91
2924	0.91
2925	0.91
2926	0.91
2927	0.91
2928	0.91
2929	0.91
2930	0.91
2931	0.91
2932	0.91
2933	0.91
2934	0.91
2935	0.91
2936	0.91
2937	0.91
2938	0.91
2939	0.91
2940	0.91
2941	0.91
2942	0.91
2943	0.91
2944	0.91
2945	0.91
2946	0.91
2947	0.91
2948	0.91
2949	0.91
2950	0.91
2951	0.91
2952	0.91
2953	0.91
2954	0.91
2955	0.91
2956	0.91
2957	0.91
2958	0.91
2959	0.91
2960	0.91
2961	0.91
2962	0.91
2963	0.91
2964	0.91
2965	0.91
2966	0.91
2967	0.91
2968	0.91
2969	0.91
2970	0.91
2971	0.91
2972	0.91
2973	0.91
2974	0.91
2975	0.91
2976	0.91
2977	0.91
2978	0.91
2979	0.91
2980	0.91
2981	0.91
2982	0.91
2983	0.91
2984	0.91
2985	0.91
2986	0.91
2987	0.91
2988	0.91
2989	0.91
2990	0.91
2991	0.91
2992	0.91
2993	0.91
2994	0.91
2995	0.91
2996	0.91
2997	0.91
2998	0.91
2999	0.91
3000	0.91
3001	0.91
3002	0.91
3003	0.91
3004	0.91
3005	0.91
3006	0.91
3007	0.91
3008	0.91
3009	0.91
3010	0.91
3011	0.91
3012	0.91
3013	0.91
3014	0.91
3015	0.91
3016	0.91
3017	0.91
3018	0.91
3019	0.91
3020	0.91
3021	0.91
3022	0.91
3023	0.91
3024	0.91
3025	0.91
3026	0.91
3027	0.91
3028	0.91
3029	0.91
3030	0.91
3031	0.91
3032	0.91
3033	0.91
3034	0.91
3035	0.91
3036	0.91
3037	0.91
3038	0.91
3039	0.91
3040	0.91
3041	0.91
3042	0.91
3043	0.91
3044	0.91
3045	0.91
3046	0.91
3047	0.91
3048	0.91
3049	0.91
3050	0.91
3051	0.91
3052	0.91
3053	0.91
3054	0.91
3055	0.91
3056	0.91
3057	0.91
3058	0.91
3059	0.91
3060	0.91
3061	0.91
3062	0.91
3063	0.91
3064	0.91
3065	0.91
3066	0.91
3067	0.91
3068	0.91
3069	0.91
3070	0.91
3071	0.91
3072	0.91
3073	0.91
3074	0.91
3075	0.91
3076	0.91
3077	0.91
3078	0.91
3079	0.91
3080	0.91
3081	0.91
3082	0.91
3083	0.91
3084	0.91
3085	0.91
3086	0.91
3087	0.91
3088	0.91
3089	0.91
3090	0.91
3091	0.91
3092	0.91
3093	0.91
3094	0.91
3095	0.91
3096	0.91
3097	0.91
3098	0.91
3099	0.91
3100	0.91
3101	0.91
3102	0.91
3103	0.91
3104	0.91
3105	0.91
3106	0.91
3107	0.91
3108	0.91
3109	0.91
3110	0.91
3111	0.91
3112	0.91
3113	0.91
3114	0.91
3115	0.91
3116	0.91
3117	0.91
3118	0.91
3119	0.91
3120	0.91
3121	0.91
3122	0.91
3123	0.91
3124	0.91
3125	0.91
3126	0.91
3127	0.91
3128	0.91
3129	0.91
3130	0.91
3131	0.91
3132	0.91
3133	0.91
3134	0.91
3135	0.91
3136	0.91
3137	0.91
3138	0.91
3139	0.91
3140	0.91
3141	0.91
3142	0.91
3143	0.91
3144	0.91
3145	0.91
3146	0.91
3147	0.91
3148	0.91
3149	0.91
3150	0.91
3151	0.91
3152	0.91
3153	0.91
3154	0.91
3155	0.91
3156	0.91
3157	0.91
3158	0.91
3159	0.91
3160	0.91
3161	0.91
3162	0.91
3163	0.91
3164	0.91
3165	0.91
3166	0.91
3167	0.91
3168	0.91
3169	0.91
3170	0.91
3171	0.91
3172	0.91
3173	0.91
3174	0.91
3175	0.91
3176	0.91
3177	0.91
3178	0.91
3179	0.91
3180	0.91
3181	0.91
3182	0.91
3183	0.91
3184	0.91
3185	0.91
3186	0.91
3187	0.91
3188	0.91
3189	0.91
3190	0.91
3191	0.91
3192	0.91
3193	0.91
3194	0.91
3195	0.91
3196	0.91
3197	0.91
3198	0.91
3199	0.91
3200	0.91
3201	0.91
3202	0.91
3203	0.91
3204	0.91
3205	0.91
3206	0.91
3207	0.91
3208	0.91
3209	0.91
3210	0.91
3211	0.91
3212	0.91
3213	0.91
3214	0.91
3215	0.91
3216	0.91
3217	0.91
3218	0.91
3219	0.91
3220	0.91
3221	0.91
3222	0.91
3223	0.91
3224	0.91
3225	0.91
3226	0.91
3227	0.91
3228	0.91
3229	0.91
3230	0.91
3231	0.91
3232	0.91
3233	0.91
3234	0.91
3235	0.91
3236	0.91
3237	0.91
3238	0.91
3239	0.91
3240	0.91
3241	0.91
3242	0.91
3243	0.91
3244	0.91
3245	0.91
3246	0.91
3247	0.91
3248	0.91
3249	0.91
3250	0.91
3251	0.91
3252	0.91
3253	0.91
3254	0.91
3255	0.91
3256	0.91
3257	0.91
3258	0.91
3259	0.91
3260	0.91
3261	0.91
3262	0.91
3263	0.91
3264	0.91
3265	0.91
3266	0.91
3267	0.91
3268	0.91
3269	0.91
3270	0.91
3271	0.91
3272	0.91
3273	0.91
3274	0.91
3275	0.91
3276	0.91
3277	0.91
3278	0.91
3279	0.91
3280	0.91
3281	0.91
3282	0.91
3283	0.91
3284	0.91
3285	0.91
3286	0.91
3287	0.91
3288	0.91
3289	0.91
3290	0.91
3291	0.91
3292	0.91
3293	0.91
3294	0.91
3295	0.91
3296	0.91
3297	0.91
3298	0.91
3299	0.91
3300	0.91
3301	0.91
3302	0.91
3303	0.91
3304	0.91
3305	0.91
3306	0.91
3307	0.91
3308	0.91
3309	0.91
3310	0.91
3311	0.91
3312	0.91
3313	0.91
3314	0.91
3315	0.91
3316	0.91
3317	0.91
3318	0.91
3319	0.91
3320	0.91
3321	0.91
3322	0.91
3323	0.91
3324	0.91
3325	0.91
3326	0.91
3327	0.91
3328	0.91
3329	0.91
3330	0.91
3331	0.91
3332	0.91
3333	0.91
3334	0.91
3335	0.91
3336	0.91
3337	0.91
3338	0.91
3339	0.91
3340	0.91
3341	0.91
3342	0.91
3343	0.91
3344	0.91
3345	0.91
3346	0.91
3347	0.91
3348	0.91
3349	0.91
3350	0.91
3351	0.91
3352	0.91
3353	0.91
3354	0.91
3355	0.91
3356	0.91
3357	0.91
3358	0.91
3359	0.91
3360	0.91
3361	0.91
3362	0.91
3363	0.91
3364	0.91
3365	0.91
3366	0.91
3367	0.91
3368	0.91
3369	0.91
3370	0.91
3371	0.91
3372	0.91
3373	0.91
3374	0.91
3375	0.91
3376	0.91
3377	0.91
3378	0.91
3379	0.91
3380	0.91
3381	0.91
3382	0.91
3383	0.91
3384	0.91
3385	0.91
3386	0.91
3387	0.91
3388	0.91
3389	0.91
3390	0.91
3391	0.91
3392	0.91
3393	0.91
3394	0.91
3395	0.91
3396	0.91
3397	0.91
3398	0.91
3399	0.91
3400	0.91
3401	0.91
3402	0.91
3403	0.91
3404	0.91
3405	0.91
3406	0.91
3407	0.91
3408	0.91
3409	0.91
3410	0.91
3411	0.91
3412	0.91
3413	0.91
3414	0.91
3415	0.91
3416	0.91
3417	0.91
3418	0.91
3419	0.91
3420	0.91
3421	0.91
3422	0.91
3423	0.91
3424	0.91
3425	0.91
3426	0.91
3427	0.91
3428	0.91
3429	0.91
3430	0.91
3431	0.91
3432	0.91
3433	0.91
3434	0.91
3435	0.91
3436	0.91
3437	0.91
3438	0.91
3439	0.91
3440	0.91
3441	0.91
3442	0.91
3443	0.91
3444	0.91
3445	0.91
3446	0.91
3447	0.91
3448	0.91
3449	0.91
3450	0.91
3451	0.91
3452	0.91
3453	0.91
3454	0.91
3455	0.91
3456	0.91
3457	0.91
3458	0.91
3459	0.91
3460	0.91
3461	0.91
3462	0.91
3463	0.91
3464	0.91
3465	0.91
3466	0.91
3467	0.91
3468	0.91
3469	0.91
3470	0.91
3471	0.91
3472	0.91
3473	0.91
3474	0.91
3475	0.91
3476	0.91
3477	0.91
3478	0.91
3479	0.91
3480	0.91
3481	0.91
3482	0.91
3483	0.91
3484	0.91
3485	0.91
3486	0.91
3487	0.91
3488	0.91
3489	0.91
3490	0.91
3491	0.91
3492	0.91
3493	0.91
3494	0.91
3495	0.91
3496	0.91
3497	0.91
3498	0.91
3499	0.91
3500	0.91
3501	0.91
3502	0.91
3503	0.91
3504	0.91
3505	0.91
3506	0.91
3507	0.91
3508	0.91
3509	0.91
3510	0.91
3511	0.91
3512	0.91
3513	0.91
3514	0.91
3515	0.91
3516	0.91
3517	0.91
3518	0.91
3519	0.91
3520	0.91
3521	0.91
3522	0.91
3523	0.91
3524	0.91
3525	0.91
3526	0.91
3527	0.91
3528	0.91
3529	0.91
3530	0.91
3531	0.91
3532	0.91
3533	0.91
3534	0.91
3535	0.91
3536	0.91
3537	0.91
3538	0.91
3539	0.91
3540	0.91
3541	0.91
3542	0.91
3543	0.91
3544	0.91
3545	0.91
3546	0.91
3547	0.91
3548	0.91
3549	0.91
3550	0.91
3551	0.91
3552	0.91
3553	0.91
3554	0.91
3555	0.91
3556	0.91
3557	0.91
3558	0.91
3559	0.91
3560	0.91
3561	0.91
3562	0.91
3563	0.91
3564	0.91
3565	0.91
3566	0.91
3567	0.91
3568	0.91
3569	0.91
3570	0.91
3571	0.91
3572	0.91
3573	0.91
3574	0.91
3575	0.91
3576	0.91
3577	0.91
3578	0.91
3579	0.91
3580	0.91
3581	0.91
3582	0.91
3583	0.91
3584	0.91
3585	0.91
3586	0.91
3587	0.91
3588	0.91
3589	0.91
3590	0.91
3591	0.91
3592	0.91
3593	0.91
3594	0.91
3595	0.91
3596	0.91
3597	0.91
3598	0.91
3599	0.91
3600	0.91
3601	0.91
3602	0.91
3603	0.91
3604	0.91
3605	0.91
3606	0.91
3607	0.91
3608	0.91
3609	0.91
3610	0.91
3611	0.91
3612	0.91
3613	0.91
3614	0.91
3615	0.94
3616	0.94
3617	0.94
3618	0.94
3619	0.94
3620	0.94
3621	0.94
3622	0.94
3623	0.94
3624	0.94
3625	0.94
3626	0.94
3627	0.94
3628	0.94
3629	0.94
3630	0.94
3631	0.94
3632	0.94
3633	0.94
3634	0.94
3635	0.94
3636	0.94
3637	0.94
3638	0.94
3639	0.94
3640	0.94
3641	0.94
3642	0.94
3643	0.94
3644	0.94
3645	0.94
3646	0.94
3647	0.94
3648	0.94
3649	0.94
3650	0.94
3651	0.94
3652	0.94
3653	0.94
3654	0.94
3655	0.94
3656	0.94
3657	0.94
3658	0.94
3659	0.94
3660	0.94
3661	0.94
3662	0.94
3663	0.94
3664	0.94
3665	0.94
3666	0.94
3667	0.94
3668	0.94
3669	0.94
3670	0.94
3671	0.94
3672	0.94
3673	0.94
3674	0.94
3675	0.94
3676	0.94
3677	0.94
3678	0.94
3679	0.94
3680	0.94
3681	0.94
3682	0.94
3683	0.94
3684	0.94
3685	0.94
3686	0.94
3687	0.94
3688	0.94
3689	0.94
3690	0.94
3691	0.94
3692	0.94
3693	0.94
3694	0.94
3695	0.94
3696	0.94
3697	0.94
3698	0.94
3699	0.94
3700	0.94
3701	0.94
3702	0.94
3703	0.94
3704	0.94
3705	0.94
3706	0.94
3707	0.94
3708	0.94
3709	0.94
3710	0.94
3711	0.94
3712	0.94
3713	0.94
3714	0.94
3715	0.94
3716	0.94
3717	0.94
3718	0.94
3719	0.94
3720	0.94
3721	0.94
3722	0.94
3723	0.94
3724	0.94
3725	0.94
3726	0.94
3727	0.94
3728	0.94
3729	0.94
3730	0.94
3731	0.94
3732	0.94
3733	0.94
3734	0.94
3735	0.94
3736	0.94
3737	0.94
3738	0.94
3739	0.94
3740	0.94
3741	0.94
3742	0.94
3743	0.94
3744	0.94
3745	0.94
3746	0.94
3747	0.94
3748	0.94
3749	0.94
3750	0.94
3751	0.94
3752	0.94
3753	0.94
3754	0.94
3755	0.94
3756	0.94
3757	0.94
3758	0.94
3759	0.94
3760	0.94
3761	0.94
3762	0.94
3763	0.94
3764	0.94
3765	0.94
3766	0.94
3767	0.94
3768	0.94
3769	0.94
3770	0.94
3771	0.94
3772	0.94
3773	0.94
3774	0.94
3775	0.94
3776	0.94
3777	0.94
3778	0.94
3779	0.94
3780	0.94
3781	0.94
3782	0.94
3783	0.94
3784	0.94
3785	0.94
3786	0.94
3787	0.94
3788	0.94
3789	0.94
3790	0.94
3791	0.94
3792	0.94
3793	0.94
3794	0.94
3795	0.94
3796	0.94
3797	0.94
3798	0.94
3799	0.94
3800	0.94
3801	0.94
3802	0.94
3803	0.94
3804	0.94
3805	0.94
3806	0.94
3807	0.94
3808	0.94
3809	0.94
3810	0.94
3811	0.94
3812	0.94
3813	0.94
3814	0.94
3815	0.94
3816	0.94
3817	0.94
3818	0.94
3819	0.94
3820	0.94
3821	0.94
3822	0.94
3823	0.94
3824	0.94
3825	0.94
3826	0.94
3827	0.94
3828	0.94
3829	0.94
3830	0.94
3831	0.94
3832	0.94
3833	0.94
3834	0.94
3835	0.94
3836	0.94
3837	0.94
3838	0.94
3839	0.94
3840	0.94
3841	0.94
3842	0.94
3843	0.94
3844	0.94
3845	0.94
3846	0.94
3847	0.94
3848	0.94
3849	0.94
3850	0.94
3851	0.94
3852	0.94
3853	0.94
3854	0.94
3855	0.94
3856	0.94
3857	0.94
3858	0.94
3859	0.94
3860	0.94
3861	0.94
3862	0.94
3863	0.94
3864	0.94
3865	0.94
3866	0.94
3867	0.94
3868	0.94
3869	0.94
3870	0.94
3871	0.94
3872	0.94
3873	0.94
3874	0.94
3875	0.94
3876	0.94
3877	0.94
3878	0.94
3879	0.94
3880	0.94
3881	0.94
3882	0.94
3883	0.94
3884	0.94
3885	0.94
3886	0.94
3887	0.94
3888	0.94
3889	0.94
3890	0.94
3891	0.94
3892	0.94
3893	0.94
3894	0.94
3895	0.94
3896	0.94
3897	0.94
3898	0.94
3899	0.94
3900	0.94
3901	0.94
3902	0.94
3903	0.94
3904	0.94
3905	0.94
3906	0.94
3907	0.94
3908	0.94
3909	0.94
3910	0.94
3911	0.94
3912	0.94
3913	0.94
3914	0.94
3915	0.94
3916	0.94
3917	0.94
3918	0.94
3919	0.94
3920	0.94
3921	0.94
3922	0.94
3923	0.94
3924	0.94
3925	0.94
3926	0.94
3927	0.94
3928	0.94
3929	0.94
3930	0.94
3931	0.94
3932	0.94
3933	0.94
3934	0.94
3935	0.94
3936	0.94
3937	0.94
3938	0.94
3939	0.94
3940	0.94
3941	0.94
3942	0.94
3943	0.94
3944	0.94
3945	0.94
3946	0.94
3947	0.94
3948	0.94
3949	0.94
3950	0.94
3951	0.94
3952	0.94
3953	0.94
3954	0.94
3955	0.94
3956	0.94
3957	0.94
3958	0.94
3959	0.94
3960	0.94
3961	0.94
3962	0.94
3963	0.94
3964	0.94
3965	0.94
3966	0.94
3967	0.94
3968	0.94
3969	0.94
3970	0.94
3971	0.94
3972	0.94
3973	0.94
3974	0.94
3975	0.94
3976	0.94
3977	0.94
3978	0.94
3979	0.94
3980	0.94
3981	0.94
3982	0.94
3983	0.94
3984	0.94
3985	0.94
3986	0.94
3987	0.94
3988	0.94
3989	0.94
3990	0.94
3991	0.94
3992	0.94
3993	0.94
3994	0.94
3995	0.94
3996	0.94
3997	0.94
3998	0.94
3999	0.94
4000	0.94
4001	0.94
4002	0.94
4003	0.94
4004	0.94
4005	0.94
4006	0.94
4007	0.94
4008	0.94
4009	0.94
4010	0.94
4011	0.94
4012	0.94
4013	0.94
4014	0.94
4015	0.94
4016	0.94
4017	0.94
4018	0.94
4019	0.94
4020	0.94
4021	0.94
4022	0.94
4023	0.94
4024	0.94
4025	0.94
4026	0.94
4027	0.94
4028	0.94
4029	0.94
4030	0.94
4031	0.94
4032	0.94
4033	0.94
4034	0.94
4035	0.94
4036	0.94
4037	0.94
4038	0.94
4039	0.94
4040	0.94
4041	0.94
4042	0.94
4043	0.94
4044	0.94
4045	0.94
4046	0.94
4047	0.94
4048	0.94
4049	0.94
4050	0.94
4051	0.94
4052	0.94
4053	0.94
4054	0.94
4055	0.94
4056	0.94
4057	0.94
4058	0.94
4059	0.94
4060	0.94
4061	0.94
4062	0.94
4063	0.94
4064	0.94
4065	0.94
4066	0.94
4067	0.94
4068	0.94
4069	0.94
4070	0.94
4071	0.94
4072	0.94
4073	0.94
4074	0.94
4075	0.94
4076	0.94
4077	0.94
4078	0.94
4079	0.94
4080	0.94
4081	0.94
4082	0.94
4083	0.94
4084	0.94
4085	0.94
4086	0.94
4087	0.94
4088	0.94
4089	0.94
4090	0.94
4091	0.94
4092	0.94
4093	0.94
4094	0.94
4095	0.94
4096	0.94
4097	0.94
4098	0.94
4099	0.94
4100	0.94
4101	0.94
4102	0.94
4103	0.94
4104	0.94
4105	0.94
4106	0.94
4107	0.94
4108	0.94
4109	0.94
4110	0.94
4111	0.94
4112	0.94
4113	0.94
4114	0.94
4115	0.94
4116	0.94
4117	0.94
4118	0.94
4119	0.94
4120	0.94
4121	0.94
4122	0.94
4123	0.94
4124	0.94
4125	0.94
4126	0.94
4127	0.94
4128	0.94
4129	0.94
4130	0.94
4131	0.94
4132	0.94
4133	0.94
4134	0.94
4135	0.94
4136	0.94
4137	0.94
4138	0.94
4139	0.94
4140	0.94
4141	0.94
4142	0.94
4143	0.94
4144	0.94
4145	0.94
4146	0.94
4147	0.94
4148	0.94
4149	0.94
4150	0.94
4151	0.94
4152	0.94
4153	0.94
4154	0.94
4155	0.94
4156	0.94
4157	0.94
4158	0.94
4159	0.94
4160	0.94
4161	0.94
4162	0.94
4163	0.94
4164	0.94
4165	0.94
4166	0.94
4167	0.94
4168	0.94
4169	0.94
4170	0.94
4171	0.94
4172	0.94
4173	0.94
4174	0.94
4175	0.94
4176	0.94
4177	0.94
4178	0.94
4179	0.94
4180	0.94
4181	0.94
4182	0.94
4183	0.94
4184	0.94
4185	0.94
4186	0.94
4187	0.94
4188	0.94
4189	0.94
4190	0.94
4191	0.94
4192	0.94
4193	0.94
4194	0.94
4195	0.94
4196	0.94
4197	0.94
4198	0.94
4199	0.94
4200	0.94
4201	0.94
4202	0.94
4203	0.94
4204	0.94
4205	0.94
4206	0.94
4207	0.94
4208	0.94
4209	0.94
4210	0.94
4211	0.94
4212	0.94
4213	0.94
4214	0.94
4215	0.94
4216	0.94
4217	0.94
4218	0.94
4219	0.94
4220	0.94
4221	0.94
4222	0.94
4223	0.94
4224	0.94
4225	0.94
4226	0.94
4227	0.94
4228	0.94
4229	0.94
4230	0.94
4231	0.94
4232	0.94
4233	0.94
4234	0.94
4235	0.94
4236	0.94
4237	0.94
4238	0.94
4239	0.94
4240	0.94
4241	0.94
4242	0.94
4243	0.94
4244	0.94
4245	0.94
4246	0.94
4247	0.94
4248	0.94
4249	0.94
4250	0.94
4251	0.94
4252	0.94
4253	0.94
4254	0.94
4255	0.94
4256	0.94
4257	0.94
4258	0.94
4259	0.94
4260	0.94
4261	0.94
4262	0.94
4263	0.94
4264	0.94
4265	0.94
4266	0.94
4267	0.94
4268	0.97
4269	0.97
4270	0.97
4271	0.97
4272	0.97
4273	0.97
4274	0.97
4275	0.97
4276	0.97
4277	0.97
4278	0.97
4279	0.97
4280	0.97
4281	0.97
4282	0.97
4283	0.97
4284	0.97
4285	0.97
4286	0.97
4287	0.97
4288	0.97
4289	0.97
4290	0.97
4291	0.97
4292	0.97
4293	0.97
4294	0.97
4295	0.97
4296	0.97
4297	0.97
4298	0.97
4299	0.97
4300	0.97
4301	0.97
4302	0.97
4303	0.97
4304	0.97
4305	0.97
4306	0.97
4307	0.97
4308	0.97
4309	0.97
4310	0.97
4311	0.97
4312	0.97
4313	0.97
4314	0.97
4315	0.97
4316	0.97
4317	0.97
4318	0.97
4319	0.97
4320	0.97
4321	0.97
4322	0.97
4323	0.97
4324	0.97
4325	0.97
4326	0.97
4327	0.97
4328	0.97
4329	0.97
4330	0.97
4331	0.97
4332	0.97
4333	0.97
4334	0.97
4335	0.97
4336	0.97
4337	0.97
4338	0.97
4339	0.97
4340	0.97
4341	0.97
4342	0.97
4343	0.97
4344	0.97
4345	0.97
4346	0.97
4347	0.97
4348	0.97
4349	0.97
4350	0.97
4351	0.97
4352	0.97
4353	0.97
4354	0.97
4355	0.97
4356	0.97
4357	0.97
4358	0.97
4359	0.97
4360	0.97
4361	0.97
4362	0.97
4363	0.97
4364	0.97
4365	0.97
4366	0.97
4367	0.97
4368	0.97
4369	0.97
4370	0.97
4371	0.97
4372	0.97
4373	0.97
4374	0.97
4375	0.97
4376	0.97
4377	0.97
4378	0.97
4379	0.97
4380	0.97
4381	0.97
4382	0.97
4383	0.97
4384	0.97
4385	0.97
4386	0.97
4387	0.97
4388	0.97
4389	0.97
4390	0.97
4391	0.97
4392	0.97
4393	0.97
4394	0.97
4395	0.97
4396	0.97
4397	0.97
4398	0.97
4399	0.97
4400	0.97
4401	0.97
4402	0.97
4403	0.97
4404	0.97
4405	0.97
4406	0.97
4407	0.97
4408	0.97
4409	0.97
4410	0.97
4411	0.97
4412	0.97
4413	0.97
4414	0.97
4415	0.97
4416	0.97
4417	0.97
4418	0.97
4419	0.97
4420	0.97
4421	0.97
4422	0.97
4423	0.97
4424	0.97
4425	0.97
4426	0.97
4427	0.97
4428	0.97
4429	0.97
4430	0.97
4431	0.97
4432	0.97
4433	0.97
4434	0.97
4435	0.97
4436	0.97
4437	0.97
4438	0.97
4439	0.97
4440	0.97
4441	0.97
4442	0.97
4443	0.97
4444	0.97
4445	0.97
4446	0.97
4447	0.97
4448	0.97
4449	0.97
4450	0.97
4451	0.97
4452	0.97
4453	0.97
4454	0.97
4455	0.97
4456	0.97
4457	0.97
4458	0.97
4459	0.97
4460	0.97
4461	0.97
4462	0.97
4463	0.97
4464	0.97
4465	0.97
4466	0.97
4467	0.97
4468	0.97
4469	0.97
4470	0.97
4471	0.97
4472	0.97
4473	0.97
4474	0.97
4475	0.97
4476	0.97
4477	0.97
4478	0.97
4479	0.97
4480	0.97
4481	0.97
4482	0.97
4483	0.97
4484	0.97
4485	0.97
4486	0.97
4487	0.97
4488	0.97
4489	0.97
4490	0.97
4491	0.97
4492	0.97
4493	0.97
4494	0.97
4495	0.97
4496	0.97
4497	0.97
4498	0.97
4499	0.97
4500	0.97
4501	0.97
4502	0.97
4503	0.97
4504	0.97
4505	0.97
4506	0.97
4507	0.97
4508	0.97
4509	0.97
4510	0.97
4511	0.97
4512	0.97
4513	0.97
4514	0.97
4515	0.97
4516	0.97
4517	0.97
4518	0.97
4519	0.97
4520	0.97
4521	0.97
4522	0.97
4523	0.97
4524	0.97
4525	0.97
4526	0.97
4527	0.97
4528	0.97
4529	0.97
4530	0.97
4531	0.97
4532	0.97
4533	0.97
4534	0.97
4535	0.97
4536	0.97
4537	0.97
4538	0.97
4539	0.97
4540	0.97
4541	0.97
4542	0.97
4543	0.97
4544	0.97
4545	0.97
4546	0.97
4547	0.97
4548	0.97
4549	0.97
4550	0.97
4551	0.97
4552	0.97
4553	0.97
4554	0.97
4555	0.97
4556	0.97
4557	0.97
4558	0.97
4559	0.97
4560	0.97
4561	0.97
4562	0.97
4563	0.97
4564	0.97
4565	0.97
4566	0.97
4567	0.97
4568	0.97
4569	0.97
4570	0.97
4571	0.97
4572	0.97
4573	0.97
4574	0.97
4575	0.97
4576	0.97
4577	0.97
4578	0.97
4579	0.97
4580	0.97
4581	0.97
4582	0.97
4583	0.97
4584	0.97
4585	0.97
4586	0.97
4587	0.97
4588	0.97
4589	0.97
4590	0.97
4591	0.97
4592	0.97
4593	0.97
4594	0.97
4595	0.97
4596	0.97
4597	0.97
4598	0.97
4599	0.97
4600	0.97
4601	0.97
4602	0.97
4603	0.97
4604	0.97
4605	0.97
4606	0.97
4607	0.97
4608	0.97
4609	0.97
4610	0.97
4611	0.97
4612	0.97
4613	0.97
4614	0.97
4615	0.97
4616	0.97
4617	0.97
4618	0.97
4619	0.97
4620	0.97
4621	0.97
4622	0.97
4623	0.97
4624	0.97
4625	0.97
4626	0.97
4627	0.97
4628	0.97
4629	0.97
4630	0.97
4631	0.97
4632	0.97
4633	0.97
4634	0.97
4635	0.97
4636	0.97
4637	0.97
4638	0.97
4639	0.97
4640	0.97
4641	0.97
4642	0.97
4643	0.97
4644	0.97
4645	0.97
4646	0.97
4647	0.97
4648	0.97
4649	0.97
4650	0.97
4651	0.97
4652	0.97
4653	0.97
4654	0.97
4655	0.97
4656	0.97
4657	0.97
4658	0.97
4659	0.97
4660	0.97
4661	0.97
4662	0.97
4663	0.97
4664	0.97
4665	0.97
4666	0.97
4667	0.97
4668	0.97
4669	0.97
4670	0.97
4671	0.97
4672	0.97
4673	0.97
4674	0.97
4675	0.97
4676	0.97
4677	0.97
4678	0.97
4679	0.97
4680	0.97
4681	0.97
4682	0.97
4683	0.97
4684	0.97
4685	0.97
4686	0.97
4687	0.97
4688	0.97
4689	0.97
4690	0.97
4691	0.97
4692	0.97
4693	0.97
4694	0.97
4695	0.97
4696	0.97
4697	0.97
4698	0.97
4699	0.97
4700	0.97
4701	0.97
4702	0.97
4703	0.97
4704	0.97
4705	0.97
4706	0.97
4707	0.97
4708	0.97
4709	0.97
4710	0.97
4711	0.97
4712	0.97
4713	0.97
4714	0.97
4715	0.97
4716	0.97
4717	0.97
4718	0.97
4719	0.97
4720	0.97
4721	0.97
4722	0.97
4723	0.97
4724	0.97
4725	0.97
4726	0.97
4727	0.97
4728	0.97
4729	0.97
4730	0.97
4731	0.97
4732	0.97
4733	0.97
4734	0.97
4735	0.97
4736	0.97
4737	0.97
4738	0.97
4739	0.97
4740	0.97
4741	0.97
4742	0.97
4743	0.97
4744	0.97
4745	0.97
4746	0.97
4747	0.97
4748	0.97
4749	0.97
4750	0.97
4751	0.97
4752	0.97
4753	0.97
4754	0.97
4755	0.97
4756	0.97
4757	0.97
4758	0.97
4759	0.97
4760	0.97
4761	0.97
4762	1
## No. organisms: 20
## Seeds        : 1475309024, 98346
## Runtime      : 0h 1m 59s.
## Started at   : Mon Oct 21 01:23:44 2019
## Ended at     : Mon Oct 21 01:25:43 2019
