1	0.669091
2	0.699091
3	0.699091
4	0.73
5	0.73
6	0.73
7	0.76
8	0.76
9	0.76
10	0.76
11	0.76
12	0.76
13	0.76
14	0.76
15	0.76
16	0.76
17	0.76
18	0.76
19	0.76
20	0.79
21	0.79
22	0.82
23	0.82
24	0.82
25	0.82
26	0.82
27	0.82
28	0.82
29	0.82
30	0.82
31	0.82
32	0.82
33	0.82
34	0.82
35	0.82
36	0.82
37	0.82
38	0.82
39	0.82
40	0.82
41	0.82
42	0.82
43	0.82
44	0.82
45	0.82
46	0.82
47	0.82
48	0.82
49	0.82
50	0.82
51	0.82
52	0.82
53	0.82
54	0.82
55	0.82
56	0.82
57	0.82
58	0.82
59	0.82
60	0.82
61	0.82
62	0.82
63	0.82
64	0.85
65	0.85
66	0.85
67	0.85
68	0.85
69	0.85
70	0.85
71	0.85
72	0.85
73	0.85
74	0.85
75	0.85
76	0.85
77	0.85
78	0.85
79	0.85
80	0.85
81	0.85
82	0.85
83	0.85
84	0.85
85	0.85
86	0.85
87	0.85
88	0.85
89	0.85
90	0.85
91	0.85
92	0.85
93	0.85
94	0.85
95	0.85
96	0.85
97	0.85
98	0.85
99	0.85
100	0.85
101	0.85
102	0.85
103	0.85
104	0.85
105	0.85
106	0.85
107	0.85
108	0.85
109	0.85
110	0.85
111	0.85
112	0.85
113	0.85
114	0.85
115	0.85
116	0.85
117	0.85
118	0.85
119	0.85
120	0.85
121	0.85
122	0.85
123	0.85
124	0.85
125	0.85
126	0.85
127	0.85
128	0.85
129	0.85
130	0.85
131	0.85
132	0.85
133	0.85
134	0.85
135	0.85
136	0.85
137	0.85
138	0.85
139	0.85
140	0.85
141	0.85
142	0.85
143	0.85
144	0.85
145	0.85
146	0.85
147	0.85
148	0.85
149	0.85
150	0.85
151	0.85
152	0.85
153	0.85
154	0.85
155	0.85
156	0.85
157	0.85
158	0.85
159	0.85
160	0.85
161	0.85
162	0.85
163	0.85
164	0.85
165	0.85
166	0.85
167	0.85
168	0.85
169	0.85
170	0.85
171	0.85
172	0.85
173	0.85
174	0.85
175	0.85
176	0.85
177	0.85
178	0.85
179	0.85
180	0.85
181	0.85
182	0.85
183	0.85
184	0.85
185	0.85
186	0.85
187	0.85
188	0.85
189	0.85
190	0.85
191	0.85
192	0.85
193	0.85
194	0.85
195	0.85
196	0.85
197	0.85
198	0.85
199	0.85
200	0.85
201	0.85
202	0.85
203	0.85
204	0.85
205	0.85
206	0.85
207	0.85
208	0.85
209	0.85
210	0.85
211	0.85
212	0.85
213	0.85
214	0.85
215	0.85
216	0.85
217	0.85
218	0.85
219	0.85
220	0.85
221	0.85
222	0.85
223	0.85
224	0.85
225	0.85
226	0.85
227	0.85
228	0.85
229	0.85
230	0.85
231	0.85
232	0.85
233	0.85
234	0.85
235	0.85
236	0.85
237	0.85
238	0.85
239	0.85
240	0.85
241	0.85
242	0.85
243	0.85
244	0.85
245	0.85
246	0.85
247	0.85
248	0.85
249	0.85
250	0.85
251	0.85
252	0.85
253	0.85
254	0.85
255	0.85
256	0.85
257	0.85
258	0.85
259	0.85
260	0.85
261	0.85
262	0.85
263	0.85
264	0.85
265	0.85
266	0.85
267	0.85
268	0.85
269	0.85
270	0.85
271	0.85
272	0.85
273	0.85
274	0.85
275	0.85
276	0.85
277	0.85
278	0.85
279	0.85
280	0.85
281	0.85
282	0.85
283	0.85
284	0.85
285	0.85
286	0.85
287	0.85
288	0.85
289	0.85
290	0.85
291	0.85
292	0.85
293	0.85
294	0.85
295	0.85
296	0.85
297	0.85
298	0.85
299	0.85
300	0.85
301	0.85
302	0.85
303	0.85
304	0.85
305	0.85
306	0.85
307	0.85
308	0.85
309	0.85
310	0.85
311	0.85
312	0.85
313	0.85
314	0.85
315	0.85
316	0.88
317	0.88
318	0.88
319	0.88
320	0.88
321	0.88
322	0.88
323	0.88
324	0.88
325	0.88
326	0.88
327	0.88
328	0.88
329	0.88
330	0.88
331	0.88
332	0.88
333	0.88
334	0.88
335	0.88
336	0.88
337	0.88
338	0.88
339	0.88
340	0.88
341	0.88
342	0.88
343	0.88
344	0.88
345	0.88
346	0.88
347	0.88
348	0.88
349	0.88
350	0.88
351	0.88
352	0.88
353	0.88
354	0.88
355	0.88
356	0.88
357	0.88
358	0.88
359	0.88
360	0.88
361	0.88
362	0.88
363	0.88
364	0.88
365	0.88
366	0.88
367	0.88
368	0.88
369	0.88
370	0.88
371	0.88
372	0.88
373	0.88
374	0.88
375	0.88
376	0.88
377	0.88
378	0.88
379	0.88
380	0.88
381	0.88
382	0.88
383	0.88
384	0.88
385	0.88
386	0.88
387	0.88
388	0.88
389	0.88
390	0.88
391	0.88
392	0.88
393	0.88
394	0.88
395	0.88
396	0.88
397	0.88
398	0.88
399	0.88
400	0.88
401	0.88
402	0.88
403	0.88
404	0.88
405	0.88
406	0.88
407	0.88
408	0.88
409	0.88
410	0.88
411	0.88
412	0.88
413	0.88
414	0.88
415	0.88
416	0.88
417	0.88
418	0.88
419	0.88
420	0.88
421	0.88
422	0.88
423	0.88
424	0.88
425	0.88
426	0.88
427	0.88
428	0.88
429	0.88
430	0.88
431	0.88
432	0.88
433	0.88
434	0.88
435	0.88
436	0.88
437	0.88
438	0.88
439	0.88
440	0.88
441	0.88
442	0.88
443	0.88
444	0.88
445	0.88
446	0.88
447	0.88
448	0.88
449	0.88
450	0.88
451	0.88
452	0.88
453	0.88
454	0.88
455	0.88
456	0.88
457	0.88
458	0.88
459	0.88
460	0.88
461	0.88
462	0.88
463	0.88
464	0.88
465	0.88
466	0.88
467	0.88
468	0.88
469	0.88
470	0.88
471	0.88
472	0.88
473	0.88
474	0.88
475	0.88
476	0.88
477	0.88
478	0.88
479	0.88
480	0.88
481	0.88
482	0.88
483	0.88
484	0.88
485	0.88
486	0.88
487	0.88
488	0.88
489	0.88
490	0.88
491	0.88
492	0.88
493	0.88
494	0.88
495	0.88
496	0.88
497	0.88
498	0.88
499	0.88
500	0.88
501	0.88
502	0.88
503	0.91
504	0.91
505	0.91
506	0.91
507	0.91
508	0.91
509	0.91
510	0.91
511	0.91
512	0.91
513	0.91
514	0.91
515	0.91
516	0.91
517	0.91
518	0.91
519	0.91
520	0.91
521	0.91
522	0.91
523	0.91
524	0.91
525	0.91
526	0.91
527	0.91
528	0.91
529	0.91
530	0.91
531	0.91
532	0.91
533	0.91
534	0.91
535	0.91
536	0.91
537	0.91
538	0.91
539	0.91
540	0.91
541	0.91
542	0.91
543	0.91
544	0.91
545	0.91
546	0.91
547	0.91
548	0.91
549	0.91
550	0.91
551	0.91
552	0.91
553	0.91
554	0.91
555	0.91
556	0.91
557	0.91
558	0.91
559	0.91
560	0.91
561	0.91
562	0.91
563	0.91
564	0.91
565	0.91
566	0.91
567	0.91
568	0.91
569	0.91
570	0.91
571	0.91
572	0.91
573	0.91
574	0.91
575	0.91
576	0.91
577	0.91
578	0.91
579	0.91
580	0.91
581	0.91
582	0.91
583	0.91
584	0.91
585	0.91
586	0.91
587	0.91
588	0.91
589	0.91
590	0.91
591	0.91
592	0.91
593	0.91
594	0.91
595	0.91
596	0.91
597	0.91
598	0.91
599	0.91
600	0.91
601	0.91
602	0.91
603	0.91
604	0.91
605	0.91
606	0.91
607	0.91
608	0.91
609	0.91
610	0.91
611	0.91
612	0.91
613	0.91
614	0.91
615	0.91
616	0.91
617	0.91
618	0.91
619	0.91
620	0.91
621	0.91
622	0.91
623	0.91
624	0.91
625	0.91
626	0.91
627	0.91
628	0.91
629	0.91
630	0.91
631	0.91
632	0.91
633	0.91
634	0.91
635	0.91
636	0.91
637	0.91
638	0.94
639	0.94
640	0.94
641	0.94
642	0.94
643	0.94
644	0.94
645	0.94
646	0.94
647	0.94
648	0.94
649	0.94
650	0.94
651	0.94
652	0.94
653	0.94
654	0.94
655	0.94
656	0.94
657	0.94
658	0.94
659	0.94
660	0.94
661	0.94
662	0.94
663	0.94
664	0.94
665	0.94
666	0.94
667	0.94
668	0.94
669	0.94
670	0.94
671	0.94
672	0.94
673	0.94
674	0.94
675	0.94
676	0.94
677	0.94
678	0.94
679	0.94
680	0.94
681	0.94
682	0.94
683	0.94
684	0.94
685	0.94
686	0.94
687	0.94
688	0.94
689	0.94
690	0.94
691	0.94
692	0.94
693	0.94
694	0.94
695	0.94
696	0.94
697	0.94
698	0.94
699	0.94
700	0.94
701	0.94
702	0.94
703	0.94
704	0.94
705	0.94
706	0.94
707	0.94
708	0.94
709	0.94
710	0.94
711	0.94
712	0.94
713	0.94
714	0.94
715	0.94
716	0.94
717	0.94
718	0.94
719	0.94
720	0.94
721	0.94
722	0.94
723	0.94
724	0.94
725	0.94
726	0.94
727	0.94
728	0.94
729	0.94
730	0.94
731	0.94
732	0.94
733	0.94
734	0.94
735	0.94
736	0.94
737	0.94
738	0.94
739	0.94
740	0.94
741	0.94
742	0.94
743	0.94
744	0.94
745	0.94
746	0.94
747	0.94
748	0.94
749	0.94
750	0.94
751	0.94
752	0.94
753	0.94
754	0.94
755	0.94
756	0.94
757	0.94
758	0.94
759	0.94
760	0.94
761	0.94
762	0.94
763	0.94
764	0.94
765	0.94
766	0.94
767	0.94
768	0.94
769	0.94
770	0.94
771	0.94
772	0.94
773	0.94
774	0.94
775	0.94
776	0.94
777	0.94
778	0.94
779	0.94
780	0.94
781	0.94
782	0.94
783	0.94
784	0.94
785	0.94
786	0.94
787	0.94
788	0.94
789	0.94
790	0.94
791	0.94
792	0.94
793	0.94
794	0.94
795	0.94
796	0.94
797	0.94
798	0.94
799	0.94
800	0.94
801	0.94
802	0.94
803	0.94
804	0.94
805	0.94
806	0.94
807	0.94
808	0.94
809	0.94
810	0.94
811	0.94
812	0.94
813	0.94
814	0.94
815	0.94
816	0.94
817	0.94
818	0.94
819	0.94
820	0.94
821	0.94
822	0.94
823	0.94
824	0.94
825	0.94
826	0.94
827	0.94
828	0.94
829	0.94
830	0.94
831	0.94
832	0.94
833	0.94
834	0.94
835	0.94
836	0.94
837	0.94
838	0.94
839	0.94
840	0.94
841	0.94
842	0.94
843	0.94
844	0.94
845	0.94
846	0.94
847	0.94
848	0.94
849	0.94
850	0.94
851	0.94
852	0.94
853	0.94
854	0.94
855	0.94
856	0.94
857	0.94
858	0.94
859	0.94
860	0.94
861	0.94
862	0.94
863	0.94
864	0.94
865	0.94
866	0.94
867	0.94
868	0.94
869	0.94
870	0.94
871	0.94
872	0.94
873	0.97
874	0.97
875	0.97
876	0.97
877	0.97
878	0.97
879	0.97
880	0.97
881	0.97
882	0.97
883	0.97
884	0.97
885	0.97
886	0.97
887	0.97
888	0.97
889	0.97
890	0.97
891	0.97
892	0.97
893	0.97
894	0.97
895	0.97
896	0.97
897	0.97
898	0.97
899	0.97
900	0.97
901	0.97
902	0.97
903	0.97
904	0.97
905	0.97
906	0.97
907	0.97
908	0.97
909	0.97
910	0.97
911	0.97
912	0.97
913	0.97
914	0.97
915	0.97
916	0.97
917	0.97
918	0.97
919	0.97
920	0.97
921	0.97
922	0.97
923	0.97
924	0.97
925	0.97
926	0.97
927	0.97
928	0.97
929	0.97
930	0.97
931	0.97
932	0.97
933	0.97
934	0.97
935	0.97
936	0.97
937	0.97
938	0.97
939	0.97
940	0.97
941	0.97
942	0.97
943	0.97
944	0.97
945	0.97
946	0.97
947	0.97
948	0.97
949	0.97
950	0.97
951	0.97
952	0.97
953	0.97
954	0.97
955	0.97
956	0.97
957	0.97
958	0.97
959	0.97
960	0.97
961	0.97
962	0.97
963	0.97
964	0.97
965	0.97
966	0.97
967	0.97
968	0.97
969	0.97
970	0.97
971	0.97
972	0.97
973	0.97
974	0.97
975	0.97
976	0.97
977	0.97
978	0.97
979	0.97
980	0.97
981	0.97
982	0.97
983	0.97
984	0.97
985	0.97
986	0.97
987	0.97
988	0.97
989	0.97
990	0.97
991	0.97
992	0.97
993	0.97
994	0.97
995	0.97
996	0.97
997	0.97
998	0.97
999	0.97
1000	0.97
1001	0.97
1002	0.97
1003	0.97
1004	0.97
1005	0.97
1006	0.97
1007	0.97
1008	0.97
1009	0.97
1010	0.97
1011	0.97
1012	0.97
1013	0.97
1014	0.97
1015	0.97
1016	0.97
1017	0.97
1018	0.97
1019	0.97
1020	0.97
1021	0.97
1022	0.97
1023	0.97
1024	0.97
1025	0.97
1026	0.97
1027	0.97
1028	0.97
1029	0.97
1030	0.97
1031	0.97
1032	0.97
1033	0.97
1034	0.97
1035	0.97
1036	0.97
1037	0.97
1038	0.97
1039	0.97
1040	0.97
1041	0.97
1042	0.97
1043	0.97
1044	0.97
1045	0.97
1046	0.97
1047	0.97
1048	0.97
1049	0.97
1050	0.97
1051	0.97
1052	0.97
1053	0.97
1054	0.97
1055	0.97
1056	0.97
1057	0.97
1058	0.97
1059	0.97
1060	0.97
1061	0.97
1062	0.97
1063	0.97
1064	0.97
1065	0.97
1066	0.97
1067	0.97
1068	0.97
1069	0.97
1070	0.97
1071	0.97
1072	0.97
1073	0.97
1074	0.97
1075	0.97
1076	0.97
1077	0.97
1078	0.97
1079	0.97
1080	0.97
1081	0.97
1082	0.97
1083	0.97
1084	0.97
1085	0.97
1086	0.97
1087	0.97
1088	0.97
1089	0.97
1090	0.97
1091	0.97
1092	0.97
1093	0.97
1094	0.97
1095	0.97
1096	0.97
1097	0.97
1098	0.97
1099	0.97
1100	0.97
1101	0.97
1102	0.97
1103	0.97
1104	0.97
1105	0.97
1106	0.97
1107	0.97
1108	0.97
1109	0.97
1110	0.97
1111	0.97
1112	0.97
1113	0.97
1114	0.97
1115	0.97
1116	0.97
1117	0.97
1118	0.97
1119	0.97
1120	0.97
1121	0.97
1122	0.97
1123	0.97
1124	0.97
1125	0.97
1126	0.97
1127	0.97
1128	0.97
1129	0.97
1130	0.97
1131	0.97
1132	0.97
1133	0.97
1134	0.97
1135	0.97
1136	0.97
1137	0.97
1138	0.97
1139	0.97
1140	0.97
1141	0.97
1142	0.97
1143	0.97
1144	0.97
1145	0.97
1146	0.97
1147	0.97
1148	0.97
1149	0.97
1150	0.97
1151	0.97
1152	0.97
1153	0.97
1154	0.97
1155	0.97
1156	0.97
1157	0.97
1158	0.97
1159	0.97
1160	0.97
1161	0.97
1162	0.97
1163	0.97
1164	0.97
1165	0.97
1166	0.97
1167	0.97
1168	0.97
1169	0.97
1170	0.97
1171	0.97
1172	0.97
1173	0.97
1174	0.97
1175	0.97
1176	0.97
1177	0.97
1178	0.97
1179	0.97
1180	0.97
1181	0.97
1182	0.97
1183	0.97
1184	0.97
1185	0.97
1186	0.97
1187	0.97
1188	0.97
1189	0.97
1190	0.97
1191	0.97
1192	0.97
1193	0.97
1194	0.97
1195	0.97
1196	0.97
1197	0.97
1198	0.97
1199	0.97
1200	0.97
1201	0.97
1202	0.97
1203	0.97
1204	0.97
1205	0.97
1206	0.97
1207	0.97
1208	0.97
1209	0.97
1210	0.97
1211	0.97
1212	0.97
1213	0.97
1214	0.97
1215	0.97
1216	0.97
1217	0.97
1218	0.97
1219	0.97
1220	0.97
1221	0.97
1222	0.97
1223	0.97
1224	0.97
1225	0.97
1226	0.97
1227	0.97
1228	0.97
1229	0.97
1230	0.97
1231	0.97
1232	0.97
1233	0.97
1234	0.97
1235	0.97
1236	0.97
1237	0.97
1238	0.97
1239	0.97
1240	0.97
1241	0.97
1242	0.97
1243	0.97
1244	0.97
1245	0.97
1246	0.97
1247	0.97
1248	0.97
1249	0.97
1250	0.97
1251	0.97
1252	0.97
1253	0.97
1254	0.97
1255	0.97
1256	0.97
1257	0.97
1258	0.97
1259	0.97
1260	0.97
1261	0.97
1262	0.97
1263	0.97
1264	0.97
1265	0.97
1266	0.97
1267	0.97
1268	0.97
1269	0.97
1270	0.97
1271	0.97
1272	0.97
1273	0.97
1274	0.97
1275	0.97
1276	0.97
1277	0.97
1278	0.97
1279	0.97
1280	0.97
1281	0.97
1282	0.97
1283	0.97
1284	0.97
1285	0.97
1286	0.97
1287	0.97
1288	0.97
1289	0.97
1290	0.97
1291	0.97
1292	0.97
1293	0.97
1294	0.97
1295	0.97
1296	0.97
1297	0.97
1298	0.97
1299	0.97
1300	0.97
1301	0.97
1302	0.97
1303	0.97
1304	0.97
1305	0.97
1306	0.97
1307	0.97
1308	0.97
1309	0.97
1310	0.97
1311	0.97
1312	0.97
1313	0.97
1314	0.97
1315	0.97
1316	0.97
1317	0.97
1318	0.97
1319	0.97
1320	0.97
1321	0.97
1322	0.97
1323	0.97
1324	0.97
1325	0.97
1326	0.97
1327	0.97
1328	0.97
1329	0.97
1330	0.97
1331	0.97
1332	0.97
1333	0.97
1334	0.97
1335	0.97
1336	0.97
1337	0.97
1338	0.97
1339	0.97
1340	0.97
1341	0.97
1342	0.97
1343	0.97
1344	0.97
1345	0.97
1346	0.97
1347	0.97
1348	0.97
1349	0.97
1350	0.97
1351	0.97
1352	0.97
1353	0.97
1354	0.97
1355	0.97
1356	0.97
1357	0.97
1358	0.97
1359	0.97
1360	0.97
1361	0.97
1362	0.97
1363	0.97
1364	0.97
1365	0.97
1366	0.97
1367	0.97
1368	0.97
1369	0.97
1370	0.97
1371	0.97
1372	0.97
1373	0.97
1374	0.97
1375	0.97
1376	0.97
1377	0.97
1378	0.97
1379	0.97
1380	0.97
1381	0.97
1382	0.97
1383	0.97
1384	0.97
1385	0.97
1386	0.97
1387	0.97
1388	0.97
1389	0.97
1390	0.97
1391	0.97
1392	0.97
1393	0.97
1394	0.97
1395	0.97
1396	0.97
1397	0.97
1398	0.97
1399	0.97
1400	0.97
1401	0.97
1402	0.97
1403	0.97
1404	0.97
1405	0.97
1406	0.97
1407	0.97
1408	0.97
1409	0.97
1410	0.97
1411	0.97
1412	0.97
1413	0.97
1414	0.97
1415	0.97
1416	0.97
1417	0.97
1418	0.97
1419	0.97
1420	0.97
1421	0.97
1422	0.97
1423	0.97
1424	0.97
1425	0.97
1426	0.97
1427	0.97
1428	0.97
1429	0.97
1430	0.97
1431	0.97
1432	0.97
1433	0.97
1434	0.97
1435	0.97
1436	0.97
1437	0.97
1438	0.97
1439	0.97
1440	0.97
1441	0.97
1442	0.97
1443	0.97
1444	0.97
1445	0.97
1446	0.97
1447	0.97
1448	0.97
1449	0.97
1450	0.97
1451	0.97
1452	0.97
1453	0.97
1454	0.97
1455	0.97
1456	0.97
1457	0.97
1458	0.97
1459	0.97
1460	0.97
1461	0.97
1462	0.97
1463	0.97
1464	0.97
1465	0.97
1466	0.97
1467	0.97
1468	0.97
1469	0.97
1470	0.97
1471	0.97
1472	0.97
1473	0.97
1474	0.97
1475	0.97
1476	0.97
1477	0.97
1478	0.97
1479	0.97
1480	0.97
1481	0.97
1482	0.97
1483	0.97
1484	0.97
1485	0.97
1486	0.97
1487	0.97
1488	0.97
1489	0.97
1490	0.97
1491	0.97
1492	0.97
1493	0.97
1494	0.97
1495	0.97
1496	0.97
1497	0.97
1498	0.97
1499	0.97
1500	0.97
1501	0.97
1502	0.97
1503	0.97
1504	0.97
1505	0.97
1506	0.97
1507	0.97
1508	0.97
1509	0.97
1510	0.97
1511	0.97
1512	0.97
1513	0.97
1514	0.97
1515	0.97
1516	0.97
1517	0.97
1518	0.97
1519	0.97
1520	0.97
1521	0.97
1522	0.97
1523	0.97
1524	0.97
1525	0.97
1526	0.97
1527	0.97
1528	0.97
1529	0.97
1530	0.97
1531	0.97
1532	0.97
1533	0.97
1534	0.97
1535	0.97
1536	0.97
1537	0.97
1538	0.97
1539	0.97
1540	0.97
1541	0.97
1542	0.97
1543	0.97
1544	0.97
1545	0.97
1546	0.97
1547	0.97
1548	0.97
1549	0.97
1550	0.97
1551	0.97
1552	0.97
1553	0.97
1554	0.97
1555	0.97
1556	0.97
1557	0.97
1558	0.97
1559	0.97
1560	0.97
1561	0.97
1562	0.97
1563	0.97
1564	0.97
1565	0.97
1566	0.97
1567	0.97
1568	0.97
1569	0.97
1570	0.97
1571	0.97
1572	0.97
1573	0.97
1574	0.97
1575	0.97
1576	0.97
1577	0.97
1578	0.97
1579	0.97
1580	0.97
1581	0.97
1582	0.97
1583	0.97
1584	0.97
1585	0.97
1586	0.97
1587	0.97
1588	0.97
1589	0.97
1590	0.97
1591	0.97
1592	0.97
1593	0.97
1594	0.97
1595	0.97
1596	0.97
1597	0.97
1598	0.97
1599	0.97
1600	0.97
1601	0.97
1602	0.97
1603	0.97
1604	0.97
1605	0.97
1606	0.97
1607	0.97
1608	0.97
1609	0.97
1610	0.97
1611	0.97
1612	0.97
1613	0.97
1614	0.97
1615	0.97
1616	0.97
1617	0.97
1618	0.97
1619	0.97
1620	0.97
1621	0.97
1622	0.97
1623	0.97
1624	0.97
1625	0.97
1626	0.97
1627	0.97
1628	0.97
1629	0.97
1630	0.97
1631	0.97
1632	0.97
1633	0.97
1634	0.97
1635	0.97
1636	0.97
1637	0.97
1638	0.97
1639	0.97
1640	0.97
1641	0.97
1642	0.97
1643	0.97
1644	0.97
1645	0.97
1646	0.97
1647	0.97
1648	0.97
1649	0.97
1650	0.97
1651	0.97
1652	0.97
1653	0.97
1654	0.97
1655	0.97
1656	0.97
1657	0.97
1658	0.97
1659	0.97
1660	0.97
1661	0.97
1662	0.97
1663	0.97
1664	0.97
1665	0.97
1666	0.97
1667	0.97
1668	0.97
1669	0.97
1670	0.97
1671	0.97
1672	0.97
1673	0.97
1674	0.97
1675	0.97
1676	0.97
1677	0.97
1678	0.97
1679	0.97
1680	0.97
1681	0.97
1682	0.97
1683	0.97
1684	0.97
1685	0.97
1686	0.97
1687	0.97
1688	0.97
1689	0.97
1690	0.97
1691	0.97
1692	0.97
1693	0.97
1694	0.97
1695	0.97
1696	0.97
1697	0.97
1698	0.97
1699	0.97
1700	0.97
1701	0.97
1702	0.97
1703	0.97
1704	0.97
1705	0.97
1706	0.97
1707	0.97
1708	0.97
1709	0.97
1710	0.97
1711	0.97
1712	0.97
1713	0.97
1714	0.97
1715	0.97
1716	0.97
1717	0.97
1718	0.97
1719	0.97
1720	0.97
1721	0.97
1722	0.97
1723	0.97
1724	0.97
1725	0.97
1726	0.97
1727	0.97
1728	0.97
1729	0.97
1730	0.97
1731	0.97
1732	0.97
1733	0.97
1734	0.97
1735	0.97
1736	0.97
1737	0.97
1738	0.97
1739	0.97
1740	0.97
1741	0.97
1742	0.97
1743	0.97
1744	0.97
1745	0.97
1746	0.97
1747	0.97
1748	0.97
1749	0.97
1750	0.97
1751	0.97
1752	0.97
1753	0.97
1754	0.97
1755	0.97
1756	0.97
1757	0.97
1758	0.97
1759	0.97
1760	0.97
1761	0.97
1762	0.97
1763	0.97
1764	0.97
1765	0.97
1766	0.97
1767	0.97
1768	0.97
1769	0.97
1770	0.97
1771	0.97
1772	0.97
1773	0.97
1774	0.97
1775	0.97
1776	0.97
1777	0.97
1778	0.97
1779	0.97
1780	0.97
1781	0.97
1782	0.97
1783	0.97
1784	0.97
1785	0.97
1786	0.97
1787	0.97
1788	0.97
1789	0.97
1790	0.97
1791	0.97
1792	0.97
1793	0.97
1794	0.97
1795	0.97
1796	0.97
1797	0.97
1798	0.97
1799	0.97
1800	0.97
1801	0.97
1802	0.97
1803	0.97
1804	0.97
1805	0.97
1806	0.97
1807	0.97
1808	0.97
1809	0.97
1810	0.97
1811	0.97
1812	0.97
1813	0.97
1814	0.97
1815	0.97
1816	0.97
1817	0.97
1818	0.97
1819	0.97
1820	0.97
1821	0.97
1822	0.97
1823	0.97
1824	0.97
1825	0.97
1826	0.97
1827	0.97
1828	0.97
1829	0.97
1830	0.97
1831	0.97
1832	0.97
1833	0.97
1834	0.97
1835	0.97
1836	0.97
1837	0.97
1838	0.97
1839	0.97
1840	0.97
1841	0.97
1842	0.97
1843	0.97
1844	0.97
1845	0.97
1846	0.97
1847	0.97
1848	0.97
1849	0.97
1850	0.97
1851	0.97
1852	0.97
1853	0.97
1854	0.97
1855	0.97
1856	0.97
1857	0.97
1858	0.97
1859	0.97
1860	0.97
1861	0.97
1862	0.97
1863	0.97
1864	0.97
1865	0.97
1866	0.97
1867	0.97
1868	0.97
1869	0.97
1870	0.97
1871	0.97
1872	0.97
1873	0.97
1874	0.97
1875	0.97
1876	0.97
1877	0.97
1878	0.97
1879	0.97
1880	0.97
1881	0.97
1882	0.97
1883	0.97
1884	0.97
1885	0.97
1886	0.97
1887	0.97
1888	0.97
1889	0.97
1890	0.97
1891	0.97
1892	0.97
1893	0.97
1894	0.97
1895	0.97
1896	0.97
1897	0.97
1898	0.97
1899	0.97
1900	0.97
1901	0.97
1902	0.97
1903	0.97
1904	0.97
1905	0.97
1906	0.97
1907	0.97
1908	0.97
1909	0.97
1910	0.97
1911	0.97
1912	0.97
1913	0.97
1914	0.97
1915	0.97
1916	0.97
1917	0.97
1918	0.97
1919	0.97
1920	0.97
1921	0.97
1922	0.97
1923	0.97
1924	0.97
1925	0.97
1926	0.97
1927	0.97
1928	0.97
1929	0.97
1930	0.97
1931	0.97
1932	0.97
1933	0.97
1934	0.97
1935	0.97
1936	0.97
1937	0.97
1938	0.97
1939	0.97
1940	0.97
1941	0.97
1942	0.97
1943	0.97
1944	0.97
1945	0.97
1946	0.97
1947	0.97
1948	0.97
1949	0.97
1950	0.97
1951	0.97
1952	0.97
1953	0.97
1954	0.97
1955	0.97
1956	0.97
1957	0.97
1958	0.97
1959	0.97
1960	0.97
1961	0.97
1962	0.97
1963	0.97
1964	0.97
1965	0.97
1966	0.97
1967	0.97
1968	0.97
1969	0.97
1970	0.97
1971	0.97
1972	0.97
1973	0.97
1974	0.97
1975	0.97
1976	0.97
1977	0.97
1978	0.97
1979	0.97
1980	0.97
1981	0.97
1982	0.97
1983	0.97
1984	0.97
1985	0.97
1986	0.97
1987	0.97
1988	0.97
1989	0.97
1990	0.97
1991	0.97
1992	0.97
1993	0.97
1994	0.97
1995	0.97
1996	0.97
1997	0.97
1998	0.97
1999	0.97
2000	0.97
2001	0.97
2002	0.97
2003	0.97
2004	0.97
2005	0.97
2006	0.97
2007	0.97
2008	0.97
2009	0.97
2010	0.97
2011	0.97
2012	0.97
2013	0.97
2014	0.97
2015	0.97
2016	0.97
2017	0.97
2018	0.97
2019	0.97
2020	0.97
2021	0.97
2022	0.97
2023	0.97
2024	0.97
2025	0.97
2026	0.97
2027	0.97
2028	0.97
2029	0.97
2030	0.97
2031	0.97
2032	0.97
2033	0.97
2034	0.97
2035	0.97
2036	0.97
2037	0.97
2038	0.97
2039	0.97
2040	0.97
2041	0.97
2042	0.97
2043	0.97
2044	0.97
2045	0.97
2046	0.97
2047	0.97
2048	0.97
2049	0.97
2050	0.97
2051	0.97
2052	0.97
2053	0.97
2054	0.97
2055	0.97
2056	0.97
2057	0.97
2058	0.97
2059	0.97
2060	0.97
2061	0.97
2062	0.97
2063	0.97
2064	0.97
2065	0.97
2066	0.97
2067	0.97
2068	0.97
2069	0.97
2070	0.97
2071	0.97
2072	0.97
2073	0.97
2074	0.97
2075	0.97
2076	0.97
2077	0.97
2078	0.97
2079	0.97
2080	0.97
2081	0.97
2082	0.97
2083	0.97
2084	0.97
2085	0.97
2086	0.97
2087	0.97
2088	0.97
2089	0.97
2090	0.97
2091	0.97
2092	0.97
2093	0.97
2094	0.97
2095	0.97
2096	0.97
2097	0.97
2098	0.97
2099	0.97
2100	0.97
2101	0.97
2102	0.97
2103	0.97
2104	0.97
2105	0.97
2106	0.97
2107	0.97
2108	0.97
2109	0.97
2110	0.97
2111	0.97
2112	0.97
2113	0.97
2114	0.97
2115	0.97
2116	0.97
2117	0.97
2118	0.97
2119	0.97
2120	0.97
2121	0.97
2122	0.97
2123	0.97
2124	0.97
2125	0.97
2126	0.97
2127	0.97
2128	0.97
2129	0.97
2130	0.97
2131	0.97
2132	0.97
2133	0.97
2134	0.97
2135	0.97
2136	0.97
2137	0.97
2138	0.97
2139	0.97
2140	0.97
2141	0.97
2142	0.97
2143	0.97
2144	0.97
2145	0.97
2146	0.97
2147	0.97
2148	0.97
2149	0.97
2150	0.97
2151	0.97
2152	0.97
2153	0.97
2154	0.97
2155	0.97
2156	0.97
2157	0.97
2158	0.97
2159	0.97
2160	0.97
2161	0.97
2162	0.97
2163	0.97
2164	0.97
2165	0.97
2166	0.97
2167	0.97
2168	0.97
2169	0.97
2170	0.97
2171	0.97
2172	0.97
2173	0.97
2174	0.97
2175	0.97
2176	0.97
2177	0.97
2178	0.97
2179	0.97
2180	0.97
2181	0.97
2182	0.97
2183	0.97
2184	0.97
2185	0.97
2186	0.97
2187	0.97
2188	0.97
2189	0.97
2190	0.97
2191	0.97
2192	0.97
2193	0.97
2194	0.97
2195	0.97
2196	0.97
2197	0.97
2198	0.97
2199	0.97
2200	0.97
2201	0.97
2202	0.97
2203	0.97
2204	0.97
2205	0.97
2206	0.97
2207	0.97
2208	0.97
2209	0.97
2210	0.97
2211	0.97
2212	0.97
2213	0.97
2214	0.97
2215	0.97
2216	0.97
2217	0.97
2218	0.97
2219	0.97
2220	0.97
2221	0.97
2222	0.97
2223	0.97
2224	0.97
2225	0.97
2226	0.97
2227	0.97
2228	0.97
2229	0.97
2230	0.97
2231	0.97
2232	0.97
2233	0.97
2234	0.97
2235	0.97
2236	0.97
2237	0.97
2238	0.97
2239	0.97
2240	0.97
2241	0.97
2242	0.97
2243	0.97
2244	0.97
2245	0.97
2246	0.97
2247	0.97
2248	0.97
2249	0.97
2250	0.97
2251	0.97
2252	0.97
2253	0.97
2254	0.97
2255	0.97
2256	0.97
2257	0.97
2258	0.97
2259	0.97
2260	0.97
2261	0.97
2262	0.97
2263	0.97
2264	0.97
2265	0.97
2266	0.97
2267	0.97
2268	0.97
2269	0.97
2270	0.97
2271	0.97
2272	0.97
2273	0.97
2274	0.97
2275	0.97
2276	0.97
2277	0.97
2278	0.97
2279	0.97
2280	0.97
2281	0.97
2282	0.97
2283	0.97
2284	0.97
2285	0.97
2286	0.97
2287	0.97
2288	0.97
2289	0.97
2290	0.97
2291	0.97
2292	0.97
2293	0.97
2294	0.97
2295	0.97
2296	0.97
2297	0.97
2298	0.97
2299	0.97
2300	0.97
2301	0.97
2302	0.97
2303	0.97
2304	0.97
2305	0.97
2306	0.97
2307	0.97
2308	0.97
2309	0.97
2310	0.97
2311	0.97
2312	0.97
2313	0.97
2314	0.97
2315	0.97
2316	0.97
2317	0.97
2318	0.97
2319	0.97
2320	0.97
2321	0.97
2322	0.97
2323	0.97
2324	0.97
2325	0.97
2326	0.97
2327	0.97
2328	0.97
2329	0.97
2330	0.97
2331	0.97
2332	0.97
2333	0.97
2334	0.97
2335	0.97
2336	0.97
2337	0.97
2338	0.97
2339	0.97
2340	0.97
2341	0.97
2342	0.97
2343	0.97
2344	0.97
2345	0.97
2346	0.97
2347	0.97
2348	0.97
2349	0.97
2350	0.97
2351	0.97
2352	0.97
2353	0.97
2354	0.97
2355	0.97
2356	0.97
2357	0.97
2358	0.97
2359	0.97
2360	0.97
2361	0.97
2362	0.97
2363	0.97
2364	0.97
2365	0.97
2366	0.97
2367	0.97
2368	0.97
2369	0.97
2370	0.97
2371	0.97
2372	0.97
2373	0.97
2374	0.97
2375	0.97
2376	0.97
2377	0.97
2378	0.97
2379	0.97
2380	0.97
2381	0.97
2382	0.97
2383	0.97
2384	0.97
2385	0.97
2386	0.97
2387	0.97
2388	0.97
2389	0.97
2390	0.97
2391	0.97
2392	0.97
2393	0.97
2394	0.97
2395	0.97
2396	0.97
2397	0.97
2398	0.97
2399	0.97
2400	0.97
2401	0.97
2402	0.97
2403	0.97
2404	0.97
2405	0.97
2406	0.97
2407	0.97
2408	0.97
2409	0.97
2410	0.97
2411	0.97
2412	0.97
2413	0.97
2414	0.97
2415	0.97
2416	0.97
2417	0.97
2418	0.97
2419	0.97
2420	0.97
2421	0.97
2422	0.97
2423	0.97
2424	0.97
2425	0.97
2426	0.97
2427	0.97
2428	0.97
2429	0.97
2430	0.97
2431	0.97
2432	0.97
2433	0.97
2434	0.97
2435	0.97
2436	0.97
2437	0.97
2438	0.97
2439	0.97
2440	0.97
2441	0.97
2442	0.97
2443	0.97
2444	0.97
2445	0.97
2446	0.97
2447	0.97
2448	0.97
2449	0.97
2450	0.97
2451	0.97
2452	0.97
2453	0.97
2454	0.97
2455	0.97
2456	0.97
2457	0.97
2458	0.97
2459	0.97
2460	0.97
2461	0.97
2462	0.97
2463	0.97
2464	0.97
2465	0.97
2466	0.97
2467	0.97
2468	0.97
2469	0.97
2470	0.97
2471	0.97
2472	0.97
2473	0.97
2474	0.97
2475	0.97
2476	0.97
2477	0.97
2478	0.97
2479	0.97
2480	0.97
2481	0.97
2482	0.97
2483	0.97
2484	0.97
2485	0.97
2486	0.97
2487	0.97
2488	0.97
2489	0.97
2490	0.97
2491	0.97
2492	0.97
2493	0.97
2494	0.97
2495	0.97
2496	0.97
2497	0.97
2498	0.97
2499	0.97
2500	0.97
2501	0.97
2502	0.97
2503	0.97
2504	0.97
2505	0.97
2506	0.97
2507	0.97
2508	0.97
2509	0.97
2510	0.97
2511	0.97
2512	0.97
2513	0.97
2514	0.97
2515	0.97
2516	0.97
2517	0.97
2518	0.97
2519	0.97
2520	0.97
2521	0.97
2522	0.97
2523	0.97
2524	0.97
2525	0.97
2526	0.97
2527	0.97
2528	0.97
2529	0.97
2530	0.97
2531	0.97
2532	0.97
2533	0.97
2534	0.97
2535	0.97
2536	0.97
2537	0.97
2538	0.97
2539	0.97
2540	0.97
2541	0.97
2542	0.97
2543	0.97
2544	0.97
2545	0.97
2546	0.97
2547	0.97
2548	0.97
2549	0.97
2550	0.97
2551	0.97
2552	0.97
2553	0.97
2554	0.97
2555	0.97
2556	0.97
2557	0.97
2558	0.97
2559	0.97
2560	0.97
2561	0.97
2562	0.97
2563	0.97
2564	0.97
2565	0.97
2566	0.97
2567	0.97
2568	0.97
2569	0.97
2570	0.97
2571	0.97
2572	0.97
2573	0.97
2574	0.97
2575	0.97
2576	0.97
2577	0.97
2578	0.97
2579	0.97
2580	0.97
2581	0.97
2582	0.97
2583	0.97
2584	0.97
2585	0.97
2586	0.97
2587	0.97
2588	0.97
2589	0.97
2590	0.97
2591	0.97
2592	0.97
2593	0.97
2594	0.97
2595	0.97
2596	0.97
2597	0.97
2598	0.97
2599	0.97
2600	0.97
2601	0.97
2602	0.97
2603	0.97
2604	0.97
2605	0.97
2606	0.97
2607	0.97
2608	0.97
2609	0.97
2610	0.97
2611	0.97
2612	0.97
2613	0.97
2614	0.97
2615	0.97
2616	0.97
2617	0.97
2618	0.97
2619	0.97
2620	0.97
2621	0.97
2622	0.97
2623	0.97
2624	0.97
2625	0.97
2626	0.97
2627	0.97
2628	0.97
2629	0.97
2630	0.97
2631	0.97
2632	0.97
2633	0.97
2634	0.97
2635	0.97
2636	0.97
2637	0.97
2638	0.97
2639	0.97
2640	0.97
2641	0.97
2642	0.97
2643	0.97
2644	0.97
2645	0.97
2646	0.97
2647	0.97
2648	0.97
2649	0.97
2650	0.97
2651	0.97
2652	0.97
2653	0.97
2654	0.97
2655	0.97
2656	0.97
2657	0.97
2658	0.97
2659	0.97
2660	0.97
2661	0.97
2662	0.97
2663	0.97
2664	0.97
2665	0.97
2666	0.97
2667	0.97
2668	0.97
2669	0.97
2670	0.97
2671	0.97
2672	0.97
2673	0.97
2674	0.97
2675	0.97
2676	0.97
2677	0.97
2678	0.97
2679	0.97
2680	0.97
2681	0.97
2682	0.97
2683	0.97
2684	0.97
2685	0.97
2686	0.97
2687	0.97
2688	0.97
2689	0.97
2690	0.97
2691	0.97
2692	0.97
2693	0.97
2694	0.97
2695	0.97
2696	0.97
2697	0.97
2698	0.97
2699	0.97
2700	0.97
2701	0.97
2702	0.97
2703	0.97
2704	0.97
2705	0.97
2706	0.97
2707	0.97
2708	0.97
2709	0.97
2710	0.97
2711	0.97
2712	0.97
2713	0.97
2714	0.97
2715	0.97
2716	0.97
2717	0.97
2718	0.97
2719	0.97
2720	0.97
2721	0.97
2722	0.97
2723	0.97
2724	0.97
2725	0.97
2726	0.97
2727	0.97
2728	0.97
2729	0.97
2730	0.97
2731	0.97
2732	0.97
2733	0.97
2734	0.97
2735	0.97
2736	0.97
2737	0.97
2738	0.97
2739	0.97
2740	0.97
2741	0.97
2742	0.97
2743	0.97
2744	0.97
2745	0.97
2746	0.97
2747	0.97
2748	0.97
2749	0.97
2750	0.97
2751	0.97
2752	0.97
2753	0.97
2754	0.97
2755	0.97
2756	0.97
2757	0.97
2758	0.97
2759	0.97
2760	0.97
2761	0.97
2762	0.97
2763	0.97
2764	0.97
2765	0.97
2766	0.97
2767	0.97
2768	0.97
2769	0.97
2770	0.97
2771	0.97
2772	0.97
2773	0.97
2774	0.97
2775	0.97
2776	0.97
2777	0.97
2778	0.97
2779	0.97
2780	0.97
2781	0.97
2782	0.97
2783	0.97
2784	0.97
2785	0.97
2786	0.97
2787	0.97
2788	0.97
2789	0.97
2790	0.97
2791	0.97
2792	0.97
2793	0.97
2794	0.97
2795	0.97
2796	0.97
2797	0.97
2798	0.97
2799	0.97
2800	0.97
2801	0.97
2802	0.97
2803	0.97
2804	0.97
2805	0.97
2806	0.97
2807	0.97
2808	0.97
2809	0.97
2810	0.97
2811	0.97
2812	0.97
2813	0.97
2814	0.97
2815	0.97
2816	0.97
2817	0.97
2818	0.97
2819	0.97
2820	0.97
2821	0.97
2822	0.97
2823	0.97
2824	0.97
2825	0.97
2826	0.97
2827	0.97
2828	0.97
2829	0.97
2830	0.97
2831	0.97
2832	0.97
2833	0.97
2834	0.97
2835	0.97
2836	0.97
2837	0.97
2838	0.97
2839	0.97
2840	0.97
2841	0.97
2842	0.97
2843	0.97
2844	0.97
2845	0.97
2846	0.97
2847	0.97
2848	0.97
2849	0.97
2850	0.97
2851	0.97
2852	0.97
2853	0.97
2854	0.97
2855	0.97
2856	0.97
2857	0.97
2858	0.97
2859	0.97
2860	0.97
2861	0.97
2862	0.97
2863	0.97
2864	0.97
2865	0.97
2866	0.97
2867	0.97
2868	0.97
2869	0.97
2870	0.97
2871	0.97
2872	0.97
2873	0.97
2874	0.97
2875	0.97
2876	0.97
2877	0.97
2878	0.97
2879	0.97
2880	0.97
2881	0.97
2882	0.97
2883	0.97
2884	0.97
2885	0.97
2886	0.97
2887	0.97
2888	0.97
2889	0.97
2890	0.97
2891	0.97
2892	0.97
2893	0.97
2894	0.97
2895	0.97
2896	0.97
2897	0.97
2898	0.97
2899	0.97
2900	0.97
2901	0.97
2902	0.97
2903	0.97
2904	0.97
2905	0.97
2906	0.97
2907	0.97
2908	0.97
2909	0.97
2910	0.97
2911	0.97
2912	0.97
2913	0.97
2914	0.97
2915	0.97
2916	0.97
2917	0.97
2918	0.97
2919	0.97
2920	0.97
2921	0.97
2922	0.97
2923	0.97
2924	0.97
2925	0.97
2926	0.97
2927	0.97
2928	0.97
2929	0.97
2930	0.97
2931	0.97
2932	0.97
2933	0.97
2934	0.97
2935	0.97
2936	0.97
2937	0.97
2938	0.97
2939	0.97
2940	0.97
2941	0.97
2942	0.97
2943	0.97
2944	0.97
2945	0.97
2946	0.97
2947	0.97
2948	0.97
2949	0.97
2950	0.97
2951	0.97
2952	0.97
2953	0.97
2954	0.97
2955	0.97
2956	0.97
2957	0.97
2958	0.97
2959	0.97
2960	0.97
2961	0.97
2962	0.97
2963	0.97
2964	0.97
2965	0.97
2966	0.97
2967	0.97
2968	0.97
2969	0.97
2970	0.97
2971	0.97
2972	0.97
2973	0.97
2974	0.97
2975	0.97
2976	0.97
2977	0.97
2978	0.97
2979	0.97
2980	0.97
2981	0.97
2982	0.97
2983	0.97
2984	0.97
2985	0.97
2986	0.97
2987	0.97
2988	0.97
2989	0.97
2990	0.97
2991	0.97
2992	0.97
2993	0.97
2994	0.97
2995	0.97
2996	0.97
2997	0.97
2998	0.97
2999	0.97
3000	0.97
3001	0.97
3002	0.97
3003	0.97
3004	0.97
3005	0.97
3006	0.97
3007	0.97
3008	0.97
3009	0.97
3010	0.97
3011	0.97
3012	0.97
3013	0.97
3014	0.97
3015	0.97
3016	0.97
3017	0.97
3018	0.97
3019	0.97
3020	0.97
3021	0.97
3022	0.97
3023	0.97
3024	0.97
3025	0.97
3026	0.97
3027	0.97
3028	0.97
3029	0.97
3030	0.97
3031	0.97
3032	0.97
3033	0.97
3034	0.97
3035	0.97
3036	0.97
3037	0.97
3038	0.97
3039	0.97
3040	0.97
3041	0.97
3042	0.97
3043	0.97
3044	0.97
3045	0.97
3046	0.97
3047	0.97
3048	0.97
3049	0.97
3050	0.97
3051	0.97
3052	0.97
3053	0.97
3054	0.97
3055	0.97
3056	0.97
3057	0.97
3058	0.97
3059	0.97
3060	0.97
3061	0.97
3062	0.97
3063	0.97
3064	0.97
3065	0.97
3066	0.97
3067	0.97
3068	0.97
3069	0.97
3070	0.97
3071	0.97
3072	0.97
3073	0.97
3074	0.97
3075	0.97
3076	0.97
3077	0.97
3078	0.97
3079	0.97
3080	0.97
3081	0.97
3082	0.97
3083	0.97
3084	0.97
3085	0.97
3086	0.97
3087	0.97
3088	0.97
3089	0.97
3090	0.97
3091	0.97
3092	0.97
3093	0.97
3094	0.97
3095	0.97
3096	0.97
3097	0.97
3098	0.97
3099	0.97
3100	0.97
3101	0.97
3102	0.97
3103	0.97
3104	0.97
3105	0.97
3106	0.97
3107	0.97
3108	0.97
3109	0.97
3110	0.97
3111	0.97
3112	0.97
3113	0.97
3114	0.97
3115	0.97
3116	0.97
3117	0.97
3118	0.97
3119	0.97
3120	0.97
3121	0.97
3122	0.97
3123	0.97
3124	0.97
3125	0.97
3126	0.97
3127	0.97
3128	0.97
3129	0.97
3130	0.97
3131	0.97
3132	0.97
3133	0.97
3134	0.97
3135	0.97
3136	0.97
3137	0.97
3138	0.97
3139	0.97
3140	0.97
3141	0.97
3142	0.97
3143	0.97
3144	0.97
3145	0.97
3146	0.97
3147	0.97
3148	0.97
3149	0.97
3150	0.97
3151	0.97
3152	0.97
3153	0.97
3154	0.97
3155	0.97
3156	0.97
3157	0.97
3158	0.97
3159	0.97
3160	0.97
3161	0.97
3162	0.97
3163	0.97
3164	0.97
3165	0.97
3166	0.97
3167	0.97
3168	0.97
3169	0.97
3170	0.97
3171	0.97
3172	0.97
3173	0.97
3174	0.97
3175	0.97
3176	0.97
3177	0.97
3178	0.97
3179	0.97
3180	0.97
3181	0.97
3182	0.97
3183	0.97
3184	0.97
3185	0.97
3186	0.97
3187	1
## No. organisms: 20
## Seeds        : 1475309014, 5127
## Runtime      : 0h 1m 35s.
## Started at   : Mon Oct 21 01:23:34 2019
## Ended at     : Mon Oct 21 01:25:09 2019
