1	0.533933
2	0.535244
3	0.538982
4	0.538982
5	0.544881
6	0.550697
7	0.563556
8	0.563556
9	0.594868
10	0.597573
11	0.597573
12	0.615202
13	0.615202
14	0.628243
15	0.628243
16	0.628243
17	0.628243
18	0.628243
19	0.628243
20	0.628243
21	0.628243
22	0.628243
23	0.628243
24	0.637643
25	0.637643
26	0.637643
27	0.637643
28	0.637643
29	0.638996
30	0.643208
31	0.643208
32	0.643208
33	0.64516
34	0.652929
35	0.652929
36	0.671185
37	0.671185
38	0.671185
39	0.671185
40	0.671185
41	0.671185
42	0.671185
43	0.671185
44	0.671185
45	0.674714
46	0.674714
47	0.674714
48	0.674714
49	0.674951
50	0.674951
51	0.674951
52	0.68145
53	0.68145
54	0.68145
55	0.68145
56	0.68145
57	0.68145
58	0.68145
59	0.690823
60	0.690823
61	0.690823
62	0.690823
63	0.690823
64	0.690823
65	0.690823
66	0.690823
67	0.690823
68	0.691283
69	0.691283
70	0.692706
71	0.695467
72	0.695467
73	0.695467
74	0.695467
75	0.697768
76	0.697768
77	0.697768
78	0.697768
79	0.697768
80	0.697768
81	0.697768
82	0.697768
83	0.697768
84	0.697768
85	0.697768
86	0.697768
87	0.697768
88	0.697768
89	0.697768
90	0.697768
91	0.697768
92	0.697768
93	0.697768
94	0.697768
95	0.697768
96	0.697768
97	0.697768
98	0.697768
99	0.697768
100	0.697768
101	0.697768
102	0.697768
103	0.697768
104	0.697768
105	0.697768
106	0.697768
107	0.697768
108	0.697768
109	0.697768
110	0.697768
111	0.697768
112	0.697768
113	0.697768
114	0.697768
115	0.697768
116	0.697768
117	0.697768
118	0.697768
119	0.697768
120	0.701562
121	0.701562
122	0.701562
123	0.702036
124	0.702036
125	0.702524
126	0.702762
127	0.703166
128	0.703166
129	0.703166
130	0.703403
131	0.703403
132	0.703403
133	0.703403
134	0.703403
135	0.703403
136	0.703403
137	0.703445
138	0.703682
139	0.704142
140	0.704142
141	0.704142
142	0.704142
143	0.706039
144	0.706039
145	0.706039
146	0.70675
147	0.70675
148	0.706987
149	0.706987
150	0.706987
151	0.707169
152	0.707169
153	0.707169
154	0.707169
155	0.707169
156	0.707169
157	0.707169
158	0.707406
159	0.707406
160	0.707643
161	0.707643
162	0.710432
163	0.710432
164	0.710432
165	0.713431
166	0.713431
167	0.713431
168	0.715328
169	0.715328
170	0.715328
171	0.715328
172	0.715328
173	0.715328
174	0.715328
175	0.715328
176	0.716011
177	0.716011
178	0.728452
179	0.728452
180	0.730293
181	0.730293
182	0.73053
183	0.73053
184	0.73053
185	0.73053
186	0.731702
187	0.731702
188	0.734505
189	0.734965
190	0.734965
191	0.734965
192	0.734965
193	0.734965
194	0.734965
195	0.7359
196	0.7359
197	0.7359
198	0.7359
199	0.7359
200	0.7359
201	0.7359
202	0.7359
203	0.7359
204	0.7359
205	0.7359
206	0.7359
207	0.7359
208	0.7359
209	0.7359
210	0.7359
211	0.7359
212	0.7359
213	0.7359
214	0.7359
215	0.7359
216	0.7359
217	0.7359
218	0.7359
219	0.7359
220	0.7359
221	0.7359
222	0.7359
223	0.7359
224	0.7359
225	0.7359
226	0.7359
227	0.7359
228	0.7359
229	0.7359
230	0.7359
231	0.7359
232	0.7359
233	0.7359
234	0.7359
235	0.73728
236	0.73728
237	0.739609
238	0.739609
239	0.739609
240	0.739609
241	0.739609
242	0.739609
243	0.739609
244	0.739665
245	0.739665
246	0.739665
247	0.739665
248	0.739665
249	0.739665
250	0.739665
251	0.739665
252	0.740098
253	0.740335
254	0.740335
255	0.740809
256	0.740809
257	0.740809
258	0.740809
259	0.740809
260	0.740809
261	0.741757
262	0.741757
263	0.741757
264	0.742706
265	0.742706
266	0.744128
267	0.744128
268	0.744128
269	0.744128
270	0.744128
271	0.744128
272	0.744128
273	0.744128
274	0.744128
275	0.744128
276	0.744128
277	0.744128
278	0.745105
279	0.745105
280	0.745105
281	0.745105
282	0.746444
283	0.747322
284	0.747322
285	0.747322
286	0.747322
287	0.747322
288	0.747322
289	0.747322
290	0.747559
291	0.747559
292	0.747796
293	0.747796
294	0.747796
295	0.747796
296	0.747796
297	0.747796
298	0.748033
299	0.748033
300	0.748801
301	0.748801
302	0.748801
303	0.755091
304	0.755565
305	0.756513
306	0.756513
307	0.757406
308	0.757406
309	0.757406
310	0.758354
311	0.758354
312	0.758354
313	0.758563
314	0.758563
315	0.763389
316	0.764575
317	0.771925
318	0.772162
319	0.773347
320	0.774296
321	0.785914
322	0.785914
323	0.788033
324	0.789693
325	0.789693
326	0.790614
327	0.790614
328	0.790614
329	0.790614
330	0.790614
331	0.790614
332	0.790614
333	0.793389
334	0.793389
335	0.793389
336	0.793389
337	0.793389
338	0.793389
339	0.793389
340	0.793389
341	0.793389
342	0.794212
343	0.794212
344	0.794212
345	0.794212
346	0.794212
347	0.794212
348	0.794212
349	0.794212
350	0.794212
351	0.794212
352	0.794212
353	0.794212
354	0.794212
355	0.79516
356	0.79516
357	0.79516
358	0.79516
359	0.79516
360	0.79516
361	0.79516
362	0.79516
363	0.79516
364	0.79516
365	0.79516
366	0.79516
367	0.79516
368	0.79516
369	0.79516
370	0.79516
371	0.79516
372	0.79516
373	0.79516
374	0.79516
375	0.79516
376	0.79516
377	0.79516
378	0.79516
379	0.79516
380	0.79516
381	0.79516
382	0.79516
383	0.79516
384	0.79516
385	0.795342
386	0.79629
387	0.79629
388	0.79629
389	0.79629
390	0.79629
391	0.79629
392	0.79629
393	0.79629
394	0.79629
395	0.79629
396	0.79629
397	0.79629
398	0.79629
399	0.79629
400	0.79629
401	0.79629
402	0.79629
403	0.79629
404	0.79629
405	0.79629
406	0.79629
407	0.79629
408	0.807545
409	0.817587
410	0.817587
411	0.817587
412	0.817587
413	0.817587
414	0.817587
415	0.817587
416	0.817587
417	0.817587
418	0.817587
419	0.820293
420	0.824268
421	0.824505
422	0.824505
423	0.824505
424	0.824505
425	0.824505
426	0.824505
427	0.824505
428	0.824505
429	0.824589
430	0.824589
431	0.824589
432	0.824589
433	0.824589
434	0.824589
435	0.826471
436	0.833487
437	0.833487
438	0.833487
439	0.833487
440	0.833487
441	0.833487
442	0.838103
443	0.838103
444	0.838103
445	0.838103
446	0.838103
447	0.838103
448	0.838103
449	0.840948
450	0.840948
451	0.840948
452	0.840948
453	0.840948
454	0.840948
455	0.840948
456	0.840948
457	0.840948
458	0.840948
459	0.840948
460	0.840948
461	0.840948
462	0.840948
463	0.840948
464	0.840948
465	0.840948
466	0.840948
467	0.840948
468	0.840948
469	0.840948
470	0.840948
471	0.840948
472	0.840948
473	0.840948
474	0.840948
475	0.840948
476	0.840948
477	0.840948
478	0.840948
479	0.840948
480	0.840948
481	0.840948
482	0.840948
483	0.840948
484	0.840948
485	0.840948
486	0.840948
487	0.840948
488	0.840948
489	0.840948
490	0.840948
491	0.840948
492	0.840948
493	0.840948
494	0.840948
495	0.840948
496	0.840948
497	0.840948
498	0.840948
499	0.840948
500	0.840948
501	0.840948
502	0.840948
503	0.84569
504	0.84569
505	0.84569
506	0.84569
507	0.84569
508	0.84569
509	0.84569
510	0.84569
511	0.84569
512	0.84569
513	0.84569
514	0.84569
515	0.84569
516	0.84569
517	0.84569
518	0.84569
519	0.84569
520	0.84569
521	0.84569
522	0.84569
523	0.84569
524	0.84569
525	0.84569
526	0.84569
527	0.84569
528	0.84569
529	0.84569
530	0.84569
531	0.84569
532	0.84569
533	0.84569
534	0.84569
535	0.84569
536	0.84569
537	0.84569
538	0.84569
539	0.84569
540	0.84569
541	0.84569
542	0.847587
543	0.847587
544	0.847587
545	0.847587
546	0.847587
547	0.847587
548	0.847587
549	0.847587
550	0.847587
551	0.847587
552	0.847587
553	0.847587
554	0.847587
555	0.847587
556	0.847587
557	0.847587
558	0.847587
559	0.847587
560	0.847587
561	0.847587
562	0.847587
563	0.847587
564	0.847587
565	0.847587
566	0.847587
567	0.847587
568	0.847587
569	0.847587
570	0.847587
571	0.847587
572	0.847587
573	0.847587
574	0.847587
575	0.849149
576	0.849149
577	0.849149
578	0.849149
579	0.849149
580	0.849149
581	0.849149
582	0.849149
583	0.849149
584	0.849149
585	0.849149
586	0.849149
587	0.849149
588	0.849149
589	0.849149
590	0.849149
591	0.849149
592	0.851897
593	0.851897
594	0.851897
595	0.851897
596	0.851897
597	0.851897
598	0.851897
599	0.851897
600	0.851897
601	0.851897
602	0.851897
603	0.851897
604	0.851897
605	0.851897
606	0.851897
607	0.851897
608	0.851897
609	0.851897
610	0.851897
611	0.851897
612	0.851897
613	0.851897
614	0.851897
615	0.851897
616	0.851897
617	0.851897
618	0.851897
619	0.851897
620	0.851897
621	0.851897
622	0.85304
623	0.85304
624	0.85304
625	0.85304
626	0.85304
627	0.85304
628	0.85304
629	0.85304
630	0.85304
631	0.85304
632	0.85304
633	0.85304
634	0.85304
635	0.85304
636	0.85304
637	0.85304
638	0.85304
639	0.85304
640	0.85304
641	0.85304
642	0.85304
643	0.85304
644	0.85304
645	0.85304
646	0.85304
647	0.85304
648	0.85304
649	0.85304
650	0.85304
651	0.85304
652	0.85304
653	0.85304
654	0.85304
655	0.85304
656	0.85304
657	0.85304
658	0.85304
659	0.85304
660	0.85304
661	0.85304
662	0.85304
663	0.85304
664	0.85304
665	0.85304
666	0.85304
667	0.85304
668	0.85304
669	0.85304
670	0.85304
671	0.85304
672	0.85304
673	0.85304
674	0.85304
675	0.85304
676	0.85304
677	0.85304
678	0.85304
679	0.85304
680	0.85304
681	0.85304
682	0.85304
683	0.85304
684	0.85304
685	0.85304
686	0.85304
687	0.85304
688	0.85304
689	0.85304
690	0.85304
691	0.85304
692	0.85304
693	0.85304
694	0.85304
695	0.85304
696	0.85304
697	0.85304
698	0.85304
699	0.85304
700	0.85304
701	0.85304
702	0.85304
703	0.85304
704	0.85304
705	0.85304
706	0.85304
707	0.85304
708	0.85304
709	0.85304
710	0.85304
711	0.85304
712	0.85304
713	0.85304
714	0.85304
715	0.85304
716	0.85304
717	0.85304
718	0.85304
719	0.85304
720	0.85304
721	0.85304
722	0.85304
723	0.85304
724	0.85304
725	0.85304
726	0.85304
727	0.85304
728	0.85304
729	0.85304
730	0.85304
731	0.85304
732	0.85304
733	0.85304
734	0.85304
735	0.85304
736	0.85304
737	0.85304
738	0.85304
739	0.85304
740	0.85304
741	0.85304
742	0.85304
743	0.853333
744	0.853333
745	0.853333
746	0.853333
747	0.853333
748	0.853333
749	0.853333
750	0.86477
751	0.86477
752	0.86477
753	0.86477
754	0.86477
755	0.874826
756	0.874826
757	0.874826
758	0.874826
759	0.874826
760	0.874826
761	0.874826
762	0.874826
763	0.874826
764	0.874826
765	0.874826
766	0.874826
767	0.874826
768	0.874826
769	0.874826
770	0.874826
771	0.874826
772	0.874826
773	0.874826
774	0.874826
775	0.874826
776	0.874826
777	0.874826
778	0.874826
779	0.874826
780	0.874826
781	0.879665
782	0.885244
783	0.885244
784	0.885244
785	0.885244
786	0.885244
787	0.885244
788	0.885244
789	0.885244
790	0.885244
791	0.885244
792	0.885244
793	0.885244
794	0.885244
795	0.885244
796	0.885244
797	0.885244
798	0.885244
799	0.885244
800	0.885244
801	0.885244
802	0.885244
803	0.885244
804	0.885244
805	0.906806
806	0.906806
807	0.906806
808	0.906806
809	0.906806
810	0.906806
811	0.906806
812	0.906806
813	0.906806
814	0.906806
815	0.906806
816	0.906806
817	0.906806
818	0.906806
819	0.906806
820	0.906806
821	0.906806
822	0.906806
823	0.906806
824	0.906806
825	0.906806
826	0.906806
827	0.906806
828	0.906806
829	0.906806
830	0.906806
831	0.906806
832	0.906806
833	0.906806
834	0.906806
835	0.906806
836	0.906806
837	0.906806
838	0.906806
839	0.906806
840	0.906806
841	0.906806
842	0.906806
843	0.906806
844	0.906806
845	0.906806
846	0.906806
847	0.906806
848	0.906806
849	0.906806
850	0.906806
851	0.906806
852	0.906806
853	0.906806
854	0.906806
855	0.906806
856	0.906806
857	0.906806
858	0.906806
859	0.906806
860	0.906806
861	0.906806
862	0.906806
863	0.906806
864	0.906806
865	0.906806
866	0.906806
867	0.906806
868	0.906806
869	0.906806
870	0.906806
871	0.906806
872	0.906806
873	0.906806
874	0.906806
875	0.906806
876	0.906806
877	0.906806
878	0.906806
879	0.906806
880	0.906806
881	0.906806
882	0.906806
883	0.906806
884	0.906806
885	0.906806
886	0.906806
887	0.906806
888	0.906806
889	0.906806
890	0.906806
891	0.906806
892	0.906806
893	0.906806
894	0.906806
895	0.906806
896	0.906806
897	0.906806
898	0.906806
899	0.906806
900	0.906806
901	0.906806
902	0.906806
903	0.906806
904	0.906806
905	0.906806
906	0.906806
907	0.906806
908	0.906806
909	0.906806
910	0.906806
911	0.906806
912	0.906806
913	0.906806
914	0.906806
915	0.906806
916	0.906806
917	0.906806
918	0.906806
919	0.906806
920	0.906806
921	0.906806
922	0.906806
923	0.906806
924	0.906806
925	0.906806
926	0.906806
927	0.906806
928	0.906806
929	0.906806
930	0.906806
931	0.906806
932	0.906806
933	0.906806
934	0.906806
935	0.906806
936	0.906806
937	0.906806
938	0.906806
939	0.906806
940	0.906806
941	0.906806
942	0.906806
943	0.906806
944	0.906806
945	0.906806
946	0.906806
947	0.906806
948	0.906806
949	0.906806
950	0.906806
951	0.906806
952	0.906806
953	0.906806
954	0.906806
955	0.906806
956	0.906806
957	0.906806
958	0.906806
959	0.906806
960	0.906806
961	0.906806
962	0.906806
963	0.906806
964	0.906806
965	0.906806
966	0.906806
967	0.906806
968	0.906806
969	0.906806
970	0.906806
971	0.906806
972	0.906806
973	0.906806
974	0.906806
975	0.906806
976	0.906806
977	0.906806
978	0.906806
979	0.906806
980	0.906806
981	0.906806
982	0.906806
983	0.906806
984	0.906806
985	0.906806
986	0.906806
987	0.906806
988	0.906806
989	0.906806
990	0.906806
991	0.906806
992	0.906806
993	0.906806
994	0.906806
995	0.906806
996	0.906806
997	0.906806
998	0.906806
999	0.906806
1000	0.906806
1001	0.906806
1002	0.906806
1003	0.906806
1004	0.906806
1005	0.906806
1006	0.906806
1007	0.906806
1008	0.906806
1009	0.906806
1010	0.906806
1011	0.906806
1012	0.906806
1013	0.906806
1014	0.906806
1015	0.906806
1016	0.906806
1017	0.906806
1018	0.906806
1019	0.906806
1020	0.906806
1021	0.906806
1022	0.906806
1023	0.906806
1024	0.906806
1025	0.906806
1026	0.906806
1027	0.906806
1028	0.906806
1029	0.906806
1030	0.906806
1031	0.906806
1032	0.906806
1033	0.906806
1034	0.906806
1035	0.906806
1036	0.906806
1037	0.906806
1038	0.906806
1039	0.906806
1040	0.906806
1041	0.906806
1042	0.906806
1043	0.906806
1044	0.906806
1045	0.906806
1046	0.906806
1047	0.906806
1048	0.906806
1049	0.906806
1050	0.906806
1051	0.906806
1052	0.906806
1053	0.906806
1054	0.906806
1055	0.906806
1056	0.906806
1057	0.906806
1058	0.906806
1059	0.906806
1060	0.906806
1061	0.906806
1062	0.906806
1063	0.906806
1064	0.906806
1065	0.906806
1066	0.906806
1067	0.906806
1068	0.906806
1069	0.906806
1070	0.906806
1071	0.906806
1072	0.906806
1073	0.906806
1074	0.906806
1075	0.906806
1076	0.906806
1077	0.906806
1078	0.906806
1079	0.906806
1080	0.906806
1081	0.906806
1082	0.906806
1083	0.906806
1084	0.906806
1085	0.906806
1086	0.906806
1087	0.906806
1088	0.906806
1089	0.906806
1090	0.906806
1091	0.906806
1092	0.906806
1093	0.906806
1094	0.906806
1095	0.906806
1096	0.906806
1097	0.906806
1098	0.906806
1099	0.906806
1100	0.906806
1101	0.906806
1102	0.906806
1103	0.906806
1104	0.906806
1105	0.906806
1106	0.906806
1107	0.906806
1108	0.906806
1109	0.906806
1110	0.906806
1111	0.906806
1112	0.906806
1113	0.906806
1114	0.906806
1115	0.906806
1116	0.906806
1117	0.906806
1118	0.906806
1119	0.906806
1120	0.906806
1121	0.906806
1122	0.906806
1123	0.906806
1124	0.906806
1125	0.906806
1126	0.906806
1127	0.906806
1128	0.906806
1129	0.906806
1130	0.906806
1131	0.906806
1132	0.906806
1133	0.906806
1134	0.906806
1135	0.906806
1136	0.906806
1137	0.906806
1138	0.906806
1139	0.906806
1140	0.906806
1141	0.906806
1142	0.906806
1143	0.906806
1144	0.906806
1145	0.906806
1146	0.906806
1147	0.906806
1148	0.906806
1149	0.906806
1150	0.906806
1151	0.906806
1152	0.906806
1153	0.906806
1154	0.906806
1155	0.906806
1156	0.906806
1157	0.906806
1158	0.906806
1159	0.906806
1160	0.906806
1161	0.906806
1162	0.906806
1163	0.906806
1164	0.906806
1165	0.906806
1166	0.906806
1167	0.906806
1168	0.906806
1169	0.906806
1170	0.906806
1171	0.906806
1172	0.906806
1173	0.906806
1174	0.906806
1175	0.906806
1176	0.906806
1177	0.906806
1178	0.906806
1179	0.906806
1180	0.906806
1181	0.906806
1182	0.906806
1183	0.906806
1184	0.906806
1185	0.906806
1186	0.906806
1187	0.906806
1188	0.906806
1189	0.906806
1190	0.906806
1191	0.906806
1192	0.906806
1193	0.906806
1194	0.906806
1195	0.906806
1196	0.906806
1197	0.906806
1198	0.906806
1199	0.906806
1200	0.906806
1201	0.906806
1202	0.906806
1203	0.906806
1204	0.906806
1205	0.906806
1206	0.906806
1207	0.906806
1208	0.906806
1209	0.906806
1210	0.906806
1211	0.906806
1212	0.906806
1213	0.906806
1214	0.906806
1215	0.906806
1216	0.906806
1217	0.906806
1218	0.906806
1219	0.906806
1220	0.906806
1221	0.906806
1222	0.906806
1223	0.906806
1224	0.906806
1225	0.906806
1226	0.906806
1227	0.906806
1228	0.906806
1229	0.906806
1230	0.906806
1231	0.906806
1232	0.906806
1233	0.906806
1234	0.906806
1235	0.906806
1236	0.906806
1237	0.906806
1238	0.906806
1239	0.906806
1240	0.906806
1241	0.906806
1242	0.906806
1243	0.906806
1244	0.906806
1245	0.906806
1246	0.906806
1247	0.906806
1248	0.906806
1249	0.906806
1250	0.906806
1251	0.906806
1252	0.906806
1253	0.906806
1254	0.906806
1255	0.906806
1256	0.906806
1257	0.906806
1258	0.906806
1259	0.906806
1260	0.906806
1261	0.906806
1262	0.906806
1263	0.906806
1264	0.906806
1265	0.906806
1266	0.906806
1267	0.906806
1268	0.906806
1269	0.906806
1270	0.906806
1271	0.906806
1272	0.906806
1273	0.906806
1274	0.906806
1275	0.906806
1276	0.906806
1277	0.906806
1278	0.906806
1279	0.906806
1280	0.906806
1281	0.906806
1282	0.906806
1283	0.906806
1284	0.906806
1285	0.906806
1286	0.906806
1287	0.906806
1288	0.906806
1289	0.906806
1290	0.906806
1291	0.906806
1292	0.906806
1293	0.906806
1294	0.906806
1295	0.906806
1296	0.906806
1297	0.906806
1298	0.906806
1299	0.906806
1300	0.906806
1301	0.906806
1302	0.906806
1303	0.906806
1304	0.906806
1305	0.906806
1306	0.906806
1307	0.906806
1308	0.906806
1309	0.906806
1310	0.906806
1311	0.906806
1312	0.906806
1313	0.906806
1314	0.906806
1315	0.906806
1316	0.906806
1317	0.906806
1318	0.906806
1319	0.906806
1320	0.906806
1321	0.906806
1322	0.906806
1323	0.906806
1324	0.906806
1325	0.906806
1326	0.906806
1327	0.906806
1328	0.906806
1329	0.906806
1330	0.906806
1331	0.906806
1332	0.906806
1333	0.906806
1334	0.906806
1335	0.906806
1336	0.906806
1337	0.906806
1338	0.906806
1339	0.906806
1340	0.906806
1341	0.906806
1342	0.906806
1343	0.906806
1344	0.906806
1345	0.906806
1346	0.906806
1347	0.906806
1348	0.906806
1349	0.906806
1350	0.906806
1351	0.906806
1352	0.906806
1353	0.906806
1354	0.906806
1355	0.906806
1356	0.906806
1357	0.906806
1358	0.906806
1359	0.906806
1360	0.906806
1361	0.906806
1362	0.906806
1363	0.906806
1364	0.906806
1365	0.906806
1366	0.906806
1367	0.906806
1368	0.906806
1369	0.906806
1370	0.906806
1371	0.906806
1372	0.906806
1373	0.906806
1374	0.906806
1375	0.906806
1376	0.906806
1377	0.906806
1378	0.906806
1379	0.906806
1380	0.906806
1381	0.906806
1382	0.906806
1383	0.906806
1384	0.906806
1385	0.906806
1386	0.906806
1387	0.906806
1388	0.906806
1389	0.906806
1390	0.906806
1391	0.906806
1392	0.906806
1393	0.906806
1394	0.906806
1395	0.906806
1396	0.906806
1397	0.906806
1398	0.906806
1399	0.906806
1400	0.906806
1401	0.906806
1402	0.906806
1403	0.906806
1404	0.906806
1405	0.906806
1406	0.906806
1407	0.906806
1408	0.906806
1409	0.906806
1410	0.906806
1411	0.906806
1412	0.906806
1413	0.906806
1414	0.906806
1415	0.906806
1416	0.906806
1417	0.906806
1418	0.906806
1419	0.906806
1420	0.906806
1421	0.906806
1422	0.906806
1423	0.906806
1424	0.906806
1425	0.906806
1426	0.906806
1427	0.906806
1428	0.906806
1429	0.906806
1430	0.906806
1431	0.906806
1432	0.906806
1433	0.906806
1434	0.906806
1435	0.906806
1436	0.906806
1437	0.906806
1438	0.906806
1439	0.906806
1440	0.906806
1441	0.906806
1442	0.906806
1443	0.906806
1444	0.906806
1445	0.906806
1446	0.906806
1447	0.906806
1448	0.906806
1449	0.906806
1450	0.906806
1451	0.906806
1452	0.906806
1453	0.906806
1454	0.906806
1455	0.906806
1456	0.906806
1457	0.906806
1458	0.906806
1459	0.906806
1460	0.906806
1461	0.906806
1462	0.906806
1463	0.906806
1464	0.906806
1465	0.906806
1466	0.906806
1467	0.906806
1468	0.906806
1469	0.906806
1470	0.906806
1471	0.906806
1472	0.906806
1473	0.906806
1474	0.906806
1475	0.906806
1476	0.906806
1477	0.906806
1478	0.906806
1479	0.906806
1480	0.906806
1481	0.906806
1482	0.906806
1483	0.906806
1484	0.906806
1485	0.906806
1486	0.906806
1487	0.906806
1488	0.906806
1489	0.906806
1490	0.906806
1491	0.906806
1492	0.906806
1493	0.906806
1494	0.906806
1495	0.906806
1496	0.906806
1497	0.906806
1498	0.906806
1499	0.906806
1500	0.906806
1501	0.906806
1502	0.906806
1503	0.906806
1504	0.906806
1505	0.906806
1506	0.906806
1507	0.906806
1508	0.906806
1509	0.906806
1510	0.906806
1511	0.906806
1512	0.906806
1513	0.906806
1514	0.906806
1515	0.906806
1516	0.906806
1517	0.906806
1518	0.906806
1519	0.906806
1520	0.906806
1521	0.906806
1522	0.906806
1523	0.906806
1524	0.906806
1525	0.906806
1526	0.906806
1527	0.906806
1528	0.906806
1529	0.906806
1530	0.906806
1531	0.906806
1532	0.906806
1533	0.906806
1534	0.906806
1535	0.906806
1536	0.906806
1537	0.906806
1538	0.906806
1539	0.906806
1540	0.906806
1541	0.906806
1542	0.906806
1543	0.906806
1544	0.906806
1545	0.906806
1546	0.906806
1547	0.906806
1548	0.906806
1549	0.906806
1550	0.906806
1551	0.906806
1552	0.906806
1553	0.906806
1554	0.906806
1555	0.906806
1556	0.906806
1557	0.906806
1558	0.906806
1559	0.906806
1560	0.906806
1561	0.906806
1562	0.906806
1563	0.906806
1564	0.906806
1565	0.906806
1566	0.906806
1567	0.906806
1568	0.906806
1569	0.906806
1570	0.906806
1571	0.906806
1572	0.906806
1573	0.906806
1574	0.906806
1575	0.906806
1576	0.906806
1577	0.906806
1578	0.906806
1579	0.906806
1580	0.906806
1581	0.906806
1582	0.906806
1583	0.906806
1584	0.906806
1585	0.906806
1586	0.906806
1587	0.906806
1588	0.906806
1589	0.906806
1590	0.906806
1591	0.906806
1592	0.906806
1593	0.906806
1594	0.906806
1595	0.906806
1596	0.906806
1597	0.906806
1598	0.906806
1599	0.906806
1600	0.906806
1601	0.906806
1602	0.906806
1603	0.906806
1604	0.906806
1605	0.906806
1606	0.906806
1607	0.906806
1608	0.906806
1609	0.906806
1610	0.906806
1611	0.906806
1612	0.906806
1613	0.906806
1614	0.906806
1615	0.906806
1616	0.906806
1617	0.906806
1618	0.906806
1619	0.906806
1620	0.906806
1621	0.906806
1622	0.906806
1623	0.906806
1624	0.906806
1625	0.906806
1626	0.906806
1627	0.906806
1628	0.906806
1629	0.906806
1630	0.906806
1631	0.906806
1632	0.906806
1633	0.906806
1634	0.906806
1635	0.906806
1636	0.906806
1637	0.906806
1638	0.906806
1639	0.906806
1640	0.906806
1641	0.906806
1642	0.906806
1643	0.906806
1644	0.906806
1645	0.906806
1646	0.906806
1647	0.906806
1648	0.906806
1649	0.906806
1650	0.906806
1651	0.906806
1652	0.906806
1653	0.906806
1654	0.906806
1655	0.906806
1656	0.906806
1657	0.906806
1658	0.906806
1659	0.906806
1660	0.906806
1661	0.906806
1662	0.906806
1663	0.906806
1664	0.906806
1665	0.906806
1666	0.906806
1667	0.906806
1668	0.906806
1669	0.906806
1670	0.906806
1671	0.906806
1672	0.906806
1673	0.906806
1674	0.906806
1675	0.906806
1676	0.906806
1677	0.906806
1678	0.906806
1679	0.906806
1680	0.906806
1681	0.906806
1682	0.906806
1683	0.906806
1684	0.906806
1685	0.906806
1686	0.906806
1687	0.906806
1688	0.906806
1689	0.906806
1690	0.906806
1691	0.906806
1692	0.906806
1693	0.906806
1694	0.906806
1695	0.906806
1696	0.906806
1697	0.906806
1698	0.906806
1699	0.906806
1700	0.906806
1701	0.906806
1702	0.906806
1703	0.906806
1704	0.906806
1705	0.906806
1706	0.906806
1707	0.906806
1708	0.906806
1709	0.906806
1710	0.906806
1711	0.906806
1712	0.906806
1713	0.906806
1714	0.906806
1715	0.906806
1716	0.906806
1717	0.906806
1718	0.906806
1719	0.906806
1720	0.906806
1721	0.906806
1722	0.906806
1723	0.906806
1724	0.906806
1725	0.906806
1726	0.906806
1727	0.906806
1728	0.906806
1729	0.906806
1730	0.906806
1731	0.906806
1732	0.906806
1733	0.906806
1734	0.906806
1735	0.906806
1736	0.906806
1737	0.906806
1738	0.906806
1739	0.906806
1740	0.906806
1741	0.906806
1742	0.906806
1743	0.906806
1744	0.906806
1745	0.906806
1746	0.906806
1747	0.906806
1748	0.906806
1749	0.906806
1750	0.906806
1751	0.906806
1752	0.906806
1753	0.906806
1754	0.906806
1755	0.906806
1756	0.906806
1757	0.906806
1758	0.906806
1759	0.906806
1760	0.906806
1761	0.906806
1762	0.906806
1763	0.906806
1764	0.906806
1765	0.906806
1766	0.906806
1767	0.906806
1768	0.906806
1769	0.906806
1770	0.906806
1771	0.906806
1772	0.906806
1773	0.906806
1774	0.906806
1775	0.906806
1776	0.906806
1777	0.906806
1778	0.906806
1779	0.906806
1780	0.906806
1781	0.906806
1782	0.906806
1783	0.906806
1784	0.906806
1785	0.906806
1786	0.906806
1787	0.906806
1788	0.906806
1789	0.906806
1790	0.906806
1791	0.906806
1792	0.906806
1793	0.906806
1794	0.906806
1795	0.906806
1796	0.906806
1797	0.906806
1798	0.906806
1799	0.906806
1800	0.906806
1801	0.906806
1802	0.906806
1803	0.906806
1804	0.906806
1805	0.906806
1806	0.906806
1807	0.906806
1808	0.906806
1809	0.906806
1810	0.906806
1811	0.906806
1812	0.906806
1813	0.906806
1814	0.906806
1815	0.906806
1816	0.906806
1817	0.906806
1818	0.906806
1819	0.906806
1820	0.906806
1821	0.906806
1822	0.906806
1823	0.906806
1824	0.906806
1825	0.906806
1826	0.906806
1827	0.906806
1828	0.906806
1829	0.906806
1830	0.907699
1831	0.907699
1832	0.907699
1833	0.907699
1834	0.907699
1835	0.907699
1836	0.907699
1837	0.907699
1838	0.907699
1839	0.907699
1840	0.907699
1841	0.907699
1842	0.907699
1843	0.907699
1844	0.907699
1845	0.907699
1846	0.907699
1847	0.907699
1848	0.907699
1849	0.907699
1850	0.907699
1851	0.907699
1852	0.907699
1853	0.907699
1854	0.907699
1855	0.907699
1856	0.907699
1857	0.907699
1858	0.907699
1859	0.907699
1860	0.907699
1861	0.907699
1862	0.907699
1863	0.907699
1864	0.907699
1865	0.907699
1866	0.907699
1867	0.907699
1868	0.907699
1869	0.907699
1870	0.907699
1871	0.907699
1872	0.907699
1873	0.907699
1874	0.907699
1875	0.907699
1876	0.907699
1877	0.907699
1878	0.907699
1879	0.907699
1880	0.907699
1881	0.907699
1882	0.907699
1883	0.907699
1884	0.907699
1885	0.907699
1886	0.907699
1887	0.907699
1888	0.907699
1889	0.907699
1890	0.907699
1891	0.907699
1892	0.907699
1893	0.907699
1894	0.907699
1895	0.907699
1896	0.907699
1897	0.907699
1898	0.907699
1899	0.907699
1900	0.907699
1901	0.907699
1902	0.907699
1903	0.907699
1904	0.929972
1905	0.929972
1906	0.929972
1907	0.929972
1908	0.929972
1909	0.929972
1910	0.929972
1911	0.929972
1912	0.929972
1913	0.929972
1914	0.929972
1915	0.929972
1916	0.929972
1917	0.929972
1918	0.929972
1919	0.929972
1920	0.929972
1921	0.929972
1922	0.929972
1923	0.929972
1924	0.929972
1925	0.929972
1926	0.929972
1927	0.929972
1928	0.929972
1929	0.929972
1930	0.929972
1931	0.929972
1932	0.929972
1933	0.929972
1934	0.929972
1935	0.929972
1936	0.929972
1937	0.929972
1938	0.929972
1939	0.929972
1940	0.929972
1941	0.929972
1942	0.929972
1943	0.929972
1944	0.929972
1945	0.929972
1946	0.929972
1947	0.929972
1948	0.929972
1949	0.929972
1950	0.929972
1951	0.929972
1952	0.929972
1953	0.929972
1954	0.929972
1955	0.929972
1956	0.929972
1957	0.929972
1958	0.929972
1959	0.929972
1960	0.929972
1961	0.929972
1962	0.929972
1963	0.929972
1964	0.929972
1965	0.929972
1966	0.929972
1967	0.929972
1968	0.929972
1969	0.929972
1970	0.929972
1971	0.929972
1972	0.929972
1973	0.929972
1974	0.929972
1975	0.929972
1976	0.929972
1977	0.929972
1978	0.929972
1979	0.929972
1980	0.929972
1981	0.929972
1982	0.929972
1983	0.929972
1984	0.929972
1985	0.929972
1986	0.929972
1987	0.929972
1988	0.929972
1989	0.929972
1990	0.929972
1991	0.929972
1992	0.929972
1993	0.929972
1994	0.929972
1995	0.929972
1996	0.929972
1997	0.929972
1998	0.929972
1999	0.929972
2000	0.929972
2001	0.929972
2002	0.929972
2003	0.929972
2004	0.929972
2005	0.929972
2006	0.929972
2007	0.929972
2008	0.929972
2009	0.929972
2010	0.929972
2011	0.929972
2012	0.929972
2013	0.929972
2014	0.929972
2015	0.929972
2016	0.929972
2017	0.929972
2018	0.929972
2019	0.929972
2020	0.929972
2021	0.929972
2022	0.929972
2023	0.929972
2024	0.929972
2025	0.929972
2026	0.929972
2027	0.929972
2028	0.929972
2029	0.929972
2030	0.929972
2031	0.929972
2032	0.929972
2033	0.929972
2034	0.929972
2035	0.929972
2036	0.929972
2037	0.929972
2038	0.929972
2039	0.929972
2040	0.929972
2041	0.929972
2042	0.929972
2043	0.929972
2044	0.929972
2045	0.929972
2046	0.929972
2047	0.929972
2048	0.929972
2049	0.929972
2050	0.929972
2051	0.929972
2052	0.929972
2053	0.929972
2054	0.929972
2055	0.929972
2056	0.929972
2057	0.929972
2058	0.929972
2059	0.929972
2060	0.929972
2061	0.929972
2062	0.929972
2063	0.929972
2064	0.929972
2065	0.929972
2066	0.929972
2067	0.929972
2068	0.929972
2069	0.929972
2070	0.929972
2071	0.929972
2072	0.929972
2073	0.929972
2074	0.929972
2075	0.929972
2076	0.929972
2077	0.929972
2078	0.929972
2079	0.929972
2080	0.929972
2081	0.929972
2082	0.929972
2083	0.929972
2084	0.929972
2085	0.929972
2086	0.929972
2087	0.929972
2088	0.929972
2089	0.929972
2090	0.929972
2091	0.929972
2092	0.929972
2093	0.929972
2094	0.929972
2095	0.929972
2096	0.929972
2097	0.929972
2098	0.929972
2099	0.929972
2100	0.929972
2101	0.929972
2102	0.929972
2103	0.929972
2104	0.929972
2105	0.929972
2106	0.929972
2107	0.929972
2108	0.929972
2109	0.929972
2110	0.929972
2111	0.929972
2112	0.929972
2113	0.929972
2114	0.929972
2115	0.929972
2116	0.929972
2117	0.929972
2118	0.929972
2119	0.929972
2120	0.929972
2121	0.929972
2122	0.929972
2123	0.929972
2124	0.929972
2125	0.929972
2126	0.929972
2127	0.929972
2128	0.929972
2129	0.929972
2130	0.929972
2131	0.929972
2132	0.929972
2133	0.929972
2134	0.929972
2135	0.929972
2136	0.929972
2137	0.929972
2138	0.929972
2139	0.929972
2140	0.929972
2141	0.929972
2142	0.929972
2143	0.929972
2144	0.929972
2145	0.929972
2146	0.929972
2147	0.929972
2148	0.929972
2149	0.929972
2150	0.929972
2151	0.929972
2152	0.929972
2153	0.929972
2154	0.929972
2155	0.929972
2156	0.929972
2157	0.929972
2158	0.929972
2159	0.929972
2160	0.929972
2161	0.929972
2162	0.929972
2163	0.929972
2164	0.929972
2165	0.929972
2166	0.929972
2167	0.929972
2168	0.929972
2169	0.929972
2170	0.929972
2171	0.929972
2172	0.929972
2173	0.929972
2174	0.929972
2175	0.929972
2176	0.929972
2177	0.929972
2178	0.929972
2179	0.929972
2180	0.929972
2181	0.929972
2182	0.929972
2183	0.929972
2184	0.929972
2185	0.929972
2186	0.929972
2187	0.929972
2188	0.929972
2189	0.929972
2190	0.929972
2191	0.929972
2192	0.929972
2193	0.950153
2194	0.950153
2195	0.950153
2196	0.950153
2197	0.950153
2198	0.950153
2199	0.950153
2200	0.950153
2201	0.950153
2202	0.950153
2203	0.950153
2204	0.950153
2205	0.950153
2206	0.950153
2207	0.950153
2208	0.950153
2209	0.950153
2210	0.950153
2211	0.950153
2212	0.950153
2213	0.950153
2214	0.950153
2215	0.950153
2216	0.950153
2217	0.950153
2218	0.950153
2219	0.950153
2220	0.950153
2221	0.950153
2222	0.950153
2223	0.950153
2224	0.950153
2225	0.950153
2226	0.950153
2227	0.950153
2228	0.950153
2229	0.950153
2230	0.950153
2231	0.950153
2232	0.950153
2233	0.950153
2234	0.950153
2235	0.950153
2236	0.950153
2237	0.950153
2238	0.950153
2239	0.950153
2240	0.950153
2241	0.950153
2242	0.950153
2243	0.950153
2244	0.950153
2245	0.950153
2246	0.950153
2247	0.950153
2248	0.950153
2249	0.950153
2250	0.950153
2251	0.950153
2252	0.950153
2253	0.950153
2254	0.950153
2255	0.950153
2256	0.950153
2257	0.950153
2258	0.950153
2259	0.950153
2260	0.950153
2261	0.950153
2262	0.950153
2263	0.950153
2264	0.950153
2265	0.950153
2266	0.950153
2267	0.950153
2268	0.950153
2269	0.950153
2270	0.950153
2271	0.950153
2272	0.950153
2273	0.950153
2274	0.950153
2275	0.950153
2276	0.950153
2277	0.950153
2278	0.950153
2279	0.950153
2280	0.950153
2281	0.950153
2282	0.950153
2283	0.950153
2284	0.950153
2285	0.950153
2286	0.950153
2287	0.950153
2288	0.950153
2289	0.950153
2290	0.950153
2291	0.950153
2292	0.950153
2293	0.950153
2294	0.950153
2295	0.950153
2296	0.950153
2297	0.950153
2298	0.950153
2299	0.950153
2300	0.950153
2301	0.950153
2302	0.950153
2303	0.950153
2304	0.950153
2305	0.950153
2306	0.950153
2307	0.950153
2308	0.950153
2309	0.950153
2310	0.950153
2311	0.950153
2312	0.950153
2313	0.950153
2314	0.950153
2315	0.950153
2316	0.950153
2317	0.950153
2318	0.950153
2319	0.950153
2320	0.950153
2321	0.950153
2322	0.950153
2323	0.950153
2324	0.950153
2325	0.950153
2326	0.950153
2327	0.950153
2328	0.950153
2329	0.950153
2330	0.950153
2331	0.950153
2332	0.950153
2333	0.950153
2334	0.950153
2335	0.950153
2336	0.950153
2337	0.950153
2338	0.950153
2339	0.950153
2340	0.950153
2341	0.950153
2342	0.950153
2343	0.950153
2344	0.950153
2345	0.950153
2346	0.950153
2347	0.950153
2348	0.950153
2349	0.950153
2350	0.950153
2351	0.950153
2352	0.950153
2353	0.950153
2354	0.950153
2355	0.950153
2356	0.950153
2357	0.950153
2358	0.950153
2359	0.950153
2360	0.950153
2361	0.950153
2362	0.950153
2363	0.950153
2364	0.950153
2365	0.950153
2366	0.950153
2367	0.950153
2368	0.950153
2369	0.950153
2370	0.950153
2371	0.950153
2372	0.950153
2373	0.950153
2374	0.950153
2375	0.950153
2376	0.950153
2377	0.950153
2378	0.950153
2379	0.950153
2380	0.950153
2381	0.950153
2382	0.950153
2383	0.950153
2384	0.950153
2385	0.950153
2386	0.950153
2387	0.950153
2388	0.950153
2389	0.950153
2390	0.950153
2391	0.950153
2392	0.950153
2393	0.950153
2394	0.950153
2395	0.950153
2396	0.950153
2397	0.950153
2398	0.950153
2399	0.950153
2400	0.950153
2401	0.950153
2402	0.950153
2403	0.950153
2404	0.950153
2405	0.950153
2406	0.950153
2407	0.950153
2408	0.950153
2409	0.950153
2410	0.950153
2411	0.950153
2412	0.950153
2413	0.950153
2414	0.950153
2415	0.950153
2416	0.950153
2417	0.950153
2418	0.950153
2419	0.950153
2420	0.950153
2421	0.950153
2422	0.950153
2423	0.950153
2424	0.950153
2425	0.950153
2426	0.950153
2427	0.950153
2428	0.950153
2429	0.950153
2430	0.950153
2431	0.950153
2432	0.950153
2433	0.950153
2434	0.950153
2435	0.950153
2436	0.950153
2437	0.950153
2438	0.950153
2439	0.950153
2440	0.950153
2441	0.950153
2442	0.950153
2443	0.950153
2444	0.950153
2445	0.950153
2446	0.950153
2447	0.950153
2448	0.950153
2449	0.950153
2450	0.950153
2451	0.950153
2452	0.950153
2453	0.950153
2454	0.950153
2455	0.950153
2456	0.950153
2457	0.950153
2458	0.950153
2459	0.950153
2460	0.950153
2461	0.950153
2462	0.950153
2463	0.950153
2464	0.950153
2465	0.950153
2466	0.950153
2467	0.950153
2468	0.950153
2469	0.950153
2470	0.950153
2471	0.950153
2472	0.950153
2473	0.950153
2474	0.950153
2475	0.950153
2476	0.950153
2477	0.950153
2478	0.950153
2479	0.950153
2480	0.950153
2481	0.950153
2482	0.950153
2483	0.950153
2484	0.950153
2485	0.950153
2486	0.950153
2487	0.950153
2488	0.950153
2489	0.950153
2490	0.950153
2491	0.950153
2492	0.950153
2493	0.950153
2494	0.950153
2495	0.950153
2496	0.950153
2497	0.950153
2498	0.950153
2499	0.950153
2500	0.950153
2501	0.950153
2502	0.950153
2503	0.950153
2504	0.950153
2505	0.950153
2506	0.950153
2507	0.950153
2508	0.950153
2509	0.950153
2510	0.950153
2511	0.950153
2512	0.950153
2513	0.950153
2514	0.950153
2515	0.950153
2516	0.950153
2517	0.950153
2518	0.950153
2519	0.950153
2520	0.950153
2521	0.950153
2522	0.950153
2523	0.950153
2524	0.950153
2525	0.950153
2526	0.950153
2527	0.950153
2528	0.950153
2529	0.950153
2530	0.950153
2531	0.950153
2532	0.950153
2533	0.950153
2534	0.950153
2535	0.950153
2536	0.950153
2537	0.950153
2538	0.950153
2539	0.950153
2540	0.950153
2541	0.950153
2542	0.950153
2543	0.950153
2544	0.950153
2545	0.950153
2546	0.950153
2547	0.950153
2548	0.950153
2549	0.950153
2550	0.950153
2551	0.950153
2552	0.950153
2553	0.950153
2554	0.950153
2555	0.950153
2556	0.950153
2557	0.950153
2558	0.950153
2559	0.950153
2560	0.950153
2561	0.950153
2562	0.950153
2563	0.950153
2564	0.950153
2565	0.950153
2566	0.950153
2567	0.950153
2568	0.950153
2569	0.950153
2570	0.950153
2571	0.950153
2572	0.950153
2573	0.950153
2574	0.950153
2575	0.950153
2576	0.950153
2577	0.950153
2578	0.950153
2579	0.950153
2580	0.950153
2581	0.950153
2582	0.950153
2583	0.950153
2584	0.950153
2585	0.950153
2586	0.950153
2587	0.950153
2588	0.950153
2589	0.950153
2590	0.950153
2591	0.950153
2592	0.950153
2593	0.950153
2594	0.950153
2595	0.950153
2596	0.950153
2597	0.950153
2598	0.950153
2599	0.950153
2600	0.950153
2601	0.950153
2602	0.950153
2603	0.950153
2604	0.950153
2605	0.950153
2606	0.950153
2607	0.950153
2608	0.950153
2609	0.950153
2610	0.950153
2611	0.950153
2612	0.950153
2613	0.950153
2614	0.950153
2615	0.950153
2616	0.950153
2617	0.950153
2618	0.950153
2619	0.950153
2620	0.950153
2621	0.950153
2622	0.950153
2623	0.950153
2624	0.950153
2625	0.950153
2626	0.950153
2627	0.950153
2628	0.950153
2629	0.950153
2630	0.950153
2631	0.950153
2632	0.950153
2633	0.950153
2634	0.950153
2635	0.950153
2636	0.950153
2637	0.950153
2638	0.950153
2639	0.950153
2640	0.950153
2641	0.950153
2642	0.950153
2643	0.950153
2644	0.950153
2645	0.950153
2646	0.950153
2647	0.950153
2648	0.950153
2649	0.950153
2650	0.950153
2651	0.950153
2652	0.950153
2653	0.950153
2654	0.950153
2655	0.950153
2656	0.950153
2657	0.950153
2658	0.950153
2659	0.950153
2660	0.950153
2661	0.950153
2662	0.950153
2663	0.950153
2664	0.950153
2665	0.950153
2666	0.950153
2667	0.950153
2668	0.950153
2669	0.950153
2670	0.950153
2671	0.950153
2672	0.950153
2673	0.950153
2674	0.950153
2675	0.950153
2676	0.950153
2677	0.950153
2678	0.950153
2679	0.950153
2680	0.950153
2681	0.950153
2682	0.950153
2683	0.950153
2684	0.950153
2685	0.950153
2686	0.950153
2687	0.950153
2688	0.950153
2689	0.950153
2690	0.950153
2691	0.950153
2692	0.950153
2693	0.950153
2694	0.950153
2695	0.950153
2696	0.950153
2697	0.950153
2698	0.950153
2699	0.950153
2700	0.950153
2701	0.950153
2702	0.950153
2703	0.950153
2704	0.950153
2705	0.950153
2706	0.950153
2707	0.950153
2708	0.950153
2709	0.950153
2710	0.950153
2711	0.950153
2712	0.950153
2713	0.950153
2714	0.950153
2715	0.950153
2716	0.950153
2717	0.950153
2718	0.950153
2719	0.950153
2720	0.950153
2721	0.950153
2722	0.950153
2723	0.950153
2724	0.950153
2725	0.950153
2726	0.950153
2727	0.950153
2728	0.950153
2729	0.950153
2730	0.950153
2731	0.950153
2732	0.950153
2733	0.950153
2734	0.950153
2735	0.950153
2736	0.950153
2737	0.950153
2738	0.950153
2739	0.950153
2740	0.950153
2741	0.950153
2742	0.950153
2743	0.950153
2744	0.950153
2745	0.950153
2746	0.950153
2747	0.950153
2748	0.950153
2749	0.950153
2750	0.950153
2751	0.950153
2752	0.950153
2753	0.950153
2754	0.950153
2755	0.950153
2756	0.950153
2757	0.950153
2758	0.950153
2759	0.950153
2760	0.950153
2761	0.950153
2762	0.950153
2763	0.950153
2764	0.950153
2765	0.950153
2766	0.950153
2767	0.950153
2768	0.950153
2769	0.950153
2770	0.950153
2771	0.950153
2772	0.950153
2773	0.950153
2774	0.950153
2775	0.950153
2776	0.950153
2777	0.950153
2778	0.950153
2779	0.950153
2780	0.950153
2781	0.950153
2782	0.950153
2783	0.950153
2784	0.950153
2785	0.950153
2786	0.950153
2787	0.950153
2788	0.950153
2789	0.950153
2790	0.950153
2791	0.950153
2792	0.950153
2793	0.950153
2794	0.950153
2795	0.950153
2796	0.950153
2797	0.950153
2798	0.950153
2799	0.950153
2800	0.950153
2801	0.950153
2802	0.950153
2803	0.950153
2804	0.950153
2805	0.950153
2806	0.950153
2807	0.950153
2808	0.950153
2809	0.950153
2810	0.950153
2811	0.950153
2812	0.950153
2813	0.950153
2814	0.950153
2815	0.950153
2816	0.950153
2817	0.950153
2818	0.950153
2819	0.950153
2820	0.950153
2821	0.950153
2822	0.950153
2823	0.950153
2824	0.950153
2825	0.950153
2826	0.950153
2827	0.950153
2828	0.950153
2829	0.950153
2830	0.950153
2831	0.950153
2832	0.950153
2833	0.950153
2834	0.950153
2835	0.950153
2836	0.950153
2837	0.950153
2838	0.950153
2839	0.950153
2840	0.950153
2841	0.950153
2842	0.950153
2843	0.950153
2844	0.950153
2845	0.950153
2846	0.950153
2847	0.950153
2848	0.950153
2849	0.950153
2850	0.950153
2851	0.950153
2852	0.950153
2853	0.950153
2854	0.950153
2855	0.950153
2856	0.950153
2857	0.950153
2858	0.950153
2859	0.950153
2860	0.950153
2861	0.950153
2862	0.950153
2863	0.950153
2864	0.950153
2865	0.950153
2866	0.950153
2867	0.950153
2868	0.950153
2869	0.950153
2870	0.950153
2871	0.950153
2872	0.950153
2873	0.950153
2874	0.950153
2875	0.950153
2876	0.950153
2877	0.950153
2878	0.950153
2879	0.950153
2880	0.950153
2881	0.950153
2882	0.950153
2883	0.950153
2884	0.950153
2885	0.950153
2886	0.950153
2887	0.950153
2888	0.950153
2889	0.950153
2890	0.950153
2891	0.950153
2892	0.950153
2893	0.950153
2894	0.950153
2895	0.950153
2896	0.950153
2897	0.950153
2898	0.950153
2899	0.950153
2900	0.950153
2901	0.950153
2902	0.950153
2903	0.950153
2904	0.950153
2905	0.950153
2906	0.950153
2907	0.950153
2908	0.950153
2909	0.950153
2910	0.950153
2911	0.950153
2912	0.950153
2913	0.950153
2914	0.950153
2915	0.950153
2916	0.950153
2917	0.950153
2918	0.950153
2919	0.950153
2920	0.950153
2921	0.950153
2922	0.950153
2923	0.950153
2924	0.950153
2925	0.950153
2926	0.950153
2927	0.950153
2928	0.950153
2929	0.950153
2930	0.950153
2931	0.950153
2932	0.950153
2933	0.950153
2934	0.950153
2935	0.950153
2936	0.950153
2937	0.950153
2938	0.950153
2939	0.950153
2940	0.950153
2941	0.950153
2942	0.950153
2943	0.950153
2944	0.950153
2945	0.950153
2946	0.950153
2947	0.950153
2948	0.950153
2949	0.950153
2950	0.950153
2951	0.950153
2952	0.950153
2953	0.950153
2954	0.950153
2955	0.950153
2956	0.950153
2957	0.950153
2958	0.950153
2959	0.950153
2960	0.950153
2961	0.950153
2962	0.950153
2963	0.950153
2964	0.950153
2965	0.950153
2966	0.950153
2967	0.950153
2968	0.950153
2969	0.950153
2970	0.950153
2971	0.950153
2972	0.950153
2973	0.950153
2974	0.950153
2975	0.950153
2976	0.950153
2977	0.950153
2978	0.950153
2979	0.950153
2980	0.950153
2981	0.950153
2982	0.950153
2983	0.950153
2984	0.950153
2985	0.950153
2986	0.950153
2987	0.950153
2988	0.950153
2989	0.950153
2990	0.950153
2991	0.950153
2992	0.950153
2993	0.950153
2994	0.950153
2995	0.950153
2996	0.950153
2997	0.950153
2998	0.950153
2999	0.950153
3000	0.950153
3001	0.950153
3002	0.950153
3003	0.950153
3004	0.950153
3005	0.950153
3006	0.950153
3007	0.950153
3008	0.950153
3009	0.950153
3010	0.950153
3011	0.950153
3012	0.950153
3013	0.950153
3014	0.950153
3015	0.950153
3016	0.950153
3017	0.950153
3018	0.950153
3019	0.950153
3020	0.950153
3021	0.950153
3022	0.950153
3023	0.950153
3024	0.950153
3025	0.950153
3026	0.950153
3027	0.950153
3028	0.950153
3029	0.950153
3030	0.950153
3031	0.950153
3032	0.950153
3033	0.950153
3034	0.950153
3035	0.950153
3036	0.950153
3037	0.950153
3038	0.950153
3039	0.950153
3040	0.950153
3041	0.950153
3042	0.950153
3043	0.950153
3044	0.950153
3045	0.950153
3046	0.950153
3047	0.950153
3048	0.950153
3049	0.950153
3050	0.950153
3051	0.950153
3052	0.950153
3053	0.950153
3054	0.950153
3055	0.950153
3056	0.950153
3057	0.950153
3058	0.950153
3059	0.950153
3060	0.950153
3061	0.950153
3062	0.950153
3063	0.950153
3064	0.950153
3065	0.950153
3066	0.950153
3067	0.950153
3068	0.950153
3069	0.950153
3070	0.950153
3071	0.950153
3072	0.950153
3073	0.950153
3074	0.950153
3075	0.950153
3076	0.950153
3077	0.950153
3078	0.950153
3079	0.950153
3080	0.950153
3081	0.950153
3082	0.950153
3083	0.950153
3084	0.950153
3085	0.950153
3086	0.950153
3087	0.950153
3088	0.950153
3089	0.950153
3090	0.950153
3091	0.950153
3092	0.950153
3093	0.950153
3094	0.950153
3095	0.950153
3096	0.950153
3097	0.950153
3098	0.950153
3099	0.950153
3100	0.950153
