1	0.531144
2	0.553013
3	0.567615
4	0.590934
5	0.629428
6	0.637699
7	0.641911
8	0.65
9	0.65
10	0.65
11	0.65046
12	0.655551
13	0.656471
14	0.660642
15	0.662929
16	0.663877
17	0.663877
18	0.663877
19	0.671632
20	0.67304
21	0.67304
22	0.676722
23	0.676722
24	0.679024
25	0.683794
26	0.685007
27	0.685007
28	0.687768
29	0.687768
30	0.689665
31	0.69007
32	0.69007
33	0.69007
34	0.69007
35	0.69007
36	0.69007
37	0.69265
38	0.69265
39	0.69265
40	0.69265
41	0.69265
42	0.69265
43	0.69265
44	0.69265
45	0.69265
46	0.69265
47	0.69265
48	0.69265
49	0.69265
50	0.69265
51	0.69265
52	0.69265
53	0.69265
54	0.69265
55	0.69265
56	0.69265
57	0.69265
58	0.69265
59	0.69265
60	0.69265
61	0.69265
62	0.69265
63	0.69265
64	0.69265
65	0.69265
66	0.69265
67	0.69265
68	0.69265
69	0.69265
70	0.69265
71	0.69265
72	0.69265
73	0.69265
74	0.693794
75	0.693794
76	0.693794
77	0.693794
78	0.696192
79	0.696192
80	0.696192
81	0.696192
82	0.696192
83	0.696192
84	0.698605
85	0.698605
86	0.698605
87	0.698605
88	0.698605
89	0.698605
90	0.698605
91	0.698605
92	0.703626
93	0.703626
94	0.703626
95	0.711771
96	0.711771
97	0.713194
98	0.713194
99	0.713194
100	0.732343
101	0.732343
102	0.732343
103	0.732343
104	0.732343
105	0.732343
106	0.732343
107	0.732343
108	0.732343
109	0.732343
110	0.732343
111	0.732343
112	0.732343
113	0.732343
114	0.735439
115	0.735439
116	0.735439
117	0.735439
118	0.735439
119	0.735439
120	0.735439
121	0.735439
122	0.735439
123	0.735439
124	0.735439
125	0.735439
126	0.735439
127	0.735439
128	0.735439
129	0.735439
130	0.735439
131	0.735439
132	0.735439
133	0.735676
134	0.735676
135	0.735676
136	0.735676
137	0.735676
138	0.735676
139	0.735676
140	0.753417
141	0.753417
142	0.753417
143	0.753417
144	0.758089
145	0.758089
146	0.758089
147	0.758089
148	0.758089
149	0.758089
150	0.758089
151	0.758089
152	0.758089
153	0.758089
154	0.758089
155	0.758089
156	0.758089
157	0.758089
158	0.758089
159	0.758089
160	0.758089
161	0.758089
162	0.758089
163	0.759038
164	0.759038
165	0.759038
166	0.759038
167	0.759038
168	0.759038
169	0.759038
170	0.759038
171	0.759038
172	0.759038
173	0.759038
174	0.759038
175	0.759038
176	0.759038
177	0.759038
178	0.759038
179	0.759038
180	0.759038
181	0.759038
182	0.778438
183	0.778438
184	0.778438
185	0.778438
186	0.778438
187	0.778438
188	0.778438
189	0.778438
190	0.778438
191	0.778438
192	0.778438
193	0.778438
194	0.778438
195	0.778438
196	0.778438
197	0.778438
198	0.778438
199	0.778438
200	0.778438
201	0.778438
202	0.778438
203	0.778438
204	0.778438
205	0.778438
206	0.778438
207	0.778438
208	0.778438
209	0.778438
210	0.778438
211	0.778438
212	0.778438
213	0.778438
214	0.778438
215	0.778438
216	0.778438
217	0.778438
218	0.778438
219	0.778438
220	0.778912
221	0.778912
222	0.778912
223	0.778912
224	0.778912
225	0.778912
226	0.778912
227	0.778912
228	0.778912
229	0.778912
230	0.778912
231	0.778912
232	0.778912
233	0.778912
234	0.778912
235	0.778912
236	0.778912
237	0.778912
238	0.778912
239	0.778912
240	0.778912
241	0.778912
242	0.778912
243	0.778912
244	0.778912
245	0.778912
246	0.778912
247	0.778912
248	0.778912
249	0.778912
250	0.778912
251	0.778912
252	0.778912
253	0.778912
254	0.778912
255	0.778912
256	0.778912
257	0.778912
258	0.778912
259	0.778912
260	0.778912
261	0.778912
262	0.778912
263	0.778912
264	0.778912
265	0.778912
266	0.778912
267	0.778912
268	0.778912
269	0.778912
270	0.778912
271	0.778912
272	0.779805
273	0.781144
274	0.781144
275	0.781144
276	0.781381
277	0.781381
278	0.783752
279	0.783752
280	0.783989
281	0.783989
282	0.783989
283	0.783989
284	0.783989
285	0.783989
286	0.793598
287	0.793598
288	0.793598
289	0.793598
290	0.793598
291	0.793598
292	0.793598
293	0.803556
294	0.803556
295	0.803556
296	0.803556
297	0.803556
298	0.803556
299	0.803556
300	0.803556
301	0.803556
302	0.803556
303	0.803556
304	0.803556
305	0.803556
306	0.803556
307	0.803556
308	0.803556
309	0.803556
310	0.803556
311	0.803556
312	0.803556
313	0.803556
314	0.803556
315	0.803556
316	0.803556
317	0.803556
318	0.803556
319	0.803556
320	0.804993
321	0.804993
322	0.804993
323	0.804993
324	0.804993
325	0.804993
326	0.804993
327	0.804993
328	0.804993
329	0.804993
330	0.804993
331	0.804993
332	0.804993
333	0.804993
334	0.824045
335	0.824045
336	0.824045
337	0.824045
338	0.824045
339	0.824045
340	0.824045
341	0.824045
342	0.824045
343	0.824045
344	0.824045
345	0.824045
346	0.824268
347	0.824268
348	0.824268
349	0.824268
350	0.824268
351	0.824268
352	0.824268
353	0.824268
354	0.824268
355	0.824268
356	0.824268
357	0.824268
358	0.824268
359	0.824268
360	0.824268
361	0.824268
362	0.824268
363	0.824268
364	0.824268
365	0.824268
366	0.824268
367	0.824268
368	0.824268
369	0.824268
370	0.824268
371	0.824268
372	0.824268
373	0.824268
374	0.824268
375	0.824268
376	0.824268
377	0.824268
378	0.824505
379	0.824505
380	0.824505
381	0.824505
382	0.824505
383	0.824505
384	0.824505
385	0.824505
386	0.824505
387	0.824505
388	0.824505
389	0.824505
390	0.824505
391	0.824505
392	0.824505
393	0.824505
394	0.824505
395	0.824505
396	0.824505
397	0.824505
398	0.824505
399	0.824505
400	0.824505
401	0.824505
402	0.824505
403	0.824505
404	0.824505
405	0.824505
406	0.824505
407	0.824505
408	0.824505
409	0.824505
410	0.824505
411	0.824505
412	0.824505
413	0.824505
414	0.824505
415	0.824505
416	0.824505
417	0.824505
418	0.824505
419	0.824505
420	0.824505
421	0.824505
422	0.824505
423	0.824505
424	0.824505
425	0.824505
426	0.824505
427	0.824505
428	0.824505
429	0.824505
430	0.824505
431	0.824505
432	0.824505
433	0.824505
434	0.824505
435	0.824505
436	0.824505
437	0.824505
438	0.824505
439	0.824505
440	0.824505
441	0.824505
442	0.824505
443	0.824505
444	0.824505
445	0.824505
446	0.824505
447	0.824505
448	0.824505
449	0.824505
450	0.824505
451	0.824505
452	0.824505
453	0.824505
454	0.824505
455	0.824505
456	0.824505
457	0.824505
458	0.824505
459	0.824505
460	0.824505
461	0.824505
462	0.824505
463	0.824505
464	0.824505
465	0.824505
466	0.824505
467	0.824505
468	0.824505
469	0.824505
470	0.824505
471	0.824505
472	0.824505
473	0.824505
474	0.824505
475	0.824505
476	0.824505
477	0.824505
478	0.824505
479	0.824505
480	0.824505
481	0.824505
482	0.824505
483	0.824505
484	0.824505
485	0.824505
486	0.824505
487	0.824505
488	0.824505
489	0.824505
490	0.824505
491	0.824505
492	0.824505
493	0.824505
494	0.824505
495	0.824505
496	0.824505
497	0.824505
498	0.824505
499	0.824505
500	0.824505
501	0.824505
502	0.824505
503	0.824505
504	0.824505
505	0.824505
506	0.824505
507	0.824505
508	0.824505
509	0.824505
510	0.824505
511	0.824505
512	0.824505
513	0.824505
514	0.824505
515	0.824505
516	0.824505
517	0.824505
518	0.824505
519	0.824505
520	0.824505
521	0.824505
522	0.824505
523	0.824505
524	0.824505
525	0.824505
526	0.824505
527	0.824505
528	0.824505
529	0.824505
530	0.824505
531	0.824505
532	0.824505
533	0.824505
534	0.824505
535	0.824505
536	0.824505
537	0.824505
538	0.824505
539	0.824505
540	0.824505
541	0.824505
542	0.824505
543	0.824505
544	0.824505
545	0.824505
546	0.824505
547	0.824505
548	0.824505
549	0.824505
550	0.824505
551	0.824505
552	0.824505
553	0.824505
554	0.824505
555	0.824505
556	0.824505
557	0.824505
558	0.824505
559	0.824505
560	0.824505
561	0.824505
562	0.824505
563	0.824505
564	0.824505
565	0.824505
566	0.824505
567	0.824505
568	0.824505
569	0.824505
570	0.824505
571	0.824505
572	0.824505
573	0.824505
574	0.824505
575	0.824505
576	0.824505
577	0.824505
578	0.824505
579	0.824505
580	0.824505
581	0.824505
582	0.824505
583	0.824505
584	0.824505
585	0.824505
586	0.824505
587	0.824505
588	0.824505
589	0.824505
590	0.824505
591	0.824505
592	0.824505
593	0.824505
594	0.824505
595	0.824505
596	0.824505
597	0.824505
598	0.824505
599	0.824505
600	0.824505
601	0.824505
602	0.824505
603	0.824505
604	0.824505
605	0.824505
606	0.824505
607	0.824505
608	0.824505
609	0.824505
610	0.824505
611	0.824505
612	0.824505
613	0.824505
614	0.824505
615	0.824505
616	0.824505
617	0.824505
618	0.824505
619	0.824505
620	0.824505
621	0.824505
622	0.824505
623	0.824505
624	0.824505
625	0.824505
626	0.824505
627	0.824505
628	0.824505
629	0.824505
630	0.824505
631	0.824505
632	0.824505
633	0.824505
634	0.824505
635	0.824505
636	0.824505
637	0.824505
638	0.824505
639	0.824505
640	0.824505
641	0.824505
642	0.824505
643	0.824505
644	0.824505
645	0.824505
646	0.824505
647	0.824505
648	0.824505
649	0.824505
650	0.824505
651	0.824505
652	0.824505
653	0.824505
654	0.824505
655	0.824505
656	0.824505
657	0.824505
658	0.824505
659	0.824505
660	0.824505
661	0.824505
662	0.824505
663	0.824505
664	0.824505
665	0.824505
666	0.824505
667	0.824505
668	0.824505
669	0.824505
670	0.824505
671	0.824505
672	0.824505
673	0.824505
674	0.824505
675	0.824505
676	0.824505
677	0.824505
678	0.824505
679	0.824505
680	0.824505
681	0.824505
682	0.824505
683	0.824505
684	0.824505
685	0.824505
686	0.824505
687	0.824505
688	0.824505
689	0.824505
690	0.824505
691	0.824505
692	0.824505
693	0.824505
694	0.824505
695	0.824505
696	0.824505
697	0.824505
698	0.824505
699	0.824505
700	0.824505
701	0.824505
702	0.824505
703	0.824505
704	0.824505
705	0.824505
706	0.824505
707	0.824505
708	0.824505
709	0.824505
710	0.824505
711	0.824505
712	0.824505
713	0.824505
714	0.824505
715	0.824505
716	0.824505
717	0.824505
718	0.824505
719	0.824505
720	0.824505
721	0.824505
722	0.824505
723	0.824505
724	0.824505
725	0.824505
726	0.824505
727	0.824505
728	0.824505
729	0.824505
730	0.824505
731	0.824505
732	0.824505
733	0.824505
734	0.824505
735	0.824505
736	0.835091
737	0.842999
738	0.842999
739	0.842999
740	0.842999
741	0.842999
742	0.84325
743	0.84325
744	0.84325
745	0.84325
746	0.84325
747	0.84325
748	0.84325
749	0.84325
750	0.84325
751	0.84325
752	0.84325
753	0.84325
754	0.84325
755	0.843598
756	0.843598
757	0.843598
758	0.843598
759	0.843598
760	0.843598
761	0.843598
762	0.843598
763	0.843598
764	0.843598
765	0.843598
766	0.843598
767	0.843598
768	0.843598
769	0.843598
770	0.843598
771	0.843598
772	0.843598
773	0.843598
774	0.843598
775	0.843598
776	0.843598
777	0.843598
778	0.843598
779	0.843598
780	0.843598
781	0.843598
782	0.843598
783	0.843598
784	0.843598
785	0.843598
786	0.843598
787	0.843598
788	0.843598
789	0.843598
790	0.843598
791	0.843598
792	0.843598
793	0.843598
794	0.843598
795	0.843598
796	0.843598
797	0.843598
798	0.843598
799	0.843598
800	0.843598
801	0.843598
802	0.843598
803	0.843598
804	0.843598
805	0.843598
806	0.843598
807	0.843598
808	0.843598
809	0.843598
810	0.843598
811	0.843598
812	0.843598
813	0.843598
814	0.843598
815	0.843598
816	0.843598
817	0.843598
818	0.843598
819	0.843598
820	0.843598
821	0.843598
822	0.843598
823	0.843598
824	0.843598
825	0.843598
826	0.843598
827	0.843598
828	0.843598
829	0.843598
830	0.843598
831	0.843598
832	0.843598
833	0.843598
834	0.843598
835	0.843598
836	0.843598
837	0.843598
838	0.843598
839	0.843598
840	0.843598
841	0.843598
842	0.843598
843	0.843598
844	0.843598
845	0.843598
846	0.843598
847	0.843598
848	0.843598
849	0.843598
850	0.843598
851	0.843598
852	0.843598
853	0.843598
854	0.843598
855	0.843598
856	0.843598
857	0.843598
858	0.843598
859	0.843598
860	0.843598
861	0.843598
862	0.843598
863	0.843598
864	0.843598
865	0.843598
866	0.843598
867	0.843598
868	0.843598
869	0.843598
870	0.843598
871	0.843598
872	0.843598
873	0.843598
874	0.843598
875	0.843598
876	0.843598
877	0.843598
878	0.843598
879	0.843598
880	0.843598
881	0.843598
882	0.843598
883	0.843598
884	0.843598
885	0.843598
886	0.843598
887	0.843598
888	0.843598
889	0.843598
890	0.843598
891	0.843598
892	0.843598
893	0.843598
894	0.843598
895	0.843598
896	0.843598
897	0.843598
898	0.843598
899	0.843598
900	0.843598
901	0.843598
902	0.843598
903	0.843598
904	0.843598
905	0.843598
906	0.843598
907	0.843598
908	0.843598
909	0.843598
910	0.843598
911	0.843598
912	0.843598
913	0.843598
914	0.843598
915	0.843598
916	0.843598
917	0.843598
918	0.843598
919	0.843598
920	0.843598
921	0.843598
922	0.843598
923	0.843598
924	0.843598
925	0.843598
926	0.843598
927	0.843598
928	0.843598
929	0.843598
930	0.843598
931	0.843598
932	0.843598
933	0.843598
934	0.843598
935	0.843598
936	0.843598
937	0.843598
938	0.843598
939	0.843598
940	0.843598
941	0.843598
942	0.843598
943	0.843598
944	0.843598
945	0.843598
946	0.843598
947	0.843598
948	0.843598
949	0.843598
950	0.843598
951	0.843598
952	0.843598
953	0.843598
954	0.843598
955	0.843598
956	0.843598
957	0.843598
958	0.843598
959	0.843598
960	0.843598
961	0.843598
962	0.843598
963	0.843598
964	0.843598
965	0.843598
966	0.843598
967	0.843598
968	0.843598
969	0.843598
970	0.843598
971	0.843598
972	0.843598
973	0.843598
974	0.843598
975	0.843598
976	0.843598
977	0.843598
978	0.843598
979	0.843598
980	0.843598
981	0.843598
982	0.843598
983	0.843598
984	0.843598
985	0.843598
986	0.843598
987	0.843598
988	0.843598
989	0.843598
990	0.843598
991	0.843598
992	0.843598
993	0.843598
994	0.843598
995	0.843598
996	0.843598
997	0.843598
998	0.843598
999	0.843598
1000	0.843598
1001	0.843598
1002	0.843598
1003	0.843598
1004	0.843598
1005	0.843598
1006	0.843598
1007	0.843598
1008	0.843598
1009	0.843598
1010	0.843598
1011	0.843598
1012	0.843598
1013	0.843598
1014	0.843598
1015	0.846276
1016	0.846276
1017	0.846276
1018	0.846276
1019	0.846276
1020	0.846276
1021	0.846276
1022	0.846276
1023	0.846276
1024	0.846276
1025	0.848173
1026	0.848173
1027	0.848173
1028	0.848173
1029	0.848173
1030	0.848173
1031	0.848173
1032	0.848173
1033	0.848173
1034	0.848173
1035	0.848173
1036	0.848173
1037	0.848173
1038	0.848173
1039	0.848173
1040	0.848173
1041	0.848173
1042	0.848173
1043	0.848173
1044	0.848173
1045	0.848173
1046	0.848173
1047	0.848173
1048	0.848173
1049	0.848173
1050	0.848173
1051	0.848173
1052	0.848173
1053	0.848173
1054	0.848173
1055	0.848173
1056	0.848173
1057	0.848173
1058	0.848173
1059	0.848173
1060	0.848173
1061	0.848173
1062	0.848173
1063	0.848173
1064	0.848173
1065	0.848173
1066	0.849596
1067	0.849596
1068	0.849596
1069	0.849596
1070	0.849596
1071	0.849596
1072	0.849596
1073	0.849596
1074	0.849596
1075	0.849596
1076	0.849596
1077	0.849596
1078	0.849596
1079	0.849596
1080	0.849596
1081	0.849596
1082	0.849596
1083	0.849596
1084	0.850014
1085	0.850014
1086	0.850014
1087	0.853459
1088	0.853459
1089	0.862873
1090	0.862873
1091	0.862873
1092	0.87159
1093	0.881478
1094	0.881478
1095	0.881478
1096	0.881478
1097	0.881478
1098	0.881478
1099	0.881478
1100	0.881478
1101	0.881478
1102	0.881478
1103	0.881478
1104	0.881478
1105	0.881478
1106	0.881478
1107	0.881478
1108	0.881478
1109	0.881478
1110	0.881478
1111	0.881478
1112	0.881478
1113	0.881478
1114	0.881478
1115	0.881478
1116	0.881478
1117	0.881478
1118	0.881478
1119	0.881478
1120	0.881478
1121	0.881478
1122	0.881478
1123	0.881478
1124	0.881478
1125	0.881478
1126	0.881478
1127	0.881478
1128	0.881478
1129	0.881478
1130	0.881478
1131	0.881478
1132	0.881478
1133	0.881478
1134	0.881478
1135	0.881478
1136	0.881478
1137	0.881478
1138	0.881478
1139	0.881478
1140	0.881478
1141	0.881478
1142	0.881478
1143	0.881478
1144	0.881478
1145	0.881478
1146	0.881478
1147	0.881478
1148	0.881478
1149	0.881478
1150	0.881478
1151	0.881478
1152	0.881478
1153	0.881478
1154	0.881478
1155	0.881478
1156	0.881478
1157	0.881478
1158	0.881478
1159	0.881478
1160	0.881478
1161	0.881478
1162	0.881478
1163	0.881478
1164	0.881478
1165	0.881478
1166	0.881478
1167	0.881478
1168	0.881478
1169	0.881478
1170	0.881478
1171	0.881478
1172	0.881478
1173	0.881478
1174	0.881478
1175	0.881478
1176	0.881478
1177	0.881478
1178	0.881478
1179	0.881478
1180	0.881478
1181	0.881478
1182	0.881478
1183	0.881478
1184	0.881478
1185	0.881478
1186	0.881478
1187	0.881478
1188	0.881478
1189	0.881478
1190	0.881478
1191	0.881478
1192	0.881478
1193	0.881478
1194	0.881478
1195	0.881478
1196	0.881478
1197	0.881478
1198	0.881478
1199	0.881478
1200	0.881478
1201	0.881478
1202	0.881478
1203	0.881478
1204	0.881478
1205	0.881478
1206	0.881478
1207	0.881478
1208	0.881478
1209	0.881478
1210	0.881478
1211	0.881478
1212	0.881478
1213	0.881478
1214	0.881478
1215	0.881478
1216	0.881478
1217	0.881478
1218	0.881478
1219	0.881478
1220	0.881478
1221	0.881478
1222	0.881478
1223	0.881478
1224	0.881478
1225	0.881478
1226	0.881478
1227	0.881478
1228	0.881478
1229	0.881478
1230	0.881478
1231	0.881478
1232	0.881478
1233	0.881478
1234	0.881478
1235	0.881478
1236	0.881478
1237	0.881478
1238	0.881478
1239	0.881478
1240	0.881478
1241	0.881478
1242	0.881478
1243	0.881478
1244	0.881478
1245	0.881478
1246	0.881478
1247	0.881478
1248	0.881478
1249	0.881478
1250	0.881478
1251	0.881478
1252	0.881478
1253	0.881478
1254	0.881478
1255	0.881478
1256	0.881478
1257	0.881478
1258	0.881478
1259	0.881478
1260	0.881478
1261	0.881478
1262	0.881478
1263	0.881478
1264	0.881478
1265	0.881478
1266	0.881478
1267	0.881478
1268	0.881478
1269	0.881478
1270	0.881478
1271	0.881478
1272	0.881478
1273	0.881478
1274	0.881478
1275	0.881478
1276	0.881478
1277	0.881478
1278	0.881478
1279	0.881478
1280	0.881478
1281	0.881478
1282	0.881478
1283	0.881478
1284	0.881478
1285	0.881478
1286	0.881478
1287	0.881478
1288	0.881478
1289	0.881478
1290	0.881478
1291	0.881478
1292	0.881478
1293	0.881478
1294	0.881478
1295	0.881478
1296	0.881478
1297	0.881478
1298	0.881478
1299	0.881478
1300	0.881478
1301	0.881478
1302	0.881478
1303	0.881478
1304	0.881478
1305	0.881478
1306	0.881478
1307	0.881478
1308	0.881478
1309	0.881478
1310	0.881478
1311	0.881478
1312	0.881478
1313	0.881478
1314	0.881478
1315	0.881478
1316	0.881478
1317	0.881478
1318	0.881478
1319	0.881478
1320	0.881478
1321	0.881478
1322	0.881478
1323	0.881478
1324	0.881478
1325	0.881478
1326	0.881478
1327	0.881478
1328	0.881478
1329	0.881478
1330	0.881478
1331	0.881478
1332	0.881478
1333	0.881478
1334	0.881478
1335	0.881478
1336	0.881478
1337	0.881478
1338	0.881478
1339	0.881478
1340	0.881478
1341	0.881478
1342	0.881478
1343	0.882148
1344	0.882148
1345	0.882148
1346	0.882148
1347	0.882148
1348	0.882148
1349	0.882148
1350	0.882148
1351	0.882148
1352	0.882148
1353	0.882148
1354	0.882148
1355	0.882148
1356	0.882148
1357	0.882148
1358	0.882148
1359	0.882148
1360	0.882148
1361	0.882148
1362	0.882148
1363	0.882148
1364	0.882148
1365	0.882148
1366	0.882148
1367	0.882148
1368	0.882148
1369	0.882148
1370	0.882148
1371	0.882148
1372	0.882148
1373	0.882148
1374	0.882148
1375	0.882148
1376	0.882148
1377	0.882148
1378	0.882148
1379	0.882148
1380	0.882148
1381	0.882148
1382	0.882148
1383	0.882148
1384	0.882148
1385	0.882148
1386	0.882148
1387	0.882148
1388	0.882148
1389	0.882148
1390	0.882148
1391	0.882148
1392	0.882148
1393	0.882148
1394	0.882148
1395	0.882148
1396	0.882148
1397	0.882148
1398	0.882148
1399	0.882148
1400	0.882148
1401	0.882148
1402	0.882148
1403	0.882148
1404	0.882148
1405	0.882148
1406	0.882148
1407	0.882148
1408	0.882148
1409	0.882148
1410	0.882148
1411	0.882148
1412	0.882148
1413	0.882148
1414	0.882148
1415	0.882148
1416	0.882148
1417	0.882148
1418	0.882148
1419	0.882148
1420	0.882148
1421	0.882148
1422	0.882148
1423	0.882148
1424	0.882148
1425	0.882148
1426	0.887211
1427	0.887211
1428	0.887211
1429	0.887211
1430	0.887211
1431	0.887211
1432	0.887211
1433	0.887211
1434	0.887211
1435	0.887211
1436	0.887211
1437	0.887211
1438	0.887211
1439	0.887211
1440	0.887211
1441	0.887211
1442	0.887211
1443	0.887211
1444	0.887211
1445	0.887211
1446	0.887211
1447	0.887211
1448	0.887211
1449	0.887211
1450	0.887211
1451	0.887211
1452	0.887211
1453	0.887211
1454	0.887211
1455	0.887211
1456	0.887211
1457	0.887211
1458	0.887211
1459	0.887211
1460	0.887211
1461	0.887211
1462	0.887211
1463	0.887211
1464	0.887211
1465	0.887211
1466	0.887211
1467	0.887211
1468	0.887211
1469	0.887211
1470	0.887211
1471	0.887211
1472	0.887211
1473	0.887211
1474	0.887211
1475	0.887211
1476	0.887211
1477	0.887211
1478	0.887211
1479	0.887211
1480	0.887211
1481	0.887211
1482	0.887211
1483	0.887211
1484	0.887211
1485	0.887211
1486	0.887211
1487	0.887211
1488	0.887211
1489	0.887211
1490	0.887211
1491	0.887211
1492	0.887211
1493	0.887211
1494	0.887211
1495	0.887211
1496	0.887211
1497	0.887211
1498	0.887211
1499	0.887211
1500	0.887211
1501	0.887211
1502	0.887211
1503	0.887211
1504	0.887211
1505	0.887211
1506	0.887211
1507	0.887211
1508	0.887211
1509	0.887211
1510	0.887211
1511	0.887211
1512	0.887211
1513	0.887211
1514	0.887211
1515	0.887211
1516	0.887211
1517	0.887211
1518	0.887211
1519	0.887211
1520	0.887211
1521	0.887211
1522	0.887211
1523	0.887211
1524	0.887211
1525	0.887211
1526	0.887211
1527	0.887211
1528	0.887211
1529	0.887211
1530	0.887211
1531	0.887211
1532	0.887211
1533	0.887211
1534	0.887211
1535	0.887211
1536	0.887211
1537	0.887211
1538	0.887211
1539	0.887211
1540	0.887211
1541	0.887211
1542	0.887211
1543	0.887211
1544	0.887211
1545	0.887211
1546	0.887211
1547	0.887211
1548	0.887211
1549	0.887211
1550	0.887211
1551	0.887211
1552	0.887211
1553	0.887211
1554	0.887211
1555	0.887211
1556	0.887211
1557	0.887211
1558	0.887211
1559	0.887211
1560	0.887211
1561	0.887211
1562	0.887211
1563	0.887211
1564	0.887211
1565	0.887211
1566	0.887211
1567	0.887211
1568	0.887211
1569	0.887211
1570	0.887211
1571	0.887211
1572	0.887211
1573	0.887211
1574	0.887211
1575	0.887211
1576	0.887211
1577	0.887211
1578	0.887211
1579	0.887211
1580	0.887211
1581	0.887211
1582	0.887211
1583	0.887211
1584	0.887211
1585	0.887211
1586	0.887211
1587	0.887211
1588	0.887211
1589	0.887211
1590	0.887211
1591	0.887211
1592	0.887211
1593	0.887211
1594	0.887211
1595	0.887211
1596	0.887211
1597	0.887211
1598	0.887211
1599	0.887211
1600	0.887211
1601	0.887211
1602	0.887211
1603	0.887211
1604	0.887211
1605	0.887211
1606	0.887211
1607	0.887211
1608	0.887211
1609	0.887211
1610	0.887211
1611	0.887211
1612	0.887211
1613	0.887211
1614	0.887211
1615	0.887211
1616	0.887211
1617	0.887211
1618	0.887211
1619	0.887211
1620	0.887211
1621	0.887211
1622	0.887211
1623	0.887211
1624	0.887211
1625	0.887211
1626	0.887211
1627	0.887211
1628	0.887211
1629	0.887211
1630	0.887211
1631	0.887211
1632	0.887211
1633	0.887211
1634	0.887211
1635	0.887211
1636	0.887211
1637	0.887211
1638	0.887211
1639	0.887211
1640	0.887211
1641	0.887211
1642	0.887211
1643	0.887211
1644	0.887211
1645	0.887211
1646	0.887211
1647	0.887211
1648	0.887211
1649	0.887211
1650	0.887211
1651	0.887211
1652	0.887211
1653	0.887211
1654	0.887211
1655	0.887211
1656	0.887211
1657	0.887211
1658	0.887211
1659	0.887211
1660	0.887211
1661	0.887211
1662	0.887211
1663	0.887211
1664	0.887211
1665	0.887211
1666	0.887211
1667	0.887211
1668	0.887211
1669	0.887211
1670	0.887211
1671	0.887211
1672	0.887211
1673	0.887211
1674	0.887211
1675	0.887211
1676	0.887211
1677	0.887211
1678	0.887211
1679	0.887211
1680	0.887211
1681	0.887211
1682	0.887211
1683	0.887211
1684	0.887211
1685	0.887211
1686	0.887211
1687	0.887211
1688	0.887211
1689	0.887211
1690	0.887211
1691	0.887211
1692	0.887211
1693	0.887211
1694	0.887211
1695	0.887211
1696	0.887211
1697	0.887211
1698	0.887211
1699	0.887211
1700	0.887211
1701	0.887211
1702	0.887211
1703	0.887211
1704	0.887211
1705	0.887211
1706	0.887211
1707	0.887211
1708	0.887211
1709	0.887211
1710	0.887211
1711	0.887211
1712	0.887211
1713	0.887211
1714	0.887211
1715	0.887211
1716	0.887211
1717	0.887211
1718	0.887211
1719	0.887211
1720	0.887211
1721	0.887211
1722	0.887211
1723	0.887211
1724	0.887211
1725	0.887211
1726	0.887211
1727	0.887211
1728	0.887211
1729	0.887211
1730	0.887211
1731	0.887211
1732	0.887211
1733	0.887211
1734	0.887211
1735	0.887211
1736	0.887211
1737	0.887211
1738	0.887211
1739	0.887211
1740	0.887211
1741	0.887211
1742	0.887211
1743	0.887211
1744	0.887211
1745	0.887211
1746	0.887211
1747	0.887211
1748	0.887211
1749	0.887211
1750	0.887211
1751	0.887211
1752	0.887211
1753	0.887211
1754	0.887211
1755	0.887211
1756	0.887211
1757	0.887211
1758	0.887211
1759	0.887211
1760	0.887211
1761	0.887211
1762	0.887211
1763	0.887211
1764	0.887211
1765	0.887211
1766	0.887211
1767	0.887211
1768	0.887211
1769	0.887211
1770	0.887211
1771	0.887211
1772	0.887211
1773	0.887211
1774	0.887211
1775	0.887211
1776	0.887211
1777	0.887211
1778	0.887211
1779	0.887211
1780	0.887211
1781	0.887211
1782	0.887211
1783	0.887211
1784	0.887211
1785	0.887211
1786	0.887211
1787	0.887211
1788	0.887211
1789	0.887211
1790	0.887211
1791	0.887211
1792	0.887211
1793	0.887211
1794	0.887211
1795	0.887211
1796	0.887211
1797	0.887211
1798	0.887211
1799	0.887211
1800	0.887211
1801	0.887211
1802	0.887211
1803	0.887211
1804	0.887211
1805	0.887211
1806	0.887211
1807	0.887211
1808	0.887211
1809	0.887211
1810	0.887211
1811	0.887211
1812	0.887211
1813	0.887211
1814	0.887211
1815	0.887211
1816	0.887211
1817	0.887211
1818	0.887211
1819	0.887211
1820	0.887211
1821	0.887211
1822	0.887211
1823	0.887211
1824	0.887211
1825	0.887211
1826	0.887211
1827	0.887211
1828	0.887211
1829	0.887211
1830	0.887211
1831	0.887211
1832	0.887211
1833	0.887211
1834	0.887211
1835	0.887211
1836	0.887211
1837	0.887211
1838	0.887211
1839	0.887211
1840	0.887211
1841	0.887211
1842	0.887211
1843	0.887211
1844	0.887211
1845	0.887211
1846	0.887211
1847	0.887211
1848	0.887211
1849	0.887211
1850	0.887211
1851	0.887211
1852	0.887211
1853	0.887211
1854	0.887211
1855	0.887211
1856	0.887211
1857	0.887211
1858	0.887211
1859	0.887211
1860	0.887211
1861	0.887211
1862	0.887211
1863	0.887211
1864	0.887211
1865	0.887211
1866	0.887211
1867	0.887211
1868	0.887211
1869	0.887211
1870	0.887211
1871	0.887211
1872	0.887211
1873	0.887211
1874	0.887211
1875	0.887211
1876	0.887211
1877	0.887211
1878	0.887211
1879	0.887211
1880	0.887211
1881	0.887211
1882	0.887211
1883	0.887211
1884	0.887211
1885	0.887211
1886	0.887211
1887	0.887211
1888	0.887211
1889	0.887211
1890	0.887211
1891	0.887211
1892	0.887211
1893	0.887211
1894	0.887211
1895	0.887211
1896	0.887211
1897	0.887211
1898	0.887211
1899	0.887211
1900	0.887211
1901	0.887211
1902	0.887211
1903	0.887211
1904	0.887211
1905	0.887211
1906	0.887211
1907	0.887211
1908	0.887211
1909	0.887211
1910	0.887211
1911	0.887211
1912	0.887211
1913	0.887211
1914	0.887211
1915	0.887211
1916	0.887211
1917	0.887211
1918	0.887211
1919	0.887211
1920	0.887211
1921	0.887211
1922	0.887211
1923	0.887211
1924	0.887211
1925	0.887211
1926	0.887211
1927	0.887211
1928	0.887211
1929	0.887211
1930	0.887211
1931	0.887211
1932	0.887211
1933	0.887211
1934	0.887211
1935	0.887211
1936	0.887211
1937	0.887211
1938	0.887211
1939	0.887211
1940	0.887211
1941	0.887211
1942	0.887211
1943	0.887211
1944	0.887211
1945	0.887211
1946	0.887211
1947	0.887211
1948	0.887211
1949	0.887211
1950	0.887211
1951	0.887211
1952	0.887211
1953	0.887211
1954	0.887211
1955	0.887211
1956	0.887211
1957	0.887211
1958	0.887211
1959	0.887211
1960	0.887211
1961	0.887211
1962	0.887211
1963	0.887211
1964	0.887211
1965	0.887211
1966	0.887211
1967	0.887211
1968	0.887211
1969	0.887211
1970	0.887211
1971	0.887211
1972	0.887211
1973	0.887211
1974	0.887211
1975	0.887211
1976	0.887211
1977	0.887211
1978	0.887211
1979	0.887211
1980	0.887211
1981	0.887211
1982	0.887211
1983	0.887211
1984	0.887211
1985	0.887211
1986	0.887211
1987	0.887211
1988	0.887211
1989	0.887211
1990	0.887211
1991	0.887211
1992	0.887211
1993	0.887211
1994	0.887211
1995	0.887211
1996	0.887211
1997	0.887211
1998	0.887211
1999	0.887211
2000	0.887211
2001	0.887211
2002	0.887211
2003	0.887211
2004	0.887211
2005	0.887211
2006	0.887211
2007	0.887211
2008	0.887211
2009	0.887211
2010	0.887211
2011	0.887211
2012	0.887211
2013	0.887211
2014	0.887211
2015	0.887211
2016	0.887211
2017	0.887211
2018	0.887211
2019	0.887211
2020	0.887211
2021	0.887211
2022	0.887211
2023	0.887211
2024	0.887211
2025	0.887211
2026	0.887211
2027	0.887211
2028	0.887211
2029	0.887211
2030	0.887211
2031	0.887211
2032	0.887211
2033	0.887211
2034	0.887211
2035	0.887211
2036	0.887211
2037	0.887211
2038	0.887211
2039	0.887211
2040	0.887211
2041	0.887211
2042	0.887211
2043	0.887211
2044	0.887211
2045	0.887211
2046	0.887211
2047	0.887211
2048	0.887211
2049	0.887211
2050	0.887211
2051	0.887211
2052	0.887211
2053	0.887211
2054	0.887211
2055	0.887211
2056	0.887211
2057	0.887211
2058	0.887211
2059	0.887211
2060	0.887211
2061	0.887211
2062	0.887211
2063	0.887211
2064	0.887211
2065	0.887211
2066	0.887211
2067	0.887211
2068	0.887211
2069	0.887211
2070	0.887211
2071	0.887211
2072	0.887211
2073	0.887211
2074	0.887211
2075	0.887211
2076	0.887211
2077	0.921144
2078	0.921144
2079	0.921144
2080	0.923905
2081	0.923905
2082	0.923905
2083	0.923905
2084	0.923905
2085	0.923905
2086	0.923905
2087	0.923905
2088	0.923905
2089	0.923905
2090	0.923905
2091	0.923905
2092	0.923905
2093	0.923905
2094	0.923905
2095	0.923905
2096	0.923905
2097	0.923905
2098	0.923905
2099	0.923905
2100	0.923905
2101	0.923905
2102	0.923905
2103	0.923905
2104	0.923905
2105	0.923905
2106	0.923905
2107	0.923905
2108	0.923905
2109	0.923905
2110	0.923905
2111	0.923905
2112	0.923905
2113	0.923905
2114	0.923905
2115	0.923905
2116	0.923905
2117	0.923905
2118	0.923905
2119	0.923905
2120	0.923905
2121	0.923905
2122	0.923905
2123	0.923905
2124	0.923905
2125	0.923905
2126	0.923905
2127	0.923905
2128	0.923905
2129	0.923905
2130	0.923905
2131	0.923905
2132	0.923905
2133	0.923905
2134	0.923905
2135	0.923905
2136	0.923905
2137	0.923905
2138	0.923905
2139	0.923905
2140	0.923905
2141	0.923905
2142	0.923905
2143	0.923905
2144	0.923905
2145	0.923905
2146	0.923905
2147	0.923905
2148	0.923905
2149	0.923905
2150	0.923905
2151	0.923905
2152	0.923905
2153	0.923905
2154	0.923905
2155	0.923905
2156	0.923905
2157	0.923905
2158	0.923905
2159	0.923905
2160	0.923905
2161	0.923905
2162	0.923905
2163	0.923905
2164	0.923905
2165	0.923905
2166	0.923905
2167	0.923905
2168	0.923905
2169	0.923905
2170	0.923905
2171	0.923905
2172	0.923905
2173	0.923905
2174	0.923905
2175	0.923905
2176	0.923905
2177	0.923905
2178	0.923905
2179	0.923905
2180	0.923905
2181	0.923905
2182	0.923905
2183	0.923905
2184	0.923905
2185	0.923905
2186	0.923905
2187	0.923905
2188	0.923905
2189	0.923905
2190	0.923905
2191	0.923905
2192	0.923905
2193	0.923905
2194	0.923905
2195	0.923905
2196	0.923905
2197	0.923905
2198	0.923905
2199	0.923905
2200	0.923905
2201	0.923905
2202	0.923905
2203	0.923905
2204	0.923905
2205	0.923905
2206	0.923905
2207	0.923905
2208	0.923905
2209	0.923905
2210	0.923905
2211	0.923905
2212	0.923905
2213	0.923905
2214	0.923905
2215	0.923905
2216	0.923905
2217	0.923905
2218	0.923905
2219	0.923905
2220	0.923905
2221	0.923905
2222	0.923905
2223	0.923905
2224	0.923905
2225	0.923905
2226	0.923905
2227	0.923905
2228	0.923905
2229	0.923905
2230	0.923905
2231	0.923905
2232	0.923905
2233	0.923905
2234	0.923905
2235	0.923905
2236	0.923905
2237	0.923905
2238	0.923905
2239	0.923905
2240	0.923905
2241	0.923905
2242	0.923905
2243	0.923905
2244	0.923905
2245	0.923905
2246	0.923905
2247	0.923905
2248	0.923905
2249	0.923905
2250	0.923905
2251	0.923905
2252	0.923905
2253	0.923905
2254	0.923905
2255	0.923905
2256	0.923905
2257	0.923905
2258	0.923905
2259	0.923905
2260	0.923905
2261	0.923905
2262	0.923905
2263	0.923905
2264	0.923905
2265	0.923905
2266	0.923905
2267	0.923905
2268	0.923905
2269	0.923905
2270	0.923905
2271	0.923905
2272	0.923905
2273	0.923905
2274	0.923905
2275	0.923905
2276	0.923905
2277	0.923905
2278	0.923905
2279	0.923905
2280	0.923905
2281	0.923905
2282	0.923905
2283	0.923905
2284	0.923905
2285	0.923905
2286	0.923905
2287	0.923905
2288	0.923905
2289	0.923905
2290	0.923905
2291	0.923905
2292	0.923905
2293	0.923905
2294	0.923905
2295	0.923905
2296	0.923905
2297	0.923905
2298	0.923905
2299	0.923905
2300	0.923905
2301	0.923905
2302	0.923905
2303	0.923905
2304	0.923905
2305	0.923905
2306	0.923905
2307	0.923905
2308	0.923905
2309	0.923905
2310	0.923905
2311	0.923905
2312	0.923905
2313	0.923905
2314	0.923905
2315	0.923905
2316	0.923905
2317	0.923905
2318	0.923905
2319	0.923905
2320	0.923905
2321	0.923905
2322	0.923905
2323	0.923905
2324	0.923905
2325	0.923905
2326	0.923905
2327	0.923905
2328	0.923905
2329	0.923905
2330	0.923905
2331	0.923905
2332	0.923905
2333	0.923905
2334	0.923905
2335	0.923905
2336	0.923905
2337	0.923905
2338	0.923905
2339	0.923905
2340	0.923905
2341	0.923905
2342	0.923905
2343	0.923905
2344	0.923905
2345	0.923905
2346	0.923905
2347	0.923905
2348	0.923905
2349	0.923905
2350	0.923905
2351	0.923905
2352	0.923905
2353	0.923905
2354	0.923905
2355	0.923905
2356	0.923905
2357	0.923905
2358	0.923905
2359	0.923905
2360	0.923905
2361	0.923905
2362	0.923905
2363	0.923905
2364	0.923905
2365	0.923905
2366	0.923905
2367	0.923905
2368	0.923905
2369	0.923905
2370	0.923905
2371	0.923905
2372	0.923905
2373	0.923905
2374	0.923905
2375	0.923905
2376	0.923905
2377	0.923905
2378	0.923905
2379	0.923905
2380	0.923905
2381	0.923905
2382	0.923905
2383	0.923905
2384	0.923905
2385	0.923905
2386	0.923905
2387	0.923905
2388	0.923905
2389	0.923905
2390	0.923905
2391	0.923905
2392	0.923905
2393	0.923905
2394	0.923905
2395	0.923905
2396	0.923905
2397	0.923905
2398	0.923905
2399	0.923905
2400	0.923905
2401	0.923905
2402	0.923905
2403	0.923905
2404	0.923905
2405	0.923905
2406	0.923905
2407	0.923905
2408	0.923905
2409	0.923905
2410	0.923905
2411	0.923905
2412	0.923905
2413	0.923905
2414	0.923905
2415	0.923905
2416	0.923905
2417	0.923905
2418	0.923905
2419	0.923905
2420	0.923905
2421	0.923905
2422	0.923905
2423	0.923905
2424	0.923905
2425	0.923905
2426	0.923905
2427	0.923905
2428	0.923905
2429	0.923905
2430	0.923905
2431	0.923905
2432	0.923905
2433	0.923905
2434	0.923905
2435	0.923905
2436	0.923905
2437	0.923905
2438	0.923905
2439	0.923905
2440	0.923905
2441	0.923905
2442	0.923905
2443	0.923905
2444	0.923905
2445	0.923905
2446	0.923905
2447	0.923905
2448	0.923905
2449	0.923905
2450	0.923905
2451	0.923905
2452	0.923905
2453	0.923905
2454	0.923905
2455	0.923905
2456	0.923905
2457	0.923905
2458	0.923905
2459	0.923905
2460	0.923905
2461	0.923905
2462	0.923905
2463	0.923905
2464	0.923905
2465	0.923905
2466	0.923905
2467	0.923905
2468	0.923905
2469	0.923905
2470	0.923905
2471	0.923905
2472	0.923905
2473	0.923905
2474	0.923905
2475	0.923905
2476	0.923905
2477	0.923905
2478	0.923905
2479	0.923905
2480	0.923905
2481	0.923905
2482	0.923905
2483	0.923905
2484	0.923905
2485	0.923905
2486	0.923905
2487	0.923905
2488	0.923905
2489	0.923905
2490	0.923905
2491	0.923905
2492	0.923905
2493	0.923905
2494	0.923905
2495	0.923905
2496	0.923905
2497	0.923905
2498	0.923905
2499	0.923905
2500	0.923905
2501	0.923905
2502	0.923905
2503	0.923905
2504	0.923905
2505	0.923905
2506	0.923905
2507	0.923905
2508	0.923905
2509	0.923905
2510	0.923905
2511	0.923905
2512	0.923905
2513	0.923905
2514	0.923905
2515	0.923905
2516	0.923905
2517	0.923905
2518	0.923905
2519	0.923905
2520	0.923905
2521	0.923905
2522	0.923905
2523	0.923905
2524	0.923905
2525	0.923905
2526	0.923905
2527	0.923905
2528	0.923905
2529	0.923905
2530	0.923905
2531	0.923905
2532	0.923905
2533	0.923905
2534	0.923905
2535	0.923905
2536	0.923905
2537	0.923905
2538	0.923905
2539	0.923905
2540	0.923905
2541	0.923905
2542	0.923905
2543	0.923905
2544	0.923905
2545	0.923905
2546	0.923905
2547	0.923905
2548	0.923905
2549	0.923905
2550	0.923905
2551	0.923905
2552	0.923905
2553	0.923905
2554	0.923905
2555	0.923905
2556	0.923905
2557	0.923905
2558	0.923905
2559	0.923905
2560	0.923905
2561	0.923905
2562	0.923905
2563	0.923905
2564	0.923905
2565	0.923905
2566	0.923905
2567	0.923905
2568	0.923905
2569	0.923905
2570	0.923905
2571	0.923905
2572	0.923905
2573	0.923905
2574	0.923905
2575	0.923905
2576	0.923905
2577	0.923905
2578	0.923905
2579	0.923905
2580	0.923905
2581	0.923905
2582	0.923905
2583	0.923905
2584	0.923905
2585	0.923905
2586	0.923905
2587	0.923905
2588	0.923905
2589	0.923905
2590	0.923905
2591	0.923905
2592	0.923905
2593	0.923905
2594	0.923905
2595	0.923905
2596	0.923905
2597	0.923905
2598	0.923905
2599	0.923905
2600	0.923905
2601	0.923905
2602	0.923905
2603	0.923905
2604	0.923905
2605	0.923905
2606	0.923905
2607	0.923905
2608	0.923905
2609	0.923905
2610	0.923905
2611	0.923905
2612	0.923905
2613	0.923905
2614	0.923905
2615	0.923905
2616	0.923905
2617	0.923905
2618	0.923905
2619	0.923905
2620	0.923905
2621	0.923905
2622	0.923905
2623	0.923905
2624	0.923905
2625	0.923905
2626	0.923905
2627	0.923905
2628	0.923905
2629	0.923905
2630	0.923905
2631	0.923905
2632	0.923905
2633	0.923905
2634	0.923905
2635	0.923905
2636	0.923905
2637	0.923905
2638	0.923905
2639	0.923905
2640	0.923905
2641	0.923905
2642	0.923905
2643	0.923905
2644	0.923905
2645	0.923905
2646	0.923905
2647	0.923905
2648	0.923905
2649	0.923905
2650	0.923905
2651	0.923905
2652	0.923905
2653	0.923905
2654	0.923905
2655	0.923905
2656	0.923905
2657	0.923905
2658	0.923905
2659	0.923905
2660	0.923905
2661	0.923905
2662	0.923905
2663	0.923905
2664	0.923905
2665	0.923905
2666	0.923905
2667	0.923905
2668	0.923905
2669	0.923905
2670	0.923905
2671	0.923905
2672	0.923905
2673	0.923905
2674	0.923905
2675	0.923905
2676	0.923905
2677	0.923905
2678	0.923905
2679	0.923905
2680	0.923905
2681	0.923905
2682	0.923905
2683	0.923905
2684	0.923905
2685	0.923905
2686	0.923905
2687	0.923905
2688	0.923905
2689	0.923905
2690	0.923905
2691	0.923905
2692	0.923905
2693	0.923905
2694	0.923905
2695	0.923905
2696	0.923905
2697	0.923905
2698	0.923905
2699	0.923905
2700	0.923905
2701	0.923905
2702	0.923905
2703	0.923905
2704	0.923905
2705	0.923905
2706	0.923905
2707	0.923905
2708	0.923905
2709	0.923905
2710	0.923905
2711	0.923905
2712	0.923905
2713	0.923905
2714	0.923905
2715	0.923905
2716	0.923905
2717	0.923905
2718	0.923905
2719	0.923905
2720	0.923905
2721	0.923905
2722	0.923905
2723	0.923905
2724	0.923905
2725	0.923905
2726	0.923905
2727	0.923905
2728	0.923905
2729	0.923905
2730	0.923905
2731	0.923905
2732	0.923905
2733	0.923905
2734	0.923905
2735	0.923905
2736	0.923905
2737	0.923905
2738	0.923905
2739	0.923905
2740	0.923905
2741	0.923905
2742	0.923905
2743	0.923905
2744	0.923905
2745	0.923905
2746	0.923905
2747	0.923905
2748	0.923905
2749	0.923905
2750	0.923905
2751	0.923905
2752	0.923905
2753	0.923905
2754	0.923905
2755	0.923905
2756	0.923905
2757	0.923905
2758	0.923905
2759	0.923905
2760	0.923905
2761	0.923905
2762	0.923905
2763	0.923905
2764	0.923905
2765	0.923905
2766	0.924128
2767	0.924128
2768	0.924128
2769	0.924128
2770	0.924128
2771	0.924128
2772	0.924128
2773	0.924128
2774	0.924128
2775	0.924128
2776	0.924128
2777	0.924128
2778	0.924128
2779	0.924128
2780	0.924128
2781	0.924128
2782	0.924128
2783	0.924128
2784	0.924128
2785	0.924128
2786	0.924128
2787	0.924128
2788	0.924128
2789	0.924128
2790	0.924128
2791	0.924128
2792	0.924128
2793	0.924128
2794	0.924128
2795	0.924128
2796	0.924128
2797	0.924128
2798	0.924128
2799	0.924128
2800	0.924128
2801	0.924128
2802	0.924128
2803	0.924128
2804	0.924128
2805	0.924128
2806	0.924128
2807	0.924128
2808	0.924128
2809	0.924128
2810	0.924128
2811	0.924128
2812	0.924128
2813	0.924128
2814	0.924128
2815	0.924128
2816	0.924128
2817	0.924128
2818	0.924128
2819	0.924128
2820	0.924128
2821	0.924128
2822	0.924128
2823	0.924128
2824	0.924128
2825	0.924128
2826	0.924128
2827	0.924128
2828	0.924128
2829	0.924128
2830	0.924128
2831	0.924128
2832	0.924128
2833	0.924128
2834	0.924128
2835	0.924128
2836	0.924128
2837	0.924128
2838	0.924128
2839	0.924128
2840	0.924128
2841	0.924128
2842	0.924128
2843	0.924128
2844	0.924128
2845	0.924128
2846	0.924128
2847	0.924128
2848	0.924128
2849	0.924128
2850	0.924128
2851	0.924128
2852	0.924128
2853	0.924128
2854	0.924128
2855	0.924128
2856	0.924128
2857	0.924128
2858	0.924128
2859	0.924128
2860	0.924128
2861	0.924128
2862	0.924128
2863	0.924128
2864	0.924128
2865	0.924128
2866	0.924128
2867	0.924128
2868	0.924128
2869	0.924128
2870	0.924128
2871	0.924128
2872	0.924128
2873	0.924128
2874	0.924128
2875	0.924128
2876	0.924128
2877	0.924128
2878	0.924128
2879	0.924128
2880	0.924128
2881	0.924128
2882	0.924128
2883	0.924128
2884	0.924128
2885	0.924128
2886	0.924128
2887	0.924128
2888	0.924128
2889	0.924128
2890	0.924128
2891	0.924128
2892	0.924128
2893	0.924128
2894	0.924128
2895	0.924128
2896	0.924128
2897	0.924128
2898	0.924128
2899	0.924128
2900	0.924128
2901	0.924128
2902	0.924128
2903	0.924128
2904	0.924128
2905	0.924128
2906	0.924128
2907	0.924128
2908	0.924128
2909	0.924128
2910	0.924128
2911	0.924128
2912	0.924128
2913	0.924128
2914	0.924128
2915	0.924128
2916	0.924128
2917	0.924128
2918	0.924128
2919	0.924128
2920	0.924128
2921	0.924128
2922	0.924128
2923	0.924128
2924	0.924128
2925	0.924128
2926	0.924128
2927	0.924128
2928	0.924128
2929	0.924128
2930	0.924128
2931	0.924128
2932	0.924128
2933	0.924128
2934	0.924128
2935	0.924128
2936	0.924128
2937	0.924128
2938	0.924128
2939	0.924128
2940	0.924128
2941	0.924128
2942	0.924128
2943	0.924128
2944	0.924128
2945	0.924128
2946	0.924128
2947	0.924128
2948	0.924128
2949	0.924128
2950	0.924128
2951	0.924128
2952	0.924128
2953	0.924128
2954	0.924128
2955	0.924128
2956	0.924128
2957	0.924128
2958	0.924128
2959	0.924128
2960	0.924128
2961	0.924128
2962	0.924128
2963	0.924128
2964	0.924128
2965	0.924128
2966	0.924128
2967	0.924128
2968	0.924128
2969	0.924128
2970	0.924128
2971	0.924128
2972	0.924128
2973	0.924128
2974	0.924128
2975	0.924128
2976	0.924128
2977	0.924128
2978	0.924128
2979	0.924128
2980	0.924128
2981	0.924128
2982	0.924128
2983	0.924128
2984	0.924128
2985	0.924128
2986	0.924128
2987	0.924128
2988	0.924128
2989	0.924128
2990	0.924128
2991	0.924128
2992	0.924128
2993	0.924128
2994	0.924128
2995	0.924128
2996	0.924128
2997	0.924128
2998	0.924128
2999	0.924128
3000	0.924128
3001	0.924128
3002	0.924128
3003	0.924128
3004	0.924128
3005	0.924128
3006	0.924128
3007	0.924128
3008	0.924128
3009	0.924128
3010	0.924128
3011	0.924128
3012	0.924128
3013	0.924128
3014	0.924128
3015	0.924128
3016	0.924128
3017	0.924128
3018	0.924128
3019	0.924128
3020	0.924128
3021	0.924128
3022	0.924128
3023	0.924128
3024	0.924128
3025	0.924128
3026	0.924128
3027	0.924128
3028	0.924128
3029	0.924128
3030	0.924128
3031	0.924128
3032	0.924128
3033	0.924128
3034	0.924128
3035	0.924128
3036	0.924128
3037	0.924128
3038	0.924128
3039	0.924128
3040	0.924128
3041	0.924128
3042	0.924128
3043	0.924128
3044	0.924128
3045	0.924128
3046	0.924128
3047	0.924128
3048	0.924128
3049	0.924128
3050	0.924128
3051	0.924128
3052	0.924128
3053	0.924128
3054	0.924128
3055	0.924128
3056	0.924128
3057	0.924128
3058	0.924128
3059	0.924128
3060	0.924128
3061	0.924128
3062	0.924128
3063	0.924128
3064	0.924128
3065	0.924128
3066	0.924128
3067	0.924128
3068	0.924128
3069	0.924128
3070	0.924128
3071	0.924128
3072	0.924128
3073	0.924128
3074	0.924128
3075	0.924128
3076	0.924128
3077	0.924128
3078	0.924128
3079	0.924128
3080	0.924128
3081	0.924128
3082	0.924128
3083	0.924128
3084	0.924128
3085	0.924128
3086	0.924128
3087	0.924128
3088	0.924128
3089	0.924128
3090	0.924128
3091	0.924128
3092	0.924128
3093	0.924128
3094	0.924128
3095	0.924128
3096	0.924128
3097	0.924128
3098	0.924128
3099	0.924128
3100	0.924128
3101	0.924128
3102	0.924128
3103	0.924128
3104	0.924128
3105	0.924128
3106	0.924128
3107	0.924128
3108	0.924128
3109	0.924128
3110	0.924128
3111	0.924128
3112	0.924128
3113	0.924128
3114	0.924128
3115	0.924128
3116	0.924128
3117	0.924128
3118	0.924128
3119	0.924128
3120	0.924128
3121	0.924128
3122	0.924128
3123	0.924128
3124	0.924128
3125	0.924128
3126	0.924128
3127	0.924128
3128	0.924128
3129	0.924128
3130	0.924128
3131	0.924128
3132	0.924128
3133	0.924128
3134	0.924128
3135	0.924128
3136	0.924128
3137	0.924128
3138	0.924128
3139	0.924128
3140	0.924128
3141	0.924128
3142	0.924128
3143	0.924128
3144	0.924128
3145	0.924128
3146	0.924128
3147	0.924128
3148	0.924128
3149	0.924128
3150	0.924128
3151	0.924128
3152	0.924128
3153	0.924128
3154	0.924128
3155	0.924128
3156	0.924128
3157	0.924128
3158	0.924128
3159	0.924128
3160	0.924128
3161	0.924128
3162	0.924128
3163	0.924128
3164	0.924128
3165	0.924128
3166	0.924128
3167	0.924128
3168	0.924128
3169	0.924128
3170	0.924128
3171	0.924128
3172	0.924128
3173	0.924128
3174	0.924128
3175	0.924128
3176	0.924128
3177	0.924128
3178	0.924128
3179	0.924128
3180	0.924128
3181	0.924128
3182	0.924128
3183	0.924128
3184	0.924128
3185	0.924128
3186	0.924128
3187	0.924128
3188	0.924128
3189	0.924128
3190	0.924128
3191	0.924128
3192	0.924128
3193	0.924128
3194	0.924128
3195	0.924128
3196	0.924128
3197	0.924128
3198	0.924128
3199	0.924128
3200	0.924128
3201	0.924128
3202	0.924128
3203	0.924128
3204	0.924128
3205	0.924128
3206	0.924128
3207	0.924128
3208	0.924128
3209	0.924128
3210	0.924128
3211	0.924128
3212	0.924128
3213	0.924128
3214	0.924128
3215	0.924128
3216	0.924128
3217	0.924128
3218	0.924128
3219	0.924128
3220	0.924128
3221	0.924128
3222	0.924128
3223	0.924128
3224	0.924128
3225	0.924128
3226	0.924128
3227	0.924128
3228	0.924128
3229	0.924128
3230	0.924128
3231	0.924128
3232	0.924128
3233	0.924128
3234	0.924128
3235	0.924128
3236	0.924128
3237	0.924128
3238	0.924128
3239	0.924128
3240	0.924128
3241	0.924128
3242	0.924128
3243	0.924128
3244	0.924128
3245	0.924128
3246	0.924128
3247	0.924128
3248	0.924128
3249	0.924128
3250	0.924128
3251	0.924128
3252	0.924128
3253	0.924128
3254	0.924128
3255	0.924128
3256	0.924128
3257	0.924128
3258	0.924128
3259	0.924128
3260	0.924128
3261	0.924128
3262	0.924128
3263	0.924128
3264	0.924128
3265	0.924128
3266	0.924128
3267	0.924128
3268	0.924128
3269	0.924128
3270	0.924128
3271	0.924128
3272	0.924128
3273	0.924128
3274	0.924128
3275	0.924128
3276	0.924128
3277	0.924128
3278	0.924128
3279	0.924128
3280	0.924128
3281	0.924128
3282	0.924128
3283	0.924128
3284	0.924128
3285	0.924128
3286	0.924128
3287	0.924128
3288	0.924128
3289	0.924128
3290	0.924128
3291	0.924128
3292	0.924128
3293	0.924128
3294	0.924128
3295	0.924128
3296	0.924128
3297	0.924128
3298	0.924128
3299	0.924128
3300	0.924128
3301	0.924128
3302	0.924128
3303	0.924128
3304	0.924128
3305	0.924128
3306	0.924128
3307	0.924128
3308	0.924128
3309	0.924128
3310	0.924128
3311	0.924128
3312	0.924128
3313	0.924128
3314	0.924128
3315	0.924128
3316	0.924128
3317	0.924128
3318	0.924128
3319	0.924128
3320	0.924128
3321	0.924128
3322	0.924128
3323	0.924128
3324	0.924128
3325	0.924128
3326	0.924128
3327	0.924128
3328	0.924128
3329	0.924128
3330	0.924128
3331	0.924128
3332	0.924128
3333	0.924128
3334	0.924128
3335	0.924128
3336	0.924128
3337	0.924128
3338	0.924128
3339	0.924128
3340	0.924128
3341	0.924128
3342	0.924128
3343	0.924128
3344	0.924128
3345	0.924128
3346	0.924128
3347	0.924128
3348	0.924128
3349	0.924128
3350	0.924128
3351	0.924128
3352	0.924128
3353	0.924128
3354	0.924128
3355	0.924128
3356	0.924128
3357	0.924128
3358	0.924128
3359	0.924128
3360	0.924128
3361	0.924128
3362	0.924128
3363	0.924128
3364	0.924128
3365	0.924128
3366	0.924128
3367	0.924128
3368	0.924128
3369	0.924128
3370	0.924128
3371	0.924128
3372	0.924128
3373	0.924128
3374	0.924128
3375	0.924128
3376	0.924128
3377	0.924128
3378	0.924128
3379	0.924128
3380	0.924128
3381	0.924128
3382	0.924128
3383	0.924128
3384	0.924128
3385	0.924128
3386	0.924128
3387	0.924128
3388	0.924128
3389	0.924128
3390	0.924128
3391	0.924128
3392	0.924128
3393	0.924128
3394	0.924128
3395	0.924128
3396	0.924128
3397	0.924128
3398	0.924128
3399	0.924128
3400	0.924128
3401	0.924128
3402	0.924128
3403	0.924128
3404	0.924128
3405	0.924128
3406	0.924128
3407	0.924128
3408	0.924128
3409	0.924128
3410	0.924128
3411	0.924128
3412	0.924128
3413	0.924128
3414	0.924128
3415	0.924128
3416	0.924128
3417	0.924128
3418	0.924128
3419	0.924128
3420	0.924128
3421	0.924128
3422	0.924128
3423	0.924128
3424	0.924128
3425	0.924128
3426	0.924128
3427	0.924128
3428	0.924128
3429	0.924128
3430	0.924128
3431	0.924128
3432	0.924128
3433	0.924128
3434	0.924128
3435	0.924128
3436	0.924128
3437	0.924128
3438	0.924128
3439	0.924128
3440	0.924128
3441	0.924128
3442	0.924128
3443	0.924128
3444	0.924128
3445	0.924128
3446	0.924128
3447	0.924128
3448	0.924128
3449	0.924128
3450	0.924128
3451	0.924128
3452	0.924128
3453	0.924128
3454	0.924128
3455	0.924128
3456	0.924128
3457	0.924128
3458	0.924128
3459	0.924128
3460	0.924128
3461	0.924128
3462	0.924128
3463	0.924128
3464	0.924128
3465	0.924128
3466	0.924128
3467	0.924128
3468	0.924128
3469	0.924128
3470	0.924128
3471	0.924128
3472	0.924128
3473	0.924128
3474	0.924128
3475	0.924128
3476	0.924128
3477	0.924128
3478	0.924128
3479	0.924128
3480	0.924128
3481	0.924128
3482	0.924128
3483	0.924128
3484	0.924128
3485	0.924128
3486	0.924128
3487	0.924128
3488	0.924128
3489	0.924128
3490	0.924128
3491	0.924128
3492	0.924128
3493	0.924128
3494	0.924128
3495	0.924128
3496	0.924128
3497	0.924128
3498	0.924128
3499	0.924128
3500	0.924128
3501	0.924128
3502	0.924128
3503	0.924128
3504	0.924128
3505	0.924128
3506	0.924128
3507	0.924128
3508	0.924128
3509	0.924128
3510	0.924128
3511	0.924128
3512	0.924128
3513	0.924128
3514	0.924128
3515	0.924128
3516	0.924128
3517	0.924128
3518	0.924128
3519	0.924128
3520	0.924128
3521	0.924128
3522	0.924128
3523	0.924128
3524	0.924128
3525	0.924128
3526	0.924128
3527	0.924128
3528	0.924128
3529	0.924128
3530	0.924128
3531	0.924128
3532	0.924128
3533	0.924128
3534	0.924128
3535	0.924128
3536	0.924128
3537	0.924128
3538	0.924128
3539	0.924128
3540	0.924128
3541	0.924128
3542	0.924128
3543	0.924128
3544	0.924128
3545	0.924128
3546	0.924128
3547	0.924128
3548	0.924128
3549	0.924128
3550	0.924128
3551	0.924128
3552	0.924128
3553	0.924128
3554	0.924128
3555	0.924128
3556	0.924128
3557	0.924128
3558	0.924128
3559	0.924128
3560	0.924128
3561	0.924128
3562	0.924128
3563	0.924128
3564	0.924128
3565	0.924128
3566	0.924128
3567	0.924128
3568	0.924128
3569	0.924128
3570	0.924128
3571	0.924128
3572	0.924128
3573	0.924128
3574	0.924128
3575	0.924128
3576	0.924128
3577	0.924128
3578	0.924128
3579	0.924128
3580	0.924128
3581	0.924128
3582	0.924128
3583	0.924128
3584	0.924128
3585	0.924128
3586	0.924128
3587	0.924128
3588	0.924128
3589	0.924128
3590	0.924128
3591	0.924128
3592	0.924128
3593	0.924128
3594	0.924128
3595	0.924128
3596	0.924128
3597	0.924128
3598	0.924128
3599	0.924128
3600	0.924128
3601	0.924128
3602	0.924128
3603	0.924128
3604	0.924128
3605	0.924128
3606	0.924128
3607	0.924128
3608	0.924128
3609	0.924128
3610	0.924128
3611	0.924128
3612	0.924128
3613	0.924128
3614	0.924128
3615	0.924128
3616	0.924128
3617	0.924128
3618	0.924128
3619	0.924128
3620	0.924128
3621	0.924128
3622	0.924128
3623	0.924128
3624	0.924128
3625	0.924128
3626	0.924128
3627	0.924128
3628	0.924128
3629	0.924128
3630	0.924128
3631	0.924128
3632	0.924128
3633	0.924128
3634	0.924128
3635	0.924128
3636	0.924128
3637	0.924128
3638	0.924128
3639	0.924128
3640	0.924128
3641	0.924128
3642	0.924128
3643	0.924128
3644	0.924128
3645	0.924128
3646	0.924128
3647	0.924128
3648	0.924128
3649	0.924128
3650	0.924128
3651	0.924128
3652	0.924128
3653	0.924128
3654	0.924128
3655	0.924128
3656	0.924128
3657	0.924128
3658	0.924128
3659	0.924128
3660	0.924128
3661	0.924128
3662	0.924128
3663	0.924128
3664	0.924128
3665	0.924128
3666	0.924128
3667	0.924128
3668	0.924128
3669	0.924128
3670	0.924128
3671	0.924128
3672	0.924128
3673	0.924128
3674	0.924128
3675	0.924128
3676	0.924128
3677	0.924128
3678	0.924128
3679	0.924128
3680	0.924128
3681	0.924128
3682	0.924128
3683	0.924128
3684	0.924128
3685	0.924128
3686	0.924128
3687	0.924128
3688	0.924128
3689	0.924128
3690	0.924128
3691	0.924128
3692	0.924128
3693	0.924128
3694	0.924128
3695	0.924128
3696	0.924128
3697	0.924128
3698	0.924128
3699	0.924128
3700	0.924128
3701	0.924128
3702	0.924128
3703	0.924128
3704	0.924128
3705	0.924128
3706	0.924128
3707	0.924128
3708	0.924128
3709	0.924128
3710	0.924128
3711	0.924128
3712	0.924128
3713	0.924128
3714	0.924128
3715	0.924128
3716	0.924128
3717	0.924128
3718	0.924128
3719	0.924128
3720	0.924128
3721	0.924128
3722	0.924128
3723	0.924128
3724	0.924128
3725	0.924128
3726	0.924128
3727	0.924128
3728	0.924128
3729	0.924128
3730	0.924128
3731	0.924128
3732	0.924128
3733	0.924128
3734	0.924128
3735	0.924128
3736	0.924128
3737	0.924128
3738	0.924128
3739	0.924128
3740	0.924128
3741	0.924128
3742	0.924128
3743	0.924128
3744	0.924128
3745	0.924128
3746	0.924128
3747	0.924128
3748	0.924128
3749	0.924128
3750	0.924128
3751	0.924128
3752	0.924128
3753	0.924128
3754	0.924128
3755	0.924128
3756	0.924128
3757	0.924128
3758	0.924128
3759	0.924128
3760	0.924128
3761	0.924128
3762	0.924128
3763	0.924128
3764	0.924128
3765	0.924128
3766	0.924128
3767	0.924128
3768	0.924128
3769	0.924128
3770	0.924128
3771	0.924128
3772	0.924128
3773	0.924128
3774	0.924128
3775	0.924128
3776	0.924128
3777	0.924128
3778	0.924128
3779	0.924128
3780	0.924128
3781	0.924128
3782	0.924128
3783	0.924128
3784	0.924128
3785	0.924128
3786	0.924128
3787	0.924128
3788	0.924128
3789	0.924128
3790	0.924128
3791	0.924128
3792	0.924128
3793	0.924128
3794	0.924128
3795	0.924128
3796	0.924128
3797	0.924128
3798	0.924128
3799	0.924128
3800	0.924128
3801	0.924128
3802	0.924128
3803	0.924128
3804	0.924128
3805	0.924128
3806	0.924128
3807	0.924128
3808	0.924128
3809	0.924128
3810	0.924128
3811	0.924128
3812	0.924128
3813	0.924128
3814	0.924128
3815	0.924128
3816	0.924128
3817	0.924128
3818	0.924128
3819	0.924128
3820	0.924128
3821	0.924128
3822	0.924128
3823	0.924128
3824	0.924128
3825	0.924128
3826	0.924128
3827	0.924128
3828	0.924128
3829	0.924128
3830	0.924128
3831	0.924128
3832	0.924128
3833	0.924128
3834	0.924128
3835	0.924128
3836	0.924128
3837	0.924128
3838	0.924128
3839	0.924128
3840	0.924128
3841	0.924128
3842	0.924128
3843	0.924128
3844	0.924128
3845	0.924128
3846	0.924128
3847	0.924128
3848	0.924128
3849	0.924128
3850	0.924128
3851	0.924128
3852	0.924128
3853	0.924128
3854	0.924128
3855	0.924128
3856	0.924128
3857	0.924128
3858	0.924128
3859	0.924128
3860	0.924128
3861	0.924128
3862	0.924128
3863	0.924128
3864	0.924128
3865	0.924128
3866	0.924128
3867	0.924128
3868	0.924128
3869	0.924128
3870	0.924128
3871	0.924128
3872	0.924128
3873	0.924128
3874	0.924128
3875	0.924128
3876	0.924128
3877	0.924128
3878	0.924128
3879	0.924128
3880	0.924128
3881	0.924128
3882	0.924128
3883	0.924128
3884	0.924128
3885	0.924128
3886	0.924128
3887	0.924128
3888	0.924128
3889	0.924128
3890	0.924128
3891	0.924128
3892	0.924128
3893	0.924128
3894	0.924128
3895	0.924128
3896	0.924128
3897	0.924128
3898	0.924128
3899	0.924128
3900	0.924128
3901	0.924128
3902	0.924128
3903	0.924128
3904	0.924128
3905	0.924128
3906	0.924128
3907	0.924128
3908	0.924128
3909	0.924128
3910	0.924128
3911	0.924128
3912	0.924128
3913	0.924128
3914	0.924128
3915	0.924128
3916	0.924128
3917	0.924128
3918	0.924128
3919	0.924128
3920	0.924128
3921	0.924128
3922	0.924128
3923	0.924128
3924	0.924128
3925	0.924128
3926	0.924128
3927	0.924128
3928	0.924128
3929	0.924128
3930	0.924128
3931	0.924128
3932	0.924128
3933	0.924128
3934	0.924128
3935	0.924128
3936	0.924128
3937	0.924128
3938	0.924128
3939	0.924128
3940	0.924128
3941	0.924128
3942	0.924128
3943	0.924128
3944	0.924128
3945	0.924128
3946	0.924128
3947	0.924128
3948	0.924128
3949	0.924128
3950	0.924128
3951	0.924128
3952	0.924128
3953	0.924128
3954	0.924128
3955	0.924128
3956	0.924128
3957	0.924128
3958	0.924128
3959	0.924128
3960	0.924128
3961	0.924128
3962	0.924128
3963	0.924128
3964	0.924128
3965	0.924128
3966	0.924128
3967	0.924128
3968	0.924128
3969	0.924128
3970	0.924128
3971	0.924128
3972	0.924128
3973	0.924128
3974	0.924128
3975	0.924128
3976	0.924128
3977	0.924128
3978	0.924128
3979	0.924128
3980	0.924128
3981	0.924128
3982	0.924128
3983	0.924128
3984	0.924128
3985	0.924128
3986	0.924128
3987	0.924128
3988	0.924128
3989	0.924128
3990	0.924128
3991	0.924128
3992	0.924128
3993	0.924128
3994	0.924128
3995	0.924128
3996	0.924128
3997	0.924128
3998	0.924128
3999	0.924128
4000	0.924128
