1	0.523654
2	0.581154
3	0.644423
4	0.695192
5	0.695192
6	0.695192
7	0.695192
8	0.701731
9	0.708077
10	0.708077
11	0.727115
12	0.727115
13	0.727115
14	0.733462
15	0.7525
16	0.7525
17	0.7525
18	0.7525
19	0.7525
20	0.758846
21	0.758846
22	0.758846
23	0.758846
24	0.765192
25	0.765192
26	0.765192
27	0.765192
28	0.765192
29	0.765192
30	0.771538
31	0.771538
32	0.771538
33	0.771538
34	0.771538
35	0.771538
36	0.771538
37	0.784231
38	0.803269
39	0.803269
40	0.803269
41	0.803269
42	0.803269
43	0.803269
44	0.803269
45	0.803269
46	0.803269
47	0.803269
48	0.803269
49	0.822308
50	0.822308
51	0.822308
52	0.822308
53	0.835
54	0.841346
55	0.841346
56	0.841346
57	0.841346
58	0.841346
59	0.841346
60	0.847692
61	0.847692
62	0.847692
63	0.847692
64	0.847692
65	0.847692
66	0.847692
67	0.847692
68	0.854038
69	0.854038
70	0.854038
71	0.854038
72	0.854038
73	0.854038
74	0.854038
75	0.854038
76	0.854038
77	0.854038
78	0.854038
79	0.854038
80	0.854038
81	0.854038
82	0.854038
83	0.854038
84	0.854038
85	0.854038
86	0.854038
87	0.854038
88	0.854038
89	0.854038
90	0.854038
91	0.854038
92	0.854038
93	0.854038
94	0.854038
95	0.854038
96	0.854038
97	0.860385
98	0.860385
99	0.860385
100	0.860385
101	0.860385
102	0.860385
103	0.866731
104	0.866731
105	0.866731
106	0.866731
107	0.866731
108	0.866731
109	0.866731
110	0.866731
111	0.866731
112	0.866731
113	0.866731
114	0.866731
115	0.866731
116	0.866731
117	0.873077
118	0.873077
119	0.873077
120	0.873077
121	0.873077
122	0.873077
123	0.885769
124	0.885769
125	0.885769
126	0.885769
127	0.892115
128	0.892115
129	0.892115
130	0.892115
131	0.892115
132	0.892115
133	0.892115
134	0.892115
135	0.892115
136	0.892115
137	0.892115
138	0.892115
139	0.892115
140	0.892115
141	0.892115
142	0.892115
143	0.892115
144	0.892115
145	0.892115
146	0.892115
147	0.892115
148	0.892115
149	0.892115
150	0.892115
151	0.892115
152	0.892115
153	0.892115
154	0.892115
155	0.892115
156	0.892115
157	0.892115
158	0.892115
159	0.892115
160	0.892115
161	0.892115
162	0.892115
163	0.892115
164	0.892115
165	0.892115
166	0.892115
167	0.892115
168	0.892115
169	0.892115
170	0.892115
171	0.892115
172	0.892115
173	0.892115
174	0.892115
175	0.892115
176	0.892115
177	0.892115
178	0.892115
179	0.892115
180	0.892115
181	0.892115
182	0.892115
183	0.892115
184	0.898462
185	0.898462
186	0.898462
187	0.898462
188	0.898462
189	0.898462
190	0.898462
191	0.898462
192	0.898462
193	0.898462
194	0.898462
195	0.898462
196	0.898462
197	0.898462
198	0.898462
199	0.898462
200	0.898462
201	0.898462
202	0.898462
203	0.898462
204	0.898462
205	0.898462
206	0.898462
207	0.898462
208	0.898462
209	0.898462
210	0.898462
211	0.898462
212	0.898462
213	0.898462
214	0.898462
215	0.898462
216	0.898462
217	0.898462
218	0.898462
219	0.898462
220	0.898462
221	0.898462
222	0.898462
223	0.898462
224	0.898462
225	0.898462
226	0.898462
227	0.898462
228	0.898462
229	0.898462
230	0.898462
231	0.898462
232	0.898462
233	0.898462
234	0.898462
235	0.898462
236	0.898462
237	0.898462
238	0.898462
239	0.898462
240	0.898462
241	0.898462
242	0.898462
243	0.898462
244	0.898462
245	0.898462
246	0.898462
247	0.898462
248	0.898462
249	0.898462
250	0.898462
251	0.898462
252	0.898462
253	0.898462
254	0.898462
255	0.898462
256	0.898462
257	0.898462
258	0.898462
259	0.898462
260	0.898462
261	0.898462
262	0.898462
263	0.898462
264	0.898462
265	0.898462
266	0.898462
267	0.898462
268	0.898462
269	0.898462
270	0.898462
271	0.898462
272	0.898462
273	0.898462
274	0.898462
275	0.898462
276	0.898462
277	0.898462
278	0.898462
279	0.898462
280	0.898462
281	0.898462
282	0.898462
283	0.898462
284	0.898462
285	0.898462
286	0.898462
287	0.898462
288	0.898462
289	0.898462
290	0.898462
291	0.898462
292	0.898462
293	0.898462
294	0.898462
295	0.898462
296	0.898462
297	0.898462
298	0.898462
299	0.898462
300	0.898462
301	0.898462
302	0.898462
303	0.898462
304	0.898462
305	0.898462
306	0.898462
307	0.898462
308	0.898462
309	0.898462
310	0.898462
311	0.898462
312	0.898462
313	0.898462
314	0.898462
315	0.898462
316	0.898462
317	0.898462
318	0.898462
319	0.898462
320	0.898462
321	0.898462
322	0.898462
323	0.898462
324	0.898462
325	0.898462
326	0.898462
327	0.898462
328	0.898462
329	0.898462
330	0.898462
331	0.898462
332	0.898462
333	0.898462
334	0.898462
335	0.898462
336	0.898462
337	0.898462
338	0.898462
339	0.898462
340	0.898462
341	0.898462
342	0.898462
343	0.898462
344	0.898462
345	0.898462
346	0.898462
347	0.898462
348	0.898462
349	0.898462
350	0.898462
351	0.898462
352	0.898462
353	0.898462
354	0.898462
355	0.898462
356	0.898462
357	0.898462
358	0.898462
359	0.898462
360	0.898462
361	0.898462
362	0.898462
363	0.898462
364	0.898462
365	0.898462
366	0.898462
367	0.898462
368	0.898462
369	0.898462
370	0.898462
371	0.898462
372	0.898462
373	0.898462
374	0.898462
375	0.898462
376	0.898462
377	0.898462
378	0.898462
379	0.898462
380	0.898462
381	0.898462
382	0.898462
383	0.898462
384	0.898462
385	0.898462
386	0.898462
387	0.898462
388	0.898462
389	0.898462
390	0.898462
391	0.898462
392	0.898462
393	0.898462
394	0.898462
395	0.898462
396	0.898462
397	0.898462
398	0.898462
399	0.898462
400	0.898462
401	0.898462
402	0.898462
403	0.898462
404	0.898462
405	0.898462
406	0.898462
407	0.898462
408	0.898462
409	0.898462
410	0.898462
411	0.898462
412	0.898462
413	0.898462
414	0.898462
415	0.898462
416	0.898462
417	0.898462
418	0.898462
419	0.898462
420	0.898462
421	0.898462
422	0.898462
423	0.898462
424	0.898462
425	0.898462
426	0.898462
427	0.898462
428	0.898462
429	0.898462
430	0.898462
431	0.898462
432	0.898462
433	0.898462
434	0.898462
435	0.898462
436	0.898462
437	0.898462
438	0.898462
439	0.898462
440	0.898462
441	0.898462
442	0.898462
443	0.898462
444	0.898462
445	0.898462
446	0.898462
447	0.898462
448	0.898462
449	0.898462
450	0.898462
451	0.898462
452	0.898462
453	0.898462
454	0.898462
455	0.898462
456	0.898462
457	0.898462
458	0.898462
459	0.898462
460	0.898462
461	0.898462
462	0.898462
463	0.898462
464	0.898462
465	0.898462
466	0.898462
467	0.898462
468	0.898462
469	0.898462
470	0.898462
471	0.898462
472	0.898462
473	0.898462
474	0.898462
475	0.898462
476	0.898462
477	0.898462
478	0.898462
479	0.898462
480	0.898462
481	0.898462
482	0.898462
483	0.898462
484	0.898462
485	0.898462
486	0.898462
487	0.898462
488	0.898462
489	0.898462
490	0.898462
491	0.898462
492	0.898462
493	0.898462
494	0.898462
495	0.898462
496	0.898462
497	0.898462
498	0.898462
499	0.898462
500	0.898462
501	0.898462
502	0.898462
503	0.898462
504	0.898462
505	0.898462
506	0.898462
507	0.898462
508	0.898462
509	0.898462
510	0.898462
511	0.898462
512	0.898462
513	0.898462
514	0.898462
515	0.898462
516	0.898462
517	0.904808
518	0.904808
519	0.904808
520	0.904808
521	0.904808
522	0.904808
523	0.904808
524	0.904808
525	0.904808
526	0.904808
527	0.904808
528	0.904808
529	0.904808
530	0.904808
531	0.904808
532	0.904808
533	0.904808
534	0.904808
535	0.904808
536	0.904808
537	0.904808
538	0.904808
539	0.904808
540	0.904808
541	0.904808
542	0.904808
543	0.904808
544	0.904808
545	0.904808
546	0.904808
547	0.904808
548	0.904808
549	0.904808
550	0.904808
551	0.904808
552	0.904808
553	0.904808
554	0.904808
555	0.904808
556	0.904808
557	0.904808
558	0.904808
559	0.904808
560	0.904808
561	0.904808
562	0.904808
563	0.904808
564	0.904808
565	0.904808
566	0.904808
567	0.904808
568	0.904808
569	0.904808
570	0.904808
571	0.904808
572	0.904808
573	0.904808
574	0.904808
575	0.904808
576	0.904808
577	0.904808
578	0.904808
579	0.904808
580	0.904808
581	0.904808
582	0.904808
583	0.904808
584	0.904808
585	0.904808
586	0.904808
587	0.904808
588	0.904808
589	0.904808
590	0.904808
591	0.904808
592	0.904808
593	0.904808
594	0.904808
595	0.904808
596	0.904808
597	0.904808
598	0.904808
599	0.904808
600	0.904808
601	0.904808
602	0.904808
603	0.904808
604	0.904808
605	0.904808
606	0.904808
607	0.904808
608	0.904808
609	0.904808
610	0.904808
611	0.904808
612	0.904808
613	0.904808
614	0.904808
615	0.904808
616	0.904808
617	0.904808
618	0.904808
619	0.904808
620	0.904808
621	0.904808
622	0.904808
623	0.904808
624	0.904808
625	0.904808
626	0.904808
627	0.904808
628	0.904808
629	0.904808
630	0.904808
631	0.904808
632	0.904808
633	0.904808
634	0.904808
635	0.904808
636	0.904808
637	0.904808
638	0.904808
639	0.904808
640	0.904808
641	0.904808
642	0.904808
643	0.904808
644	0.904808
645	0.904808
646	0.904808
647	0.904808
648	0.904808
649	0.904808
650	0.904808
651	0.904808
652	0.904808
653	0.904808
654	0.904808
655	0.904808
656	0.904808
657	0.904808
658	0.904808
659	0.904808
660	0.904808
661	0.904808
662	0.904808
663	0.904808
664	0.904808
665	0.904808
666	0.904808
667	0.904808
668	0.904808
669	0.904808
670	0.904808
671	0.904808
672	0.904808
673	0.904808
674	0.904808
675	0.904808
676	0.904808
677	0.904808
678	0.904808
679	0.904808
680	0.904808
681	0.911154
682	0.9175
683	0.9175
684	0.9175
685	0.9175
686	0.9175
687	0.9175
688	0.9175
689	0.9175
690	0.9175
691	0.9175
692	0.9175
693	0.9175
694	0.9175
695	0.9175
696	0.9175
697	0.9175
698	0.9175
699	0.9175
700	0.9175
701	0.9175
702	0.9175
703	0.9175
704	0.9175
705	0.9175
706	0.9175
707	0.9175
708	0.9175
709	0.9175
710	0.9175
711	0.9175
712	0.9175
713	0.9175
714	0.9175
715	0.9175
716	0.9175
717	0.9175
718	0.9175
719	0.9175
720	0.9175
721	0.9175
722	0.9175
723	0.9175
724	0.9175
725	0.9175
726	0.9175
727	0.9175
728	0.9175
729	0.9175
730	0.9175
731	0.9175
732	0.9175
733	0.9175
734	0.9175
735	0.9175
736	0.9175
737	0.9175
738	0.9175
739	0.9175
740	0.9175
741	0.9175
742	0.9175
743	0.9175
744	0.9175
745	0.9175
746	0.9175
747	0.9175
748	0.9175
749	0.9175
750	0.9175
751	0.9175
752	0.9175
753	0.9175
754	0.9175
755	0.9175
756	0.9175
757	0.9175
758	0.9175
759	0.9175
760	0.9175
761	0.9175
762	0.9175
763	0.9175
764	0.9175
765	0.9175
766	0.9175
767	0.9175
768	0.9175
769	0.9175
770	0.9175
771	0.9175
772	0.9175
773	0.9175
774	0.9175
775	0.9175
776	0.9175
777	0.9175
778	0.9175
779	0.9175
780	0.9175
781	0.9175
782	0.9175
783	0.9175
784	0.9175
785	0.9175
786	0.9175
787	0.9175
788	0.9175
789	0.9175
790	0.9175
791	0.9175
792	0.9175
793	0.9175
794	0.9175
795	0.9175
796	0.9175
797	0.9175
798	0.9175
799	0.9175
800	0.9175
801	0.9175
802	0.9175
803	0.9175
804	0.9175
805	0.9175
806	0.9175
807	0.9175
808	0.9175
809	0.9175
810	0.9175
811	0.9175
812	0.9175
813	0.9175
814	0.9175
815	0.9175
816	0.9175
817	0.9175
818	0.9175
819	0.9175
820	0.9175
821	0.9175
822	0.9175
823	0.9175
824	0.9175
825	0.9175
826	0.9175
827	0.9175
828	0.9175
829	0.9175
830	0.9175
831	0.9175
832	0.9175
833	0.9175
834	0.9175
835	0.9175
836	0.9175
837	0.9175
838	0.9175
839	0.9175
840	0.9175
841	0.9175
842	0.9175
843	0.9175
844	0.9175
845	0.9175
846	0.9175
847	0.9175
848	0.9175
849	0.9175
850	0.9175
851	0.9175
852	0.9175
853	0.9175
854	0.9175
855	0.9175
856	0.9175
857	0.9175
858	0.9175
859	0.9175
860	0.9175
861	0.9175
862	0.9175
863	0.9175
864	0.9175
865	0.9175
866	0.9175
867	0.9175
868	0.9175
869	0.9175
870	0.9175
871	0.9175
872	0.9175
873	0.9175
874	0.9175
875	0.9175
876	0.9175
877	0.9175
878	0.9175
879	0.9175
880	0.9175
881	0.9175
882	0.9175
883	0.9175
884	0.9175
885	0.9175
886	0.9175
887	0.9175
888	0.9175
889	0.9175
890	0.9175
891	0.9175
892	0.9175
893	0.9175
894	0.9175
895	0.9175
896	0.9175
897	0.9175
898	0.9175
899	0.9175
900	0.9175
901	0.9175
902	0.9175
903	0.9175
904	0.9175
905	0.9175
906	0.9175
907	0.9175
908	0.9175
909	0.9175
910	0.9175
911	0.9175
912	0.9175
913	0.9175
914	0.9175
915	0.9175
916	0.9175
917	0.9175
918	0.9175
919	0.9175
920	0.936538
921	0.936538
922	0.936538
923	0.936538
924	0.936538
925	0.936538
926	0.936538
927	0.936538
928	0.936538
929	0.936538
930	0.936538
931	0.936538
932	0.936538
933	0.936538
934	0.936538
935	0.936538
936	0.936538
937	0.936538
938	0.936538
939	0.936538
940	0.936538
941	0.936538
942	0.936538
943	0.936538
944	0.936538
945	0.936538
946	0.936538
947	0.936538
948	0.936538
949	0.936538
950	0.936538
951	0.936538
952	0.936538
953	0.936538
954	0.936538
955	0.936538
956	0.936538
957	0.936538
958	0.936538
959	0.936538
960	0.936538
961	0.936538
962	0.936538
963	0.936538
964	0.936538
965	0.936538
966	0.936538
967	0.936538
968	0.936538
969	0.936538
970	0.936538
971	0.936538
972	0.936538
973	0.936538
974	0.936538
975	0.936538
976	0.936538
977	0.936538
978	0.936538
979	0.936538
980	0.936538
981	0.936538
982	0.936538
983	0.936538
984	0.936538
985	0.936538
986	0.936538
987	0.936538
988	0.936538
989	0.936538
990	0.936538
991	0.936538
992	0.936538
993	0.936538
994	0.936538
995	0.936538
996	0.936538
997	0.936538
998	0.936538
999	0.936538
1000	0.936538
1001	0.936538
1002	0.936538
1003	0.936538
1004	0.936538
1005	0.936538
1006	0.936538
1007	0.936538
1008	0.936538
1009	0.936538
1010	0.936538
1011	0.936538
1012	0.936538
1013	0.936538
1014	0.936538
1015	0.936538
1016	0.936538
1017	0.936538
1018	0.936538
1019	0.936538
1020	0.936538
1021	0.936538
1022	0.936538
1023	0.936538
1024	0.936538
1025	0.936538
1026	0.936538
1027	0.936538
1028	0.936538
1029	0.936538
1030	0.936538
1031	0.936538
1032	0.936538
1033	0.936538
1034	0.936538
1035	0.936538
1036	0.936538
1037	0.936538
1038	0.936538
1039	0.936538
1040	0.936538
1041	0.936538
1042	0.936538
1043	0.936538
1044	0.968269
1045	0.968269
1046	0.968269
1047	0.968269
1048	0.968269
1049	1
## No. organisms: 20
## Seeds        : 1475306529, 89973
## Runtime      : 0h 1m 55s.
## Started at   : Mon Oct 21 00:42:09 2019
## Ended at     : Mon Oct 21 00:44:04 2019
