1	0.519091
2	0.55
3	0.58
4	0.58
5	0.58
6	0.58
7	0.58
8	0.58
9	0.58
10	0.58
11	0.58
12	0.58
13	0.61
14	0.61
15	0.61
16	0.61
17	0.64
18	0.67
19	0.67
20	0.67
21	0.67
22	0.67
23	0.67
24	0.67
25	0.67
26	0.67
27	0.67
28	0.67
29	0.67
30	0.67
31	0.67
32	0.67
33	0.67
34	0.67
35	0.67
36	0.67
37	0.67
38	0.73
39	0.73
40	0.73
41	0.73
42	0.73
43	0.73
44	0.73
45	0.73
46	0.76
47	0.76
48	0.76
49	0.76
50	0.76
51	0.76
52	0.76
53	0.76
54	0.79
55	0.79
56	0.79
57	0.79
58	0.79
59	0.79
60	0.79
61	0.79
62	0.79
63	0.79
64	0.79
65	0.79
66	0.79
67	0.79
68	0.82
69	0.82
70	0.85
71	0.88
72	0.88
73	0.88
74	0.91
75	0.91
76	0.91
77	0.91
78	0.91
79	0.91
80	0.91
81	0.91
82	0.91
83	0.91
84	0.91
85	0.91
86	0.91
87	0.91
88	0.91
89	0.91
90	0.91
91	0.91
92	0.91
93	0.91
94	0.91
95	0.91
96	0.91
97	0.91
98	0.91
99	0.91
100	0.91
101	0.91
102	0.91
103	0.91
104	0.91
105	0.91
106	0.91
107	0.91
108	0.91
109	0.91
110	0.91
111	0.91
112	0.91
113	0.91
114	0.91
115	0.91
116	0.91
117	0.91
118	0.91
119	0.91
120	0.91
121	0.91
122	0.91
123	0.91
124	0.91
125	0.91
126	0.91
127	0.91
128	0.91
129	0.91
130	0.91
131	0.91
132	0.91
133	0.91
134	0.91
135	0.91
136	0.91
137	0.91
138	0.91
139	0.91
140	0.91
141	0.91
142	0.91
143	0.91
144	0.91
145	0.91
146	0.91
147	0.91
148	0.91
149	0.91
150	0.91
151	0.91
152	0.91
153	0.91
154	0.91
155	0.91
156	0.91
157	0.91
158	0.91
159	0.91
160	0.91
161	0.91
162	0.91
163	0.91
164	0.91
165	0.91
166	0.91
167	0.91
168	0.91
169	0.91
170	0.91
171	0.91
172	0.91
173	0.91
174	0.91
175	0.91
176	0.91
177	0.91
178	0.91
179	0.91
180	0.91
181	0.91
182	0.91
183	0.91
184	0.91
185	0.91
186	0.91
187	0.91
188	0.91
189	0.91
190	0.91
191	0.91
192	0.91
193	0.91
194	0.91
195	0.91
196	0.91
197	0.91
198	0.91
199	0.91
200	0.91
201	0.91
202	0.91
203	0.91
204	0.91
205	0.91
206	0.91
207	0.91
208	0.91
209	0.91
210	0.91
211	0.91
212	0.91
213	0.91
214	0.91
215	0.91
216	0.91
217	0.91
218	0.91
219	0.91
220	0.91
221	0.91
222	0.91
223	0.91
224	0.91
225	0.91
226	0.91
227	0.91
228	0.91
229	0.91
230	0.91
231	0.91
232	0.91
233	0.91
234	0.91
235	0.91
236	0.91
237	0.91
238	0.91
239	0.91
240	0.91
241	0.91
242	0.91
243	0.91
244	0.91
245	0.91
246	0.91
247	0.91
248	0.91
249	0.91
250	0.91
251	0.91
252	0.91
253	0.91
254	0.91
255	0.91
256	0.91
257	0.91
258	0.91
259	0.91
260	0.91
261	0.91
262	0.91
263	0.91
264	0.91
265	0.91
266	0.91
267	0.91
268	0.91
269	0.91
270	0.91
271	0.91
272	0.91
273	0.91
274	0.91
275	0.91
276	0.91
277	0.91
278	0.91
279	0.91
280	0.91
281	0.91
282	0.91
283	0.91
284	0.91
285	0.91
286	0.91
287	0.91
288	0.91
289	0.91
290	0.91
291	0.91
292	0.91
293	0.91
294	0.91
295	0.91
296	0.91
297	0.91
298	0.91
299	0.91
300	0.91
301	0.91
302	0.91
303	0.91
304	0.91
305	0.91
306	0.91
307	0.91
308	0.91
309	0.91
310	0.91
311	0.91
312	0.91
313	0.91
314	0.91
315	0.91
316	0.91
317	0.91
318	0.91
319	0.91
320	0.91
321	0.91
322	0.91
323	0.91
324	0.91
325	0.91
326	0.91
327	0.91
328	0.91
329	0.91
330	0.91
331	0.91
332	0.91
333	0.91
334	0.91
335	0.91
336	0.91
337	0.91
338	0.91
339	0.91
340	0.91
341	0.91
342	0.91
343	0.91
344	0.91
345	0.91
346	0.91
347	0.91
348	0.91
349	0.91
350	0.91
351	0.91
352	0.91
353	0.91
354	0.91
355	0.91
356	0.91
357	0.91
358	0.91
359	0.91
360	0.91
361	0.91
362	0.91
363	0.91
364	0.91
365	0.91
366	0.91
367	0.91
368	0.91
369	0.91
370	0.91
371	0.91
372	0.91
373	0.91
374	0.91
375	0.91
376	0.91
377	0.91
378	0.91
379	0.91
380	0.91
381	0.91
382	0.91
383	0.91
384	0.91
385	0.91
386	0.91
387	0.91
388	0.91
389	0.91
390	0.91
391	0.91
392	0.91
393	0.91
394	0.91
395	0.91
396	0.91
397	0.91
398	0.91
399	0.91
400	0.91
401	0.91
402	0.91
403	0.91
404	0.91
405	0.91
406	0.91
407	0.91
408	0.91
409	0.91
410	0.91
411	0.91
412	0.91
413	0.91
414	0.91
415	0.91
416	0.91
417	0.91
418	0.91
419	0.91
420	0.91
421	0.91
422	0.91
423	0.91
424	0.91
425	0.91
426	0.91
427	0.91
428	0.91
429	0.91
430	0.91
431	0.91
432	0.91
433	0.91
434	0.91
435	0.91
436	0.91
437	0.91
438	0.91
439	0.91
440	0.91
441	0.91
442	0.91
443	0.91
444	0.91
445	0.91
446	0.91
447	0.91
448	0.91
449	0.91
450	0.91
451	0.91
452	0.91
453	0.91
454	0.91
455	0.91
456	0.91
457	0.91
458	0.91
459	0.91
460	0.91
461	0.91
462	0.91
463	0.91
464	0.91
465	0.91
466	0.91
467	0.91
468	0.91
469	0.91
470	0.91
471	0.91
472	0.91
473	0.91
474	0.91
475	0.91
476	0.91
477	0.91
478	0.91
479	0.91
480	0.91
481	0.91
482	0.91
483	0.91
484	0.91
485	0.91
486	0.91
487	0.91
488	0.91
489	0.91
490	0.91
491	0.91
492	0.91
493	0.91
494	0.91
495	0.91
496	0.91
497	0.91
498	0.91
499	0.91
500	0.91
501	0.91
502	0.91
503	0.91
504	0.91
505	0.91
506	0.91
507	0.91
508	0.91
509	0.91
510	0.91
511	0.91
512	0.91
513	0.91
514	0.91
515	0.91
516	0.91
517	0.91
518	0.91
519	0.91
520	0.91
521	0.91
522	0.91
523	0.91
524	0.91
525	0.91
526	0.91
527	0.91
528	0.91
529	0.91
530	0.91
531	0.91
532	0.91
533	0.91
534	0.91
535	0.91
536	0.91
537	0.91
538	0.91
539	0.91
540	0.91
541	0.91
542	0.91
543	0.91
544	0.91
545	0.91
546	0.91
547	0.91
548	0.91
549	0.91
550	0.91
551	0.91
552	0.91
553	0.91
554	0.91
555	0.91
556	0.91
557	0.91
558	0.91
559	0.91
560	0.91
561	0.91
562	0.91
563	0.91
564	0.91
565	0.91
566	0.91
567	0.91
568	0.91
569	0.91
570	0.91
571	0.91
572	0.91
573	0.91
574	0.91
575	0.91
576	0.91
577	0.91
578	0.91
579	0.91
580	0.91
581	0.91
582	0.91
583	0.91
584	0.91
585	0.91
586	0.91
587	0.91
588	0.91
589	0.91
590	0.91
591	0.91
592	0.91
593	0.91
594	0.91
595	0.91
596	0.91
597	0.91
598	0.91
599	0.91
600	0.91
601	0.91
602	0.91
603	0.91
604	0.91
605	0.91
606	0.91
607	0.91
608	0.91
609	0.91
610	0.91
611	0.91
612	0.91
613	0.91
614	0.91
615	0.91
616	0.91
617	0.91
618	0.91
619	0.91
620	0.91
621	0.91
622	0.91
623	0.91
624	0.91
625	0.91
626	0.91
627	0.91
628	0.91
629	0.91
630	0.91
631	0.91
632	0.91
633	0.91
634	0.91
635	0.91
636	0.91
637	0.91
638	0.91
639	0.91
640	0.91
641	0.91
642	0.91
643	0.91
644	0.91
645	0.91
646	0.91
647	0.91
648	0.91
649	0.91
650	0.91
651	0.91
652	0.91
653	0.91
654	0.91
655	0.91
656	0.91
657	0.91
658	0.91
659	0.91
660	0.91
661	0.91
662	0.91
663	0.91
664	0.91
665	0.91
666	0.91
667	0.91
668	0.91
669	0.91
670	0.91
671	0.91
672	0.91
673	0.91
674	0.91
675	0.91
676	0.91
677	0.91
678	0.91
679	0.91
680	0.91
681	0.91
682	0.91
683	0.91
684	0.91
685	0.91
686	0.91
687	0.91
688	0.91
689	0.91
690	0.91
691	0.91
692	0.91
693	0.91
694	0.91
695	0.91
696	0.91
697	0.91
698	0.91
699	0.91
700	0.91
701	0.91
702	0.91
703	0.91
704	0.91
705	0.91
706	0.91
707	0.91
708	0.91
709	0.91
710	0.91
711	0.91
712	0.91
713	0.91
714	0.91
715	0.91
716	0.91
717	0.91
718	0.91
719	0.91
720	0.91
721	0.91
722	0.91
723	0.91
724	0.91
725	0.91
726	0.91
727	0.91
728	0.91
729	0.91
730	0.91
731	0.91
732	0.91
733	0.91
734	0.91
735	0.91
736	0.91
737	0.91
738	0.91
739	0.91
740	0.91
741	0.91
742	0.91
743	0.91
744	0.91
745	0.91
746	0.91
747	0.91
748	0.91
749	0.91
750	0.91
751	0.91
752	0.91
753	0.91
754	0.91
755	0.91
756	0.91
757	0.91
758	0.91
759	0.91
760	0.91
761	0.91
762	0.91
763	0.91
764	0.91
765	0.91
766	0.91
767	0.91
768	0.91
769	0.91
770	0.91
771	0.91
772	0.91
773	0.91
774	0.91
775	0.91
776	0.91
777	0.91
778	0.91
779	0.91
780	0.91
781	0.91
782	0.91
783	0.91
784	0.91
785	0.91
786	0.91
787	0.91
788	0.91
789	0.91
790	0.91
791	0.91
792	0.91
793	0.91
794	0.91
795	0.91
796	0.91
797	0.91
798	0.91
799	0.91
800	0.91
801	0.91
802	0.91
803	0.91
804	0.91
805	0.91
806	0.91
807	0.91
808	0.91
809	0.91
810	0.91
811	0.91
812	0.91
813	0.91
814	0.91
815	0.91
816	0.91
817	0.91
818	0.91
819	0.91
820	0.91
821	0.91
822	0.91
823	0.91
824	0.91
825	0.91
826	0.91
827	0.91
828	0.91
829	0.91
830	0.91
831	0.91
832	0.91
833	0.91
834	0.91
835	0.91
836	0.91
837	0.91
838	0.91
839	0.91
840	0.91
841	0.91
842	0.91
843	0.91
844	0.91
845	0.91
846	0.91
847	0.91
848	0.91
849	0.91
850	0.91
851	0.91
852	0.91
853	0.91
854	0.91
855	0.91
856	0.91
857	0.91
858	0.91
859	0.91
860	0.91
861	0.91
862	0.91
863	0.91
864	0.91
865	0.91
866	0.91
867	0.91
868	0.91
869	0.91
870	0.91
871	0.91
872	0.91
873	0.91
874	0.91
875	0.91
876	0.91
877	0.91
878	0.91
879	0.91
880	0.91
881	0.91
882	0.91
883	0.91
884	0.91
885	0.91
886	0.91
887	0.91
888	0.91
889	0.91
890	0.91
891	0.91
892	0.91
893	0.91
894	0.91
895	0.91
896	0.91
897	0.91
898	0.91
899	0.91
900	0.91
901	0.91
902	0.91
903	0.91
904	0.91
905	0.91
906	0.91
907	0.91
908	0.91
909	0.91
910	0.91
911	0.91
912	0.91
913	0.91
914	0.91
915	0.91
916	0.91
917	0.91
918	0.91
919	0.91
920	0.91
921	0.91
922	0.91
923	0.91
924	0.91
925	0.91
926	0.91
927	0.91
928	0.91
929	0.91
930	0.91
931	0.91
932	0.91
933	0.91
934	0.91
935	0.91
936	0.91
937	0.91
938	0.91
939	0.91
940	0.91
941	0.91
942	0.91
943	0.91
944	0.91
945	0.91
946	0.91
947	0.91
948	0.91
949	0.91
950	0.91
951	0.91
952	0.91
953	0.91
954	0.91
955	0.91
956	0.91
957	0.91
958	0.91
959	0.91
960	0.91
961	0.91
962	0.91
963	0.91
964	0.91
965	0.91
966	0.91
967	0.91
968	0.91
969	0.91
970	0.91
971	0.91
972	0.91
973	0.91
974	0.91
975	0.91
976	0.91
977	0.91
978	0.91
979	0.91
980	0.91
981	0.91
982	0.91
983	0.91
984	0.91
985	0.91
986	0.91
987	0.91
988	0.91
989	0.91
990	0.91
991	0.91
992	0.91
993	0.91
994	0.91
995	0.91
996	0.91
997	0.91
998	0.91
999	0.91
1000	0.91
1001	0.91
1002	0.91
1003	0.91
1004	0.91
1005	0.91
1006	0.91
1007	0.91
1008	0.91
1009	0.91
1010	0.91
1011	0.91
1012	0.91
1013	0.91
1014	0.91
1015	0.91
1016	0.91
1017	0.91
1018	0.91
1019	0.91
1020	0.91
1021	0.91
1022	0.91
1023	0.91
1024	0.91
1025	0.91
1026	0.91
1027	0.91
1028	0.91
1029	0.91
1030	0.91
1031	0.91
1032	0.91
1033	0.91
1034	0.91
1035	0.91
1036	0.91
1037	0.91
1038	0.91
1039	0.91
1040	0.91
1041	0.91
1042	0.91
1043	0.91
1044	0.91
1045	0.91
1046	0.91
1047	0.91
1048	0.91
1049	0.91
1050	0.91
1051	0.91
1052	0.91
1053	0.91
1054	0.91
1055	0.91
1056	0.91
1057	0.91
1058	0.91
1059	0.91
1060	0.91
1061	0.91
1062	0.91
1063	0.91
1064	0.91
1065	0.91
1066	0.91
1067	0.91
1068	0.91
1069	0.91
1070	0.91
1071	0.91
1072	0.91
1073	0.91
1074	0.91
1075	0.91
1076	0.91
1077	0.91
1078	0.91
1079	0.91
1080	0.91
1081	0.91
1082	0.91
1083	0.91
1084	0.91
1085	0.91
1086	0.91
1087	0.91
1088	0.91
1089	0.91
1090	0.91
1091	0.91
1092	0.91
1093	0.91
1094	0.91
1095	0.91
1096	0.91
1097	0.91
1098	0.91
1099	0.91
1100	0.91
1101	0.91
1102	0.91
1103	0.91
1104	0.91
1105	0.91
1106	0.91
1107	0.91
1108	0.91
1109	0.91
1110	0.91
1111	0.91
1112	0.91
1113	0.91
1114	0.91
1115	0.91
1116	0.91
1117	0.91
1118	0.91
1119	0.91
1120	0.91
1121	0.91
1122	0.91
1123	0.91
1124	0.91
1125	0.91
1126	0.91
1127	0.91
1128	0.91
1129	0.91
1130	0.91
1131	0.91
1132	0.91
1133	0.91
1134	0.91
1135	0.91
1136	0.91
1137	0.91
1138	0.91
1139	0.91
1140	0.91
1141	0.91
1142	0.91
1143	0.91
1144	0.91
1145	0.91
1146	0.91
1147	0.91
1148	0.91
1149	0.91
1150	0.91
1151	0.91
1152	0.91
1153	0.91
1154	0.91
1155	0.91
1156	0.91
1157	0.91
1158	0.91
1159	0.91
1160	0.91
1161	0.91
1162	0.91
1163	0.91
1164	0.91
1165	0.91
1166	0.91
1167	0.91
1168	0.91
1169	0.91
1170	0.91
1171	0.91
1172	0.91
1173	0.91
1174	0.91
1175	0.91
1176	0.91
1177	0.91
1178	0.91
1179	0.91
1180	0.91
1181	0.91
1182	0.91
1183	0.91
1184	0.91
1185	0.91
1186	0.91
1187	0.91
1188	0.91
1189	0.91
1190	0.91
1191	0.91
1192	0.91
1193	0.91
1194	0.91
1195	0.91
1196	0.91
1197	0.91
1198	0.91
1199	0.91
1200	0.91
1201	0.91
1202	0.91
1203	0.91
1204	0.91
1205	0.91
1206	0.91
1207	0.91
1208	0.91
1209	0.91
1210	0.91
1211	0.91
1212	0.91
1213	0.91
1214	0.91
1215	0.91
1216	0.91
1217	0.91
1218	0.91
1219	0.91
1220	0.91
1221	0.91
1222	0.91
1223	0.91
1224	0.91
1225	0.91
1226	0.91
1227	0.91
1228	0.91
1229	0.91
1230	0.91
1231	0.91
1232	0.91
1233	0.91
1234	0.91
1235	0.91
1236	0.91
1237	0.91
1238	0.91
1239	0.91
1240	0.91
1241	0.91
1242	0.91
1243	0.91
1244	0.91
1245	0.91
1246	0.91
1247	0.91
1248	0.91
1249	0.91
1250	0.91
1251	0.91
1252	0.91
1253	0.91
1254	0.91
1255	0.91
1256	0.91
1257	0.91
1258	0.91
1259	0.91
1260	0.91
1261	0.91
1262	0.91
1263	0.91
1264	0.91
1265	0.91
1266	0.91
1267	0.91
1268	0.91
1269	0.91
1270	0.91
1271	0.91
1272	0.91
1273	0.91
1274	0.91
1275	0.91
1276	0.91
1277	0.91
1278	0.91
1279	0.91
1280	0.91
1281	0.91
1282	0.91
1283	0.91
1284	0.91
1285	0.91
1286	0.91
1287	0.91
1288	0.91
1289	0.91
1290	0.91
1291	0.91
1292	0.91
1293	0.91
1294	0.91
1295	0.91
1296	0.91
1297	0.91
1298	0.91
1299	0.91
1300	0.91
1301	0.91
1302	0.91
1303	0.91
1304	0.91
1305	0.91
1306	0.91
1307	0.91
1308	0.91
1309	0.91
1310	0.91
1311	0.91
1312	0.91
1313	0.91
1314	0.91
1315	0.91
1316	0.91
1317	0.91
1318	0.91
1319	0.91
1320	0.91
1321	0.91
1322	0.91
1323	0.91
1324	0.91
1325	0.91
1326	0.91
1327	0.91
1328	0.91
1329	0.91
1330	0.91
1331	0.91
1332	0.91
1333	0.91
1334	0.91
1335	0.91
1336	0.91
1337	0.91
1338	0.91
1339	0.91
1340	0.91
1341	0.91
1342	0.91
1343	0.91
1344	0.91
1345	0.91
1346	0.91
1347	0.91
1348	0.91
1349	0.91
1350	0.91
1351	0.91
1352	0.91
1353	0.91
1354	0.91
1355	0.91
1356	0.91
1357	0.91
1358	0.91
1359	0.91
1360	0.91
1361	0.91
1362	0.91
1363	0.91
1364	0.91
1365	0.91
1366	0.91
1367	0.91
1368	0.91
1369	0.91
1370	0.91
1371	0.91
1372	0.91
1373	0.91
1374	0.91
1375	0.91
1376	0.91
1377	0.91
1378	0.91
1379	0.91
1380	0.91
1381	0.91
1382	0.91
1383	0.91
1384	0.91
1385	0.91
1386	0.91
1387	0.91
1388	0.91
1389	0.91
1390	0.91
1391	0.91
1392	0.91
1393	0.91
1394	0.91
1395	0.91
1396	0.91
1397	0.91
1398	0.91
1399	0.91
1400	0.91
1401	0.91
1402	0.91
1403	0.91
1404	0.91
1405	0.91
1406	0.91
1407	0.91
1408	0.91
1409	0.91
1410	0.91
1411	0.91
1412	0.91
1413	0.91
1414	0.91
1415	0.91
1416	0.91
1417	0.91
1418	0.91
1419	0.91
1420	0.91
1421	0.91
1422	0.91
1423	0.91
1424	0.91
1425	0.91
1426	0.91
1427	0.91
1428	0.91
1429	0.91
1430	0.91
1431	0.91
1432	0.91
1433	0.91
1434	0.91
1435	0.91
1436	0.91
1437	0.91
1438	0.91
1439	0.91
1440	0.91
1441	0.91
1442	0.91
1443	0.91
1444	0.91
1445	0.91
1446	0.91
1447	0.91
1448	0.91
1449	0.91
1450	0.91
1451	0.91
1452	0.91
1453	0.91
1454	0.91
1455	0.91
1456	0.91
1457	0.91
1458	0.91
1459	0.91
1460	0.91
1461	0.91
1462	0.91
1463	0.91
1464	0.91
1465	0.91
1466	0.91
1467	0.91
1468	0.91
1469	0.91
1470	0.91
1471	0.91
1472	0.91
1473	0.91
1474	0.91
1475	0.91
1476	0.91
1477	0.91
1478	0.91
1479	0.91
1480	0.91
1481	0.91
1482	0.91
1483	0.91
1484	0.91
1485	0.91
1486	0.91
1487	0.91
1488	0.91
1489	0.91
1490	0.91
1491	0.91
1492	0.91
1493	0.91
1494	0.91
1495	0.91
1496	0.91
1497	0.91
1498	0.91
1499	0.91
1500	0.91
1501	0.91
1502	0.91
1503	0.91
1504	0.91
1505	0.91
1506	0.91
1507	0.91
1508	0.91
1509	0.91
1510	0.91
1511	0.91
1512	0.91
1513	0.91
1514	0.91
1515	0.91
1516	0.91
1517	0.91
1518	0.91
1519	0.91
1520	0.91
1521	0.91
1522	0.91
1523	0.91
1524	0.91
1525	0.91
1526	0.91
1527	0.91
1528	0.91
1529	0.91
1530	0.91
1531	0.91
1532	0.91
1533	0.91
1534	0.91
1535	0.91
1536	0.91
1537	0.91
1538	0.91
1539	0.91
1540	0.91
1541	0.91
1542	0.91
1543	0.91
1544	0.91
1545	0.91
1546	0.91
1547	0.91
1548	0.91
1549	0.91
1550	0.91
1551	0.91
1552	0.91
1553	0.91
1554	0.91
1555	0.91
1556	0.91
1557	0.91
1558	0.91
1559	0.91
1560	0.91
1561	0.91
1562	0.91
1563	0.91
1564	0.91
1565	0.91
1566	0.91
1567	0.91
1568	0.91
1569	0.91
1570	0.91
1571	0.91
1572	0.91
1573	0.91
1574	0.91
1575	0.91
1576	0.91
1577	0.91
1578	0.91
1579	0.91
1580	0.91
1581	0.91
1582	0.91
1583	0.91
1584	0.91
1585	0.91
1586	0.91
1587	0.91
1588	0.91
1589	0.91
1590	0.91
1591	0.91
1592	0.91
1593	0.91
1594	0.91
1595	0.91
1596	0.91
1597	0.91
1598	0.91
1599	0.91
1600	0.91
1601	0.91
1602	0.91
1603	0.91
1604	0.91
1605	0.91
1606	0.91
1607	0.91
1608	0.91
1609	0.91
1610	0.91
1611	0.91
1612	0.91
1613	0.91
1614	0.91
1615	0.91
1616	0.91
1617	0.91
1618	0.91
1619	0.91
1620	0.91
1621	0.91
1622	0.91
1623	0.91
1624	0.91
1625	0.91
1626	0.91
1627	0.91
1628	0.91
1629	0.91
1630	0.91
1631	0.91
1632	0.91
1633	0.91
1634	0.91
1635	0.91
1636	0.91
1637	0.91
1638	0.91
1639	0.91
1640	0.91
1641	0.91
1642	0.91
1643	0.91
1644	0.91
1645	0.91
1646	0.91
1647	0.91
1648	0.91
1649	0.91
1650	0.91
1651	0.91
1652	0.91
1653	0.91
1654	0.91
1655	0.91
1656	0.91
1657	0.91
1658	0.91
1659	0.91
1660	0.91
1661	0.91
1662	0.94
1663	0.94
1664	0.94
1665	0.94
1666	0.94
1667	0.94
1668	0.94
1669	0.94
1670	0.94
1671	0.94
1672	0.94
1673	0.94
1674	0.94
1675	0.94
1676	0.94
1677	0.94
1678	0.94
1679	0.94
1680	0.94
1681	0.94
1682	0.94
1683	0.94
1684	0.94
1685	0.94
1686	0.94
1687	0.94
1688	0.94
1689	0.94
1690	0.94
1691	0.94
1692	0.94
1693	0.94
1694	0.94
1695	0.94
1696	0.94
1697	0.94
1698	0.94
1699	0.94
1700	0.94
1701	0.94
1702	0.94
1703	0.94
1704	0.94
1705	0.94
1706	0.94
1707	0.94
1708	0.94
1709	0.94
1710	0.94
1711	0.94
1712	0.94
1713	0.94
1714	0.94
1715	0.94
1716	0.94
1717	0.94
1718	0.94
1719	0.94
1720	0.94
1721	0.94
1722	0.94
1723	0.94
1724	0.94
1725	0.94
1726	0.94
1727	0.94
1728	0.94
1729	0.94
1730	0.94
1731	0.94
1732	0.94
1733	0.94
1734	0.94
1735	0.94
1736	0.94
1737	0.94
1738	0.94
1739	0.94
1740	0.94
1741	0.94
1742	0.94
1743	0.94
1744	0.94
1745	0.94
1746	0.94
1747	0.94
1748	0.94
1749	0.94
1750	0.94
1751	0.94
1752	0.94
1753	0.94
1754	0.94
1755	0.94
1756	0.94
1757	0.94
1758	0.94
1759	0.94
1760	0.94
1761	0.94
1762	0.94
1763	0.94
1764	0.94
1765	0.94
1766	0.94
1767	0.94
1768	0.94
1769	0.94
1770	0.94
1771	0.94
1772	0.94
1773	0.94
1774	0.94
1775	0.94
1776	0.94
1777	0.94
1778	0.94
1779	0.94
1780	0.94
1781	0.94
1782	0.94
1783	0.94
1784	0.94
1785	0.94
1786	0.94
1787	0.94
1788	0.94
1789	0.94
1790	0.94
1791	0.94
1792	0.94
1793	0.94
1794	0.94
1795	0.94
1796	0.94
1797	0.94
1798	0.94
1799	0.94
1800	0.94
1801	0.94
1802	0.94
1803	0.94
1804	0.94
1805	0.94
1806	0.94
1807	0.94
1808	0.94
1809	0.94
1810	0.94
1811	0.94
1812	0.94
1813	0.94
1814	0.94
1815	0.94
1816	0.94
1817	0.94
1818	0.94
1819	0.94
1820	0.94
1821	0.94
1822	0.94
1823	0.94
1824	0.94
1825	0.94
1826	0.94
1827	0.94
1828	0.94
1829	0.94
1830	0.94
1831	0.94
1832	0.94
1833	0.94
1834	0.94
1835	0.94
1836	0.94
1837	0.94
1838	0.94
1839	0.94
1840	0.94
1841	0.94
1842	0.94
1843	0.94
1844	0.94
1845	0.94
1846	0.94
1847	0.94
1848	0.94
1849	0.94
1850	0.94
1851	0.94
1852	0.94
1853	0.94
1854	0.94
1855	0.94
1856	0.94
1857	0.94
1858	0.94
1859	0.94
1860	0.94
1861	0.94
1862	0.94
1863	0.94
1864	0.94
1865	0.94
1866	0.94
1867	0.94
1868	0.94
1869	0.94
1870	0.94
1871	0.94
1872	0.94
1873	0.94
1874	0.94
1875	0.94
1876	0.94
1877	0.94
1878	0.94
1879	0.94
1880	0.94
1881	0.94
1882	0.94
1883	0.94
1884	0.94
1885	0.94
1886	0.94
1887	0.94
1888	0.94
1889	0.94
1890	0.94
1891	0.94
1892	0.94
1893	0.94
1894	0.94
1895	0.94
1896	0.94
1897	0.94
1898	0.94
1899	0.94
1900	0.94
1901	0.94
1902	0.94
1903	0.94
1904	0.94
1905	0.94
1906	0.94
1907	0.94
1908	0.94
1909	0.94
1910	0.94
1911	0.94
1912	0.94
1913	0.94
1914	0.94
1915	0.94
1916	0.94
1917	0.94
1918	0.94
1919	0.94
1920	0.94
1921	0.94
1922	0.94
1923	0.94
1924	0.94
1925	0.94
1926	0.94
1927	0.94
1928	0.94
1929	0.94
1930	0.94
1931	0.94
1932	0.94
1933	0.94
1934	0.94
1935	0.94
1936	0.94
1937	0.94
1938	0.94
1939	0.94
1940	0.94
1941	0.94
1942	0.94
1943	0.94
1944	0.94
1945	0.94
1946	0.94
1947	0.94
1948	0.94
1949	0.94
1950	0.94
1951	0.94
1952	0.94
1953	0.94
1954	0.94
1955	0.94
1956	0.94
1957	0.94
1958	0.94
1959	0.94
1960	0.94
1961	0.94
1962	0.94
1963	0.94
1964	0.94
1965	0.94
1966	0.94
1967	0.94
1968	0.94
1969	0.94
1970	0.94
1971	0.94
1972	0.94
1973	0.94
1974	0.94
1975	0.94
1976	0.94
1977	0.94
1978	0.94
1979	0.94
1980	0.94
1981	0.94
1982	0.94
1983	0.94
1984	0.94
1985	0.94
1986	0.94
1987	0.94
1988	0.94
1989	0.94
1990	0.94
1991	0.94
1992	0.94
1993	0.94
1994	0.94
1995	0.94
1996	0.94
1997	0.94
1998	0.94
1999	0.94
2000	0.94
2001	0.94
2002	0.94
2003	0.94
2004	0.94
2005	0.94
2006	0.94
2007	0.94
2008	0.94
2009	0.94
2010	0.94
2011	0.94
2012	0.94
2013	0.94
2014	0.94
2015	0.94
2016	0.94
2017	0.94
2018	0.94
2019	0.94
2020	0.94
2021	0.94
2022	0.94
2023	0.94
2024	0.94
2025	0.94
2026	0.94
2027	0.94
2028	0.94
2029	0.94
2030	0.94
2031	0.94
2032	0.94
2033	0.94
2034	0.94
2035	0.94
2036	0.94
2037	0.94
2038	0.94
2039	0.94
2040	0.94
2041	0.94
2042	0.94
2043	0.94
2044	0.94
2045	0.94
2046	0.94
2047	0.94
2048	0.94
2049	0.94
2050	0.94
2051	0.94
2052	0.94
2053	0.94
2054	0.94
2055	0.94
2056	0.94
2057	0.94
2058	0.94
2059	0.94
2060	0.94
2061	0.94
2062	0.94
2063	0.94
2064	0.94
2065	0.94
2066	0.94
2067	0.94
2068	0.94
2069	0.94
2070	0.94
2071	0.94
2072	0.94
2073	0.94
2074	0.94
2075	0.94
2076	0.94
2077	0.94
2078	0.94
2079	0.94
2080	0.94
2081	0.94
2082	0.94
2083	0.94
2084	0.94
2085	0.94
2086	0.94
2087	0.94
2088	0.94
2089	0.94
2090	0.94
2091	0.94
2092	0.94
2093	0.94
2094	0.94
2095	0.94
2096	0.94
2097	0.94
2098	0.94
2099	0.94
2100	0.94
2101	0.94
2102	0.94
2103	0.94
2104	0.94
2105	0.94
2106	0.94
2107	0.94
2108	0.94
2109	0.94
2110	0.94
2111	0.94
2112	0.94
2113	0.94
2114	0.94
2115	0.94
2116	0.94
2117	0.94
2118	0.94
2119	0.94
2120	0.94
2121	0.94
2122	0.94
2123	0.94
2124	0.94
2125	0.94
2126	0.94
2127	0.94
2128	0.94
2129	0.94
2130	0.94
2131	0.94
2132	0.94
2133	0.94
2134	0.94
2135	0.94
2136	0.94
2137	0.94
2138	0.94
2139	0.94
2140	0.94
2141	0.94
2142	0.94
2143	0.94
2144	0.94
2145	0.94
2146	0.94
2147	0.94
2148	0.94
2149	0.94
2150	0.94
2151	0.94
2152	0.94
2153	0.94
2154	0.94
2155	0.94
2156	0.94
2157	0.94
2158	0.94
2159	0.94
2160	0.94
2161	0.94
2162	0.94
2163	0.94
2164	0.94
2165	0.94
2166	0.94
2167	0.94
2168	0.94
2169	0.94
2170	0.94
2171	0.94
2172	0.94
2173	0.94
2174	0.94
2175	0.94
2176	0.94
2177	0.94
2178	0.94
2179	0.94
2180	0.94
2181	0.94
2182	0.94
2183	0.94
2184	0.94
2185	0.94
2186	0.94
2187	0.94
2188	0.94
2189	0.94
2190	0.94
2191	0.94
2192	0.94
2193	0.94
2194	0.94
2195	0.94
2196	0.94
2197	0.94
2198	0.94
2199	0.94
2200	0.94
2201	0.94
2202	0.94
2203	0.94
2204	0.94
2205	0.94
2206	0.94
2207	0.94
2208	0.94
2209	0.94
2210	0.94
2211	0.94
2212	0.94
2213	0.94
2214	0.94
2215	0.94
2216	0.94
2217	0.94
2218	0.94
2219	0.94
2220	0.94
2221	0.94
2222	0.94
2223	0.94
2224	0.94
2225	0.94
2226	0.94
2227	0.94
2228	0.94
2229	0.94
2230	0.94
2231	0.94
2232	0.94
2233	0.94
2234	0.94
2235	0.94
2236	0.94
2237	0.94
2238	0.94
2239	0.94
2240	0.94
2241	0.94
2242	0.94
2243	0.94
2244	0.94
2245	0.94
2246	0.94
2247	0.94
2248	0.94
2249	0.94
2250	0.94
2251	0.94
2252	0.94
2253	0.94
2254	0.94
2255	0.94
2256	0.94
2257	0.94
2258	0.94
2259	0.94
2260	0.94
2261	0.94
2262	0.94
2263	0.94
2264	0.94
2265	0.94
2266	0.94
2267	0.94
2268	0.94
2269	0.94
2270	0.94
2271	0.94
2272	0.94
2273	0.94
2274	0.94
2275	0.94
2276	0.94
2277	0.94
2278	0.94
2279	0.94
2280	0.94
2281	0.94
2282	0.94
2283	0.94
2284	0.94
2285	0.94
2286	0.94
2287	0.94
2288	0.94
2289	0.94
2290	0.94
2291	0.94
2292	0.94
2293	0.94
2294	0.94
2295	0.94
2296	0.94
2297	0.94
2298	0.94
2299	0.94
2300	0.94
2301	0.94
2302	0.94
2303	0.94
2304	0.94
2305	0.94
2306	0.94
2307	0.94
2308	0.94
2309	0.94
2310	0.94
2311	0.94
2312	0.94
2313	0.94
2314	0.94
2315	0.94
2316	0.94
2317	0.94
2318	0.94
2319	0.94
2320	0.94
2321	0.94
2322	0.94
2323	0.94
2324	0.94
2325	0.94
2326	0.94
2327	0.94
2328	0.94
2329	0.94
2330	0.94
2331	0.94
2332	0.94
2333	0.94
2334	0.94
2335	0.94
2336	0.94
2337	0.94
2338	0.94
2339	0.94
2340	0.94
2341	0.94
2342	0.94
2343	0.94
2344	0.94
2345	0.94
2346	0.94
2347	0.94
2348	0.94
2349	0.94
2350	0.94
2351	0.94
2352	0.94
2353	0.94
2354	0.94
2355	0.94
2356	0.94
2357	0.94
2358	0.94
2359	0.94
2360	0.94
2361	0.94
2362	0.94
2363	0.94
2364	0.94
2365	0.94
2366	0.94
2367	0.94
2368	0.94
2369	0.94
2370	0.94
2371	0.94
2372	0.94
2373	0.94
2374	0.94
2375	0.94
2376	0.94
2377	0.94
2378	0.94
2379	0.94
2380	0.94
2381	0.94
2382	0.94
2383	0.94
2384	0.94
2385	0.94
2386	0.94
2387	0.94
2388	0.94
2389	0.94
2390	0.94
2391	0.94
2392	0.94
2393	0.94
2394	0.94
2395	0.94
2396	0.94
2397	0.94
2398	0.94
2399	0.94
2400	0.94
2401	0.94
2402	0.94
2403	0.94
2404	0.94
2405	0.94
2406	0.94
2407	0.94
2408	0.94
2409	0.94
2410	0.94
2411	0.94
2412	0.94
2413	0.94
2414	0.94
2415	0.94
2416	0.94
2417	0.94
2418	0.94
2419	0.94
2420	0.94
2421	0.94
2422	0.94
2423	0.94
2424	0.94
2425	0.94
2426	0.94
2427	0.94
2428	0.94
2429	0.94
2430	0.94
2431	0.94
2432	0.94
2433	0.94
2434	0.94
2435	0.94
2436	0.94
2437	0.94
2438	0.94
2439	0.94
2440	0.94
2441	0.94
2442	0.94
2443	0.94
2444	0.94
2445	0.94
2446	0.94
2447	0.94
2448	0.94
2449	0.94
2450	0.94
2451	0.94
2452	0.94
2453	0.94
2454	0.94
2455	0.94
2456	0.94
2457	0.94
2458	0.94
2459	0.94
2460	0.94
2461	0.94
2462	0.94
2463	0.94
2464	0.94
2465	0.94
2466	0.94
2467	0.94
2468	0.94
2469	0.94
2470	0.94
2471	0.94
2472	0.94
2473	0.94
2474	0.94
2475	0.94
2476	0.94
2477	0.94
2478	0.94
2479	0.94
2480	0.94
2481	0.94
2482	0.94
2483	0.94
2484	0.94
2485	0.94
2486	0.94
2487	0.94
2488	0.94
2489	0.94
2490	0.94
2491	0.94
2492	0.94
2493	0.94
2494	0.94
2495	0.94
2496	0.94
2497	0.94
2498	0.94
2499	0.94
2500	0.94
2501	0.94
2502	0.94
2503	0.94
2504	0.94
2505	0.94
2506	0.94
2507	0.94
2508	0.94
2509	0.94
2510	0.94
2511	0.94
2512	0.94
2513	0.94
2514	0.94
2515	0.94
2516	0.94
2517	0.94
2518	0.94
2519	0.94
2520	0.94
2521	0.94
2522	0.94
2523	0.94
2524	0.94
2525	0.94
2526	0.94
2527	0.94
2528	0.94
2529	0.94
2530	0.94
2531	0.94
2532	0.94
2533	0.94
2534	0.94
2535	0.94
2536	0.94
2537	0.94
2538	0.94
2539	0.94
2540	0.94
2541	0.94
2542	0.94
2543	0.94
2544	0.94
2545	0.94
2546	0.94
2547	0.94
2548	0.94
2549	0.94
2550	0.94
2551	0.94
2552	0.94
2553	0.94
2554	0.94
2555	0.94
2556	0.94
2557	0.94
2558	0.94
2559	0.94
2560	0.94
2561	0.94
2562	0.94
2563	0.94
2564	0.94
2565	0.94
2566	0.94
2567	0.94
2568	0.94
2569	0.94
2570	0.94
2571	0.94
2572	0.94
2573	0.94
2574	0.94
2575	0.94
2576	0.94
2577	0.94
2578	0.94
2579	0.94
2580	0.94
2581	0.94
2582	0.94
2583	0.94
2584	0.94
2585	0.94
2586	0.94
2587	0.94
2588	0.94
2589	0.94
2590	0.94
2591	0.94
2592	0.94
2593	0.94
2594	0.94
2595	0.94
2596	0.94
2597	0.94
2598	0.94
2599	0.94
2600	0.94
2601	0.94
2602	0.94
2603	0.94
2604	0.94
2605	0.94
2606	0.94
2607	0.94
2608	0.94
2609	0.94
2610	0.94
2611	0.94
2612	0.94
2613	0.94
2614	0.94
2615	0.94
2616	0.94
2617	0.94
2618	0.94
2619	0.94
2620	0.94
2621	0.94
2622	0.94
2623	0.94
2624	0.94
2625	0.94
2626	0.94
2627	0.94
2628	0.94
2629	0.94
2630	0.94
2631	0.94
2632	0.94
2633	0.94
2634	0.94
2635	0.94
2636	0.94
2637	0.94
2638	0.94
2639	0.94
2640	0.94
2641	0.94
2642	0.94
2643	0.94
2644	0.94
2645	0.94
2646	0.94
2647	0.94
2648	0.94
2649	0.94
2650	0.94
2651	0.94
2652	0.94
2653	0.94
2654	0.94
2655	0.94
2656	0.94
2657	0.94
2658	0.94
2659	0.94
2660	0.94
2661	0.94
2662	0.94
2663	0.94
2664	0.94
2665	0.94
2666	0.94
2667	0.94
2668	0.94
2669	0.94
2670	0.94
2671	0.94
2672	0.94
2673	0.94
2674	0.94
2675	0.94
2676	0.94
2677	0.94
2678	0.94
2679	0.94
2680	0.94
2681	0.94
2682	0.94
2683	0.94
2684	0.94
2685	0.94
2686	0.94
2687	0.94
2688	0.94
2689	0.94
2690	0.94
2691	0.94
2692	0.94
2693	0.94
2694	0.94
2695	0.94
2696	0.94
2697	0.94
2698	0.94
2699	0.94
2700	0.94
2701	0.94
2702	0.94
2703	0.94
2704	0.94
2705	0.94
2706	0.94
2707	0.94
2708	0.94
2709	0.94
2710	0.94
2711	0.94
2712	0.94
2713	0.94
2714	0.94
2715	0.94
2716	0.94
2717	0.94
2718	0.94
2719	0.94
2720	0.94
2721	0.94
2722	0.94
2723	0.94
2724	0.94
2725	0.94
2726	0.94
2727	0.94
2728	0.94
2729	0.94
2730	0.94
2731	0.94
2732	0.94
2733	0.94
2734	0.94
2735	0.94
2736	0.94
2737	0.94
2738	0.94
2739	0.94
2740	0.94
2741	0.94
2742	0.94
2743	0.94
2744	0.94
2745	0.94
2746	0.94
2747	0.94
2748	0.94
2749	0.94
2750	0.94
2751	0.94
2752	0.94
2753	0.94
2754	0.94
2755	0.94
2756	0.94
2757	0.94
2758	0.94
2759	0.94
2760	0.94
2761	0.94
2762	0.94
2763	0.94
2764	0.94
2765	0.94
2766	0.94
2767	0.94
2768	0.94
2769	0.94
2770	0.94
2771	0.94
2772	0.94
2773	0.94
2774	0.94
2775	0.94
2776	0.94
2777	0.94
2778	0.94
2779	0.94
2780	0.94
2781	0.94
2782	0.94
2783	0.94
2784	0.94
2785	0.94
2786	0.94
2787	0.94
2788	0.94
2789	0.94
2790	0.94
2791	0.94
2792	0.94
2793	0.94
2794	0.94
2795	0.94
2796	0.94
2797	0.94
2798	0.94
2799	0.94
2800	0.94
2801	0.94
2802	0.94
2803	0.94
2804	0.94
2805	0.94
2806	0.94
2807	0.94
2808	0.94
2809	0.94
2810	0.94
2811	0.94
2812	0.94
2813	0.94
2814	0.94
2815	0.94
2816	0.94
2817	0.94
2818	0.94
2819	0.94
2820	0.94
2821	0.94
2822	0.94
2823	0.94
2824	0.94
2825	0.94
2826	0.94
2827	0.94
2828	0.94
2829	0.94
2830	0.94
2831	0.94
2832	0.94
2833	0.94
2834	0.94
2835	0.94
2836	0.94
2837	0.94
2838	0.94
2839	0.94
2840	0.94
2841	0.94
2842	0.94
2843	0.94
2844	0.94
2845	0.94
2846	0.94
2847	0.94
2848	0.94
2849	0.94
2850	0.94
2851	0.94
2852	0.94
2853	0.94
2854	0.94
2855	0.94
2856	0.94
2857	0.94
2858	0.94
2859	0.94
2860	0.94
2861	0.94
2862	0.94
2863	0.94
2864	0.94
2865	0.94
2866	0.94
2867	0.94
2868	0.94
2869	0.94
2870	0.94
2871	0.94
2872	0.94
2873	0.94
2874	0.94
2875	0.94
2876	0.94
2877	0.94
2878	0.94
2879	0.94
2880	0.94
2881	0.94
2882	0.94
2883	0.94
2884	0.94
2885	0.94
2886	0.94
2887	0.94
2888	0.94
2889	0.94
2890	0.94
2891	0.94
2892	0.94
2893	0.94
2894	0.94
2895	0.94
2896	0.94
2897	0.94
2898	0.94
2899	0.94
2900	0.94
2901	0.94
2902	0.94
2903	0.94
2904	0.94
2905	0.94
2906	0.94
2907	0.94
2908	0.94
2909	0.94
2910	0.94
2911	0.94
2912	0.94
2913	0.94
2914	0.94
2915	0.94
2916	0.94
2917	0.94
2918	0.94
2919	0.94
2920	0.94
2921	0.94
2922	0.94
2923	0.94
2924	0.94
2925	0.94
2926	0.94
2927	0.94
2928	0.94
2929	0.94
2930	0.94
2931	0.94
2932	0.94
2933	0.94
2934	0.94
2935	0.94
2936	0.94
2937	0.94
2938	0.94
2939	0.94
2940	0.94
2941	0.94
2942	0.94
2943	0.94
2944	0.94
2945	0.94
2946	0.94
2947	0.94
2948	0.94
2949	0.94
2950	0.94
2951	0.94
2952	0.94
2953	0.94
2954	0.94
2955	0.94
2956	0.94
2957	0.94
2958	0.94
2959	0.94
2960	0.94
2961	0.94
2962	0.94
2963	0.94
2964	0.94
2965	0.94
2966	0.94
2967	0.94
2968	0.94
2969	0.94
2970	0.94
2971	0.94
2972	0.94
2973	0.94
2974	0.94
2975	0.94
2976	0.94
2977	0.94
2978	0.94
2979	0.94
2980	0.94
2981	0.94
2982	0.94
2983	0.94
2984	0.94
2985	0.94
2986	0.94
2987	0.94
2988	0.94
2989	0.94
2990	0.94
2991	0.94
2992	0.94
2993	0.94
2994	1
## No. organisms: 20
## Seeds        : 1475308984, 25467
## Runtime      : 0h 1m 20s.
## Started at   : Mon Oct 21 01:23:04 2019
## Ended at     : Mon Oct 21 01:24:24 2019
