3701
0.877992
1	1	2	1	1	10001011000011	11101011011000	00101101110001	0	0
1	2	2	1	2	11000111111011	10000000011101	00110001100001	0	0
1	3	2	1	3	01110100001011	01110110111100	10010100101011	0	1
1	4	2	1	4	00000000001001	00110100101101	01110110011000	0	1
1	5	1	2	1	10110001010000	00000000000000	11001111101111	0	0
1	6	2	2	2	10110111011111	11100000111011	10001000110110	0	0
1	7	2	2	3	00111000011100	01111001110101	01000011100110	0	0
1	8	1	2	4	10101001101110	10000000000000	11011110101000	0	1
1	9	1	3	1	00100000011011	01000000000000	10100000011000	0	0
1	10	1	3	2	11101011101011	11000000000000	10110100010101	0	0
1	11	2	3	3	00001000010011	10000111100011	01011110010101	0	0
1	12	2	3	4	10000001101011	10011100110000	11111010010110	0	0
1	13	2	4	1	11001101111010	11001100001001	00001111011011	0	0
1	14	3	4	2	01010000110010	00111101000011	10111101001011	0	0
1	15	3	4	3	11011100101011	01010100101110	00001111001001	0	0
1	16	2	4	4	00000111001101	00100110010100	10101111011011	0	0
1	17	3	5	1	11110101101001	00101111010101	11011100110110	0	0
1	18	2	5	2	10110101010100	00000001100010	11111101000010	0	1
1	19	2	5	3	10001100111100	11100011110110	11011011111110	0	0
1	20	3	5	4	10101110010100	01011110111111	00001101111001	0	0
2	1	2	1	1	10110000001001	01010001100111	01010000100110	0	0
2	2	2	1	2	11100101001000	10110011100111	10000100100001	0	0
2	3	3	1	3	11010110010100	10111011110101	00100111101110	0	0
2	4	2	1	4	00100110001110	01100101100010	10011100010111	0	1
2	5	1	2	1	01110010010110	00000000000000	01101000010000	0	0
2	6	2	2	2	11101110001111	10000110010001	11110101010011	0	0
2	7	1	2	3	10011110001110	10000000000000	11111100010110	0	1
2	8	2	2	4	00001110100111	10101101011111	00001110110101	0	1
2	9	1	3	1	01110110010010	01000000000000	11000011110111	0	0
2	10	2	3	2	10101111101101	01011000110101	00011011111100	0	0
2	11	3	3	3	00010001000100	11101111111110	11010001110010	0	0
2	12	3	3	4	00100110101101	11000010011010	10011010110010	0	0
2	13	2	4	1	11010011010100	11001010000110	01010010101000	0	0
2	14	2	4	2	10100010100001	10000010001010	01101001101001	0	1
2	15	3	4	3	01001100001010	00000001001100	00111100101011	0	0
2	16	2	4	4	01101011100100	01101010011100	10000101110001	0	0
2	17	1	5	1	10110111000111	11000000000000	11100001001011	0	0
2	18	2	5	2	10001101011011	01000101111011	11110000001100	0	0
2	19	2	5	3	11110111100100	01100110110010	01011110100101	0	0
2	20	2	5	4	00101000111001	01000000001011	01111110011110	0	0
3	1	2	1	1	00110110010111	01011011000010	01101011011010	0	0
3	2	1	1	2	00010001000000	00000000000000	00001001000101	0	0
3	3	2	1	3	00110101100101	11101100010000	00111001101000	0	0
3	4	2	1	4	01110010000110	01000100111011	10000010001100	0	0
3	5	2	2	1	01100100000010	11000101100101	11110011010000	0	1
3	6	2	2	2	01101011001010	11010001000100	00001010011110	0	0
3	7	3	2	3	00100110010111	01111111001110	10100010011101	0	0
3	8	1	2	4	00011011110100	10000000000000	10110111010101	0	1
3	9	1	3	1	00110000010010	01000000000000	10101000101011	0	0
3	10	2	3	2	01111110000111	01001110011110	10001001101100	0	0
3	11	2	3	3	01101100001000	11100100011001	00110100001101	0	0
3	12	2	3	4	10101000100110	01011101111111	11101001101010	0	0
3	13	1	4	1	11101000111001	11000000000000	01100010100010	0	0
3	14	2	4	2	01011000010101	10000111110011	00100100000010	0	0
3	15	3	4	3	10011101101010	10001110001100	10010010010110	0	0
3	16	2	4	4	10110100011000	11101110101011	10110001010100	0	1
3	17	2	5	1	00100010101110	00011010111001	00010000101001	0	0
3	18	2	5	2	11100010100101	01110111000000	00011100100000	0	0
3	19	3	5	3	00010110010110	11101100001110	00111000011010	0	0
3	20	3	5	4	00000110100110	11001010101110	01110101011100	0	1
4	1	3	1	1	10100111101110	11000110000010	10101001000100	0	0
4	2	2	1	2	01101111111100	00110001110010	10100000111010	0	0
4	3	2	1	3	00100011001011	11100000000101	00001111100010	0	0
4	4	3	1	4	10000100010111	01110001100001	01001010001000	0	1
4	5	2	2	1	00101101110001	11111101011100	10010000111000	0	1
4	6	1	2	2	11001000000011	00000000000000	00110111111111	0	0
4	7	2	2	3	01110110110111	11111011011111	00001110111101	0	0
4	8	2	2	4	01111110101100	11010100000000	10111000011111	0	0
4	9	2	3	1	11111010011100	00101111111001	00101010110100	0	1
4	10	1	3	2	00011101110010	10000000000000	00001000010011	0	0
4	11	3	3	3	11111101110001	00011010101111	10100101011110	0	0
4	12	2	3	4	11101011110010	10011000011101	11100000101111	0	0
4	13	2	4	1	10011101101111	10100110011111	11011101011011	0	0
4	14	1	4	2	11001011011000	01000000000000	00110010010111	0	0
4	15	2	4	3	01100110110101	01001110001000	11100110101001	0	0
4	16	3	4	4	01110101110011	10011111100101	11011110110110	0	0
4	17	2	5	1	11100011110111	00010010001110	10010011110011	0	1
4	18	2	5	2	01101101000011	00011000010010	01111001100100	0	0
4	19	2	5	3	01001111100000	11000001000101	01100010001111	0	0
4	20	1	5	4	01000001111000	11000000000000	00010011100110	0	0
5	1	2	1	1	00011100100001	00010101101010	01001110000110	0	1
5	2	1	1	2	01001111000001	00000000000000	11010111111010	0	0
5	3	2	1	3	10110100011110	00000011110111	10111010010101	0	1
5	4	1	1	4	01010000000010	10000000000000	00110101100110	0	0
5	5	2	2	1	00110011011100	11111001010111	00111100100001	0	0
5	6	2	2	2	10101010001101	11011100100010	00100010011001	0	0
5	7	2	2	3	11001100111100	11100010011011	11011000100101	0	0
5	8	2	2	4	00010100010111	10000001011100	01010010011010	0	0
5	9	1	3	1	11000101111101	01000000000000	10100001000011	0	0
5	10	3	3	2	00101000100001	11110000001101	01100001100011	0	0
5	11	3	3	3	00110110000011	00001101010110	00000001000111	0	1
5	12	1	3	4	11011110111110	11000000000000	11111110100100	0	0
5	13	2	4	1	01001000100011	00010001111010	11110010101111	0	0
5	14	2	4	2	11111001111111	10010110011111	11101100001001	0	1
5	15	2	4	3	11110101010101	11011111000000	00010100110111	0	0
5	16	2	4	4	10001111111101	11011110100110	11010111000000	0	0
5	17	3	5	1	01101000011011	11011011011001	00001000111111	0	0
5	18	2	5	2	01111110011011	11101110100111	10011111101110	0	0
5	19	3	5	3	11101101010111	01101001000000	00111010111100	0	0
5	20	2	5	4	11010110000000	11010011010000	01100101001111	0	0
6	1	3	1	1	00110101001001	01001101101001	00101001111010	0	0
6	2	2	1	2	11010000011011	11101010100100	11000100100111	0	0
6	3	2	1	3	11111101011001	10011100101101	00110101001001	0	0
6	4	2	1	4	11100100111111	01010011001110	00100001100010	0	1
6	5	2	2	1	11100000101100	01100100011100	10110011000100	0	1
6	6	2	2	2	10011111100111	10110100001011	01000110011000	0	0
6	7	2	2	3	11100011100001	11001000010011	01101000100010	0	0
6	8	2	2	4	01101101100100	10010010001110	00101111010111	0	0
6	9	2	3	1	11101111000010	01110101000111	10011110001101	0	0
6	10	1	3	2	00001011101001	00011000000111	11111001100011	0	0
6	11	3	3	3	11110111101111	00010010001010	11100101101110	0	0
6	12	3	3	4	10111100001110	01111110110000	10001011010100	0	0
6	13	1	4	1	01000101001101	11110100011010	11000011111111	0	0
6	14	2	4	2	00001010101100	01111001000000	01101111000101	0	0
6	15	2	4	3	10111011010011	10011010001001	00010111111101	0	1
6	16	1	4	4	00010100110111	01001111000000	11110010111101	0	0
6	17	2	5	1	01010010010111	11110101110100	10101100010100	0	1
6	18	3	5	2	11010111010001	01101011010100	01110001000000	0	0
6	19	1	5	3	10001111000001	01101010101001	11111000000010	0	0
6	20	2	5	4	10100010111101	11110100011011	11110011110000	0	0
7	1	1	1	1	01011110001110	11111000110110	01101000010011	0	0
7	2	1	1	2	10000011001001	10101001111101	11100000001011	0	1
7	3	1	1	3	01100010110101	00001011101010	00010001010100	0	1
7	4	2	1	4	11000000000001	00011111001001	10101101011111	0	0
7	5	3	2	1	00110100101110	01000111111010	10011001110100	0	0
7	6	3	2	2	00101100010111	11001110100110	00111111101111	0	0
7	7	2	2	3	10010100000001	10000000101000	11000000001101	0	0
7	8	2	2	4	01001000111101	11001001100000	11001001101110	0	0
7	9	2	3	1	10110010001110	01111101001110	11011111010110	0	0
7	10	2	3	2	00110111101011	11011010010010	10001101110011	0	0
7	11	2	3	3	01110010111100	10000111110011	00001110100111	0	1
7	12	2	3	4	11011010011001	11011100000110	11100011111000	0	0
7	13	2	4	1	00001000110011	00111110111010	10001001011110	0	0
7	14	1	4	2	00011111100011	00011111000010	01101100100010	0	0
7	15	2	4	3	00010110111010	01100110001010	00101000111011	0	0
7	16	3	4	4	01001010011001	11100111110100	00110000001111	0	0
7	17	2	5	1	01110010001000	00010101001101	11001110111010	0	0
7	18	2	5	2	01100010000001	11101011101111	11001011011011	0	0
7	19	2	5	3	11011100001100	00111100000010	00000000010011	0	1
7	20	3	5	4	00110101110011	10111100011001	00011001001111	0	0
8	1	1	1	1	00101111011010	11010101001001	01000111011101	0	0
8	2	1	1	2	00111100110010	00001011000001	00000100100011	0	0
8	3	1	1	3	11101011011011	01101011010010	00111011010101	0	0
8	4	1	1	4	10011100100110	01000101101010	10100100100101	0	0
8	5	2	2	1	10101101100111	10110100000011	01001101010001	0	0
8	6	3	2	2	11111011001010	01101101101101	00010110011010	0	0
8	7	2	2	3	11100111101011	01111101011010	00100001101000	0	0
8	8	2	2	4	00111101110001	01011001100111	01100111111010	0	0
8	9	2	3	1	11100110100001	11010010001101	00110011001111	0	1
8	10	2	3	2	01000011010100	11110010111000	11011000111111	0	0
8	11	3	3	3	11111101011110	10110100010000	11110001101000	0	0
8	12	2	3	4	10011011010100	11101101101011	11010100100100	0	0
8	13	2	4	1	11001110011101	00010111001000	00000101000110	0	0
8	14	2	4	2	01110000111111	00001001001010	11011011100011	0	1
8	15	2	4	3	11001000100100	01000010111100	00001001100011	0	1
8	16	3	4	4	00001110010011	11010100100100	10000111001101	0	0
8	17	2	5	1	01101010000011	00111001110101	11110001010111	0	0
8	18	2	5	2	10111001011011	01011111110001	11110101011000	0	1
8	19	3	5	3	11100101010000	01001010011011	11101001001100	0	0
8	20	2	5	4	01001000100011	11011010101001	00111100101000	0	0
9	1	3	1	1	00010010110000	11111111101010	01111100010010	0	0
9	2	2	1	2	10110000110000	01100000001010	10111111101101	0	0
9	3	2	1	3	11001010000101	10000011111000	11100010001001	0	0
9	4	2	1	4	00100000100100	01100111101011	00101100001010	0	1
9	5	1	2	1	00010100100000	11010111110101	00000111001001	0	0
9	6	2	2	2	11111001001010	00101001010111	10101011011000	0	0
9	7	1	2	3	01110001100101	00000010110001	11000001100001	0	0
9	8	2	2	4	01011100000111	11110101101101	10010001101101	0	0
9	9	2	3	1	01111010010100	10011101101000	10001001111111	0	0
9	10	2	3	2	00000001011001	01110001111101	11000101111110	0	1
9	11	2	3	3	10000010100010	11101000101110	10001111100001	0	0
9	12	1	3	4	11000011110011	00101001011000	10110010100010	0	1
9	13	3	4	1	00110111111010	00011100000010	10100010101110	0	0
9	14	2	4	2	01111000000100	11100111111110	00001100111011	0	0
9	15	3	4	3	00010011010101	10111110100000	00000110111111	0	0
9	16	2	4	4	11100001111011	01100001001001	10111100010000	0	1
9	17	3	5	1	00010100010101	10100101010100	01111110101011	0	0
9	18	1	5	2	11011100101000	00011001001101	10000111110010	0	0
9	19	2	5	3	10000110100111	00011100111000	00110100111101	0	0
9	20	2	5	4	01001110010111	01011100111110	01100110011101	0	0
10	1	2	1	1	10011110101100	01111000110100	01110011011000	0	0
10	2	3	1	2	01111000100011	01111110100111	00001100100011	0	0
10	3	2	1	3	00000100011110	11110001110000	11111111000011	0	0
10	4	2	1	4	11111101110001	11001001001100	10010001110001	0	0
10	5	3	2	1	01101011110111	00110011001111	11011110111011	0	1
10	6	3	2	2	10000011111011	10101001101011	10111101101110	0	0
10	7	1	2	3	10010001001100	01001101011100	10100101111110	0	1
10	8	3	2	4	10110001011000	00010000110000	10000000110001	0	0
10	9	2	3	1	01111100001110	11001111110101	11000110110011	0	1
10	10	2	3	2	01001110110010	00011011111111	10111101000101	0	0
10	11	2	3	3	10101110101000	00000000000001	00001110000010	0	0
10	12	1	3	4	01111011001101	00010001000110	00010111000100	0	0
10	13	2	4	1	11001011101101	01100110011110	01110110010011	0	0
10	14	2	4	2	10001100110110	01011110110010	10010110100011	0	0
10	15	1	4	3	10111101111001	01010011001111	11000010001010	0	0
10	16	2	4	4	10110100100010	00111000111011	11111100100011	0	0
10	17	2	5	1	11000011100001	10111000101010	00100111111111	0	0
10	18	2	5	2	01001100100111	01101010101101	01011110011111	0	0
10	19	1	5	3	10111100001010	10010110111011	10010000001100	0	0
10	20	2	5	4	00000011010100	01110011101000	11000000110100	0	1
11	1	2	1	1	00000101110100	00110000011110	10100101010001	0	1
11	2	2	1	2	00101110111010	01000111100101	00100111110010	0	0
11	3	2	1	3	10010000101111	01110001101111	11101110000100	0	0
11	4	2	1	4	10101011111001	00100001011001	00001101010111	0	0
11	5	3	2	1	11100010001111	01001110001000	10010011010100	0	0
11	6	2	2	2	10111011101010	11100111110001	01000001000010	0	0
11	7	2	2	3	00110000110011	10100110110101	01100001100100	0	0
11	8	2	2	4	11000000001100	10010000000111	11010000100001	0	0
11	9	1	3	1	11101100100001	01101100000100	10011000100000	0	1
11	10	3	3	2	00110011101111	00001110110111	01000110011000	0	1
11	11	2	3	3	01011011001000	00111111111111	01101101010001	0	1
11	12	1	3	4	11011110101111	11000001110011	00000111011111	0	0
11	13	2	4	1	00111111001010	10001110011001	01101101100101	0	0
11	14	3	4	2	01000000111010	11000101000010	11101010011110	0	0
11	15	3	4	3	11001001101010	11011001000000	11010100001010	0	0
11	16	2	4	4	01100011100011	01001110011010	01011011011011	0	0
11	17	2	5	1	10000010000100	11110110001000	00110000011001	0	0
11	18	1	5	2	10100111010000	11011011110011	00011101100011	0	0
11	19	2	5	3	11001001100101	01001110100101	01101101111000	0	0
11	20	1	5	4	01100000110111	10110010111000	11100101100111	0	0
12	1	2	1	1	11110110001101	10000001011001	00111110111110	0	0
12	2	2	1	2	01101000111111	00110011110000	00101101000001	1	0
12	3	2	1	3	00110001001000	01000101110111	10001011011110	0	0
12	4	1	1	4	00111111101110	01010100001001	01011010110100	0	0
12	5	2	1	5	00001100111111	11100111001100	10111011101011	0	0
12	6	3	2	1	00110010100001	11100001101010	10011001101101	0	0
12	7	1	2	2	01011000000110	00100011111111	11100110100101	0	1
12	8	2	2	3	11110111010100	01001010111010	11000000110011	0	1
12	9	2	2	4	11001111000111	10110001001010	11101001101001	0	0
12	10	2	2	5	11000111001101	01010011110100	01011010001011	1	0
12	11	1	3	1	11110111010000	00100010111011	00001111000100	0	0
12	12	2	3	2	10101101101101	01101001000000	11011101100110	0	0
12	13	3	3	3	00100000011100	01010101110001	11110010111001	0	0
12	14	2	3	4	00100011111101	00110011101101	00000001110111	1	0
12	15	2	3	5	00101101110011	00010100111000	10111011101101	0	1
12	16	3	4	1	11101010101001	01000001001001	11110010011010	0	0
12	17	2	4	2	00010010110001	11101001101100	01110010000111	0	1
12	18	1	4	3	00001000110110	11101011100011	00000011111000	0	1
12	19	2	4	4	11111110010101	10101111000011	00010001110010	0	0
12	20	2	4	5	11110010100101	11000011111101	11000010110001	1	0
12	21	2	5	1	00001101000110	00011000000011	11111000110111	0	1
12	22	2	5	2	11010000010001	01100111011111	11100001111101	0	0
12	23	2	5	3	00010110100000	00001110101000	01100110101001	0	0
12	24	2	5	4	11011101111001	00011001010010	00101000010111	1	1
12	25	3	5	5	01101101101101	11101010110111	11001010000110	0	1
13	1	3	1	1	10011111110110	10011001011010	01010001010100	0	0
13	2	1	1	2	00100000010100	01010000111100	00101011010101	0	0
13	3	2	1	3	01011000111011	01110010111100	11011010011101	0	1
13	4	2	1	4	01110010010100	11100000000000	01001101111001	1	1
13	5	1	1	5	11101000011101	11010110110000	10111001100011	0	0
13	6	2	2	1	01000111100001	10100010111001	01111000010011	0	1
13	7	2	2	2	11011011101110	10101111110011	11111101110010	0	0
13	8	2	2	3	00101000000111	00100000001001	01000011000011	1	0
13	9	3	2	4	10000000000010	11011111111111	00010100100010	0	0
13	10	2	2	5	11101100011111	00000011100010	00000011010010	0	0
13	11	2	3	1	11101010010000	01010111010011	10111010101010	0	1
13	12	2	3	2	00011101010010	00011001100000	10010111100011	0	0
13	13	2	3	3	00000111100110	01101100110110	00111010001000	1	0
13	14	2	3	4	10010001001011	00100100011110	10101100111100	0	0
13	15	2	3	5	01111100011000	11001001001111	00111101110000	1	1
13	16	2	4	1	11100101110110	01101001010011	11011010100110	1	1
13	17	1	4	2	10101111100000	00011101101111	11011101011101	0	0
13	18	2	4	3	10010100110001	01011010100111	11000110001100	0	0
13	19	2	4	4	10100011000000	10001111000001	01100100010110	0	0
13	20	3	4	5	01001110001101	11000100000001	00110101011010	0	0
13	21	2	5	1	01110000111100	00010100001110	10001000010011	0	0
13	22	2	5	2	10100100111110	00100101000000	10111100100011	0	1
13	23	2	5	3	01000001111110	00110111001111	01101010011011	0	0
13	24	3	5	4	11111110100111	01011010000011	11011111101101	0	0
13	25	1	5	5	10010000001001	10001101001100	10011111111110	0	1
14	1	2	1	1	01001010000001	10110111001011	10000100001101	0	0
14	2	2	1	2	11010101101011	10011011101111	01001100100000	0	0
14	3	2	1	3	11111010111110	11010010110110	11000001100101	1	0
14	4	3	1	4	00101110000110	01101100100011	10110000100110	0	0
14	5	2	1	5	11101110001110	01110000110100	00110000011111	1	0
14	6	1	2	1	11010111010000	11010111101010	00101000011001	0	0
14	7	3	2	2	00010110011011	10100010111010	11010001010010	0	0
14	8	2	2	3	00111001101101	10100000011101	11111110000101	1	0
14	9	2	2	4	01110100001000	11110001101000	01101111101111	0	0
14	10	2	2	5	01010111011011	01111101100000	10010000101011	0	0
14	11	2	3	1	00000001101001	10001110101000	00111111000011	1	0
14	12	2	3	2	11000110111100	01000101111011	00100001111001	0	0
14	13	3	3	3	01010000010100	01100100100011	01000011010100	0	0
14	14	2	3	4	00110110100011	11101001010010	00100011100101	1	1
14	15	2	3	5	01011001100100	01010101110000	00001001011000	0	0
14	16	2	4	1	11110111110000	11111010000111	00110101111101	0	1
14	17	1	4	2	01011010000011	01101000101000	11000110111010	0	1
14	18	2	4	3	00011100001011	01100000101010	10101111110001	0	1
14	19	2	4	4	00101001010000	01000010101010	01101010110001	0	1
14	20	1	4	5	11000101000111	01100011111000	10111001111001	0	1
14	21	2	5	1	00001110111100	00100101010000	01101100101011	0	0
14	22	2	5	2	00101011111011	10010110001111	10100111010111	0	1
14	23	1	5	3	10011000011111	11101101110100	11001000010001	0	0
14	24	2	5	4	10110010111000	00001111010110	11000100100101	0	0
14	25	3	5	5	01101000010100	00001111110100	11010110101010	0	1
15	1	2	1	1	11110110010101	10101100011100	11111101000000	0	1
15	2	2	1	2	01111100101010	01011011110001	10011100110101	1	0
15	3	2	1	3	11000110100101	10101011101101	00000001000000	1	1
15	4	1	1	4	10101011100000	10000010101011	00100000000100	0	1
15	5	2	1	5	00000100100100	11001011110110	10010110100101	0	1
15	6	2	2	1	10010111110111	01100011111010	10111001010100	0	0
15	7	2	2	2	00100000011000	10101010001110	10100101110010	0	0
15	8	2	2	3	11010111001100	11101011100001	11111110110011	0	1
15	9	2	2	4	10000100110011	00111010111111	11111000110100	0	1
15	10	2	2	5	01010100000001	00001000111101	01111000001011	0	0
15	11	3	3	1	10101010010100	11000110101101	01101000001101	0	0
15	12	1	3	2	01000110011111	00100001111111	00011101001001	0	0
15	13	3	3	3	00000101001110	11111000000110	10011110010101	0	1
15	14	2	3	4	00001000000100	01111110111100	11111000100010	0	0
15	15	2	3	5	11011000001010	10111110110100	10100000001001	0	0
15	16	2	4	1	11110110101111	00011111110111	11101110111001	0	0
15	17	2	4	2	01001100010111	00101000110100	00111011011100	1	0
15	18	3	4	3	11101101000000	00111010111011	01100100000001	0	0
15	19	1	4	4	11100010111110	11111011010111	00001110110011	0	0
15	20	1	4	5	10000011001101	11010110101000	10011100110110	0	0
15	21	2	5	1	10011110101111	01000000111110	10001001001000	1	0
15	22	3	5	2	00101100110110	01100011100110	00110101101100	0	1
15	23	2	5	3	00101001011101	01000001000011	11001100110011	1	0
15	24	2	5	4	11111001010110	11100010010110	10110111011011	0	0
15	25	2	5	5	01110110100000	10010110011110	01011010011110	0	0
16	1	3	1	1	01100110101001	10110110101100	01000000010000	0	0
16	2	2	1	2	10101110010110	11010101001101	00001001111110	0	0
16	3	2	1	3	00001010101001	11000011110100	11111101011010	0	1
16	4	2	1	4	11000110110010	01011101010100	10000000100011	0	0
16	5	3	1	5	11110011010010	00111100100011	01110000101111	0	0
16	6	2	2	1	01010000010111	11010010110101	01001111100010	0	1
16	7	3	2	2	10011110001100	00010111111100	00011010111001	0	1
16	8	1	2	3	00011001110100	00101010111010	01110101100110	0	0
16	9	1	2	4	10101011110111	11110110100100	11011001000100	0	1
16	10	1	2	5	00111010110011	01001000010001	10010100010001	0	0
16	11	2	3	1	10110110010010	11101011101100	01001100000110	0	0
16	12	2	3	2	10101110000001	01111111000001	10110000110110	0	1
16	13	2	3	3	11111000111000	01010000100000	00010100111010	1	0
16	14	2	3	4	11101010110010	00011011010110	00011100110001	1	1
16	15	2	3	5	10110111011100	00110111110101	01111011010000	0	0
16	16	2	4	1	00000100011001	01000000111101	11101010000000	1	0
16	17	2	4	2	00011100101010	10001010011001	10000101110000	1	0
16	18	1	4	3	10110110001111	11010010001110	11011100001011	0	0
16	19	2	4	4	00000010000010	10010101011011	00001001111110	0	0
16	20	2	4	5	10101110101101	01010001110100	11100011011100	0	0
16	21	2	5	1	00101111011100	00110111011110	11100101101100	0	0
16	22	2	5	2	01000011111100	10000111101101	10100001011001	0	1
16	23	2	5	3	10000001001110	01010101100010	10001011100100	0	1
16	24	3	5	4	10111010010010	11001010011011	01000010101011	0	0
16	25	2	5	5	11100101111000	01101100101100	10101101101110	1	0
17	1	1	1	1	10100110011010	01011110111000	11000001011001	0	1
17	2	2	1	2	00011001011011	01100000011101	10111001111111	0	0
17	3	1	1	3	11011100101010	10101000011100	10100101111010	0	1
17	4	2	1	4	01000111001010	00000000000011	01000011011100	0	0
17	5	2	1	5	11100000001111	00100000100111	01100010111110	0	0
17	6	2	2	1	00101001010001	10111010100010	00001101010110	1	0
17	7	3	2	2	11010110010100	01010100010100	11100111011110	0	0
17	8	3	2	3	11010011111101	10011011101101	11010100010011	0	0
17	9	2	2	4	00111010101000	00101111000001	00001111001111	0	0
17	10	3	2	5	01111101010110	10101111101010	10110111011101	0	1
17	11	2	3	1	11111111000101	01100011011100	11100011100100	0	1
17	12	3	3	2	01000010001010	00000101011001	01110000101010	0	0
17	13	2	3	3	11000111111101	01101001011011	00010101111011	0	0
17	14	2	3	4	01111010011110	10100000100101	10100010111000	0	0
17	15	2	3	5	11011111000010	00011100010011	01100001100110	0	1
17	16	1	4	1	11011101010111	00111100000010	11011000000011	0	0
17	17	1	4	2	00110100100001	10101001110100	11011010100001	0	0
17	18	2	4	3	00011110001111	11111101101100	00011100010110	0	0
17	19	2	4	4	01111000100000	11110011110011	10000111111000	1	0
17	20	2	4	5	11000000100001	10101000110110	10101000100000	1	0
17	21	2	5	1	00111011101001	11001110000010	01000101110100	0	0
17	22	2	5	2	00101011111100	11000110010011	11011100001111	1	1
17	23	2	5	3	00110111110110	00001100010011	01110111010011	0	1
17	24	2	5	4	10110011010101	11101110110001	01011000010011	1	0
17	25	2	5	5	10010101111010	01101010101001	11100101001111	0	1
