1	0.505816
2	0.511381
3	0.517001
4	0.518856
5	0.528661
6	0.530014
7	0.532245
8	0.532245
9	0.534114
10	0.545021
11	0.546388
12	0.547782
13	0.547782
14	0.547782
15	0.547782
16	0.547782
17	0.547782
18	0.547782
19	0.547782
20	0.547782
21	0.547782
22	0.547782
23	0.547782
24	0.589024
25	0.589024
26	0.589024
27	0.589024
28	0.589024
29	0.589024
30	0.589024
31	0.589024
32	0.589024
33	0.591729
34	0.591729
35	0.591729
36	0.591729
37	0.591729
38	0.592232
39	0.592232
40	0.597545
41	0.597545
42	0.597545
43	0.597545
44	0.601715
45	0.601715
46	0.603361
47	0.620753
48	0.628647
49	0.629107
50	0.629107
51	0.629107
52	0.645425
53	0.645425
54	0.645425
55	0.645425
56	0.645425
57	0.645425
58	0.645425
59	0.645425
60	0.64947
61	0.658494
62	0.658494
63	0.658494
64	0.658494
65	0.658494
66	0.661116
67	0.661116
68	0.661116
69	0.661116
70	0.661116
71	0.661116
72	0.661116
73	0.661116
74	0.661116
75	0.661116
76	0.661116
77	0.661116
78	0.661116
79	0.661116
80	0.661116
81	0.661116
82	0.661116
83	0.661116
84	0.661116
85	0.661116
86	0.661172
87	0.661172
88	0.661172
89	0.661172
90	0.661172
91	0.661172
92	0.661172
93	0.661172
94	0.661172
95	0.661172
96	0.661172
97	0.661172
98	0.661172
99	0.661172
100	0.661172
101	0.661172
102	0.661172
103	0.661172
104	0.664658
105	0.664658
106	0.664658
107	0.664658
108	0.664658
109	0.664658
110	0.664658
111	0.665621
112	0.665621
113	0.667531
114	0.667531
115	0.672664
116	0.672664
117	0.672664
118	0.672664
119	0.672664
120	0.672664
121	0.672664
122	0.672664
123	0.672664
124	0.672664
125	0.672664
126	0.672664
127	0.672664
128	0.672664
129	0.672664
130	0.672664
131	0.672664
132	0.672664
133	0.672664
134	0.672664
135	0.672664
136	0.672664
137	0.672664
138	0.672664
139	0.672664
140	0.67378
141	0.67378
142	0.67378
143	0.67378
144	0.67378
145	0.67378
146	0.67378
147	0.67378
148	0.67378
149	0.67378
150	0.67378
151	0.67378
152	0.67378
153	0.67378
154	0.67378
155	0.67378
156	0.67378
157	0.67378
158	0.67378
159	0.67378
160	0.675007
161	0.675007
162	0.675007
163	0.675007
164	0.675007
165	0.675007
166	0.675007
167	0.675007
168	0.675007
169	0.675007
170	0.677517
171	0.677517
172	0.677517
173	0.679386
174	0.679386
175	0.679386
176	0.679386
177	0.679386
178	0.679386
179	0.679386
180	0.679386
181	0.679386
182	0.679386
183	0.679386
184	0.679386
185	0.679386
186	0.679386
187	0.679386
188	0.679386
189	0.679386
190	0.679386
191	0.679386
192	0.679386
193	0.679386
194	0.679386
195	0.679386
196	0.679386
197	0.679386
198	0.679386
199	0.679386
200	0.679386
201	0.679386
202	0.679386
203	0.679386
204	0.679386
205	0.679386
206	0.679386
207	0.679386
208	0.679386
209	0.679386
210	0.679386
211	0.679386
212	0.679386
213	0.679386
214	0.679386
215	0.679386
216	0.679386
217	0.679386
218	0.679386
219	0.679386
220	0.679386
221	0.679386
222	0.679386
223	0.679386
224	0.679386
225	0.679386
226	0.679386
227	0.679386
228	0.679386
229	0.679386
230	0.679386
231	0.679386
232	0.679386
233	0.679386
234	0.679386
235	0.679386
236	0.679386
237	0.679386
238	0.679386
239	0.679386
240	0.679386
241	0.679386
242	0.679386
243	0.679847
244	0.679847
245	0.679847
246	0.679847
247	0.679847
248	0.679847
249	0.679847
250	0.679847
251	0.679847
252	0.679847
253	0.679847
254	0.679847
255	0.679847
256	0.679847
257	0.679847
258	0.679847
259	0.679847
260	0.679847
261	0.679847
262	0.679847
263	0.679847
264	0.679847
265	0.679847
266	0.679847
267	0.679847
268	0.679847
269	0.679847
270	0.679847
271	0.679847
272	0.679847
273	0.679847
274	0.679847
275	0.679847
276	0.679847
277	0.679847
278	0.679847
279	0.679847
280	0.679847
281	0.679847
282	0.679847
283	0.679847
284	0.679847
285	0.679847
286	0.679847
287	0.679847
288	0.679847
289	0.679847
290	0.679847
291	0.679847
292	0.679847
293	0.679847
294	0.679847
295	0.679847
296	0.679847
297	0.679847
298	0.679847
299	0.679847
300	0.679847
301	0.679847
302	0.679847
303	0.679847
304	0.679847
305	0.679847
306	0.679847
307	0.679847
308	0.679847
309	0.679847
310	0.679847
311	0.679847
312	0.679847
313	0.679847
314	0.679847
315	0.679847
316	0.679847
317	0.679847
318	0.679847
319	0.679847
320	0.679847
321	0.679847
322	0.679847
323	0.679847
324	0.679847
325	0.679847
326	0.679847
327	0.679847
328	0.679847
329	0.679847
330	0.679847
331	0.679847
332	0.679847
333	0.679847
334	0.679847
335	0.679847
336	0.679847
337	0.679847
338	0.679847
339	0.679847
340	0.679847
341	0.679847
342	0.679847
343	0.679847
344	0.679847
345	0.679847
346	0.679847
347	0.679847
348	0.679847
349	0.679847
350	0.679847
351	0.679847
352	0.679847
353	0.679847
354	0.679847
355	0.679847
356	0.679847
357	0.679847
358	0.679847
359	0.679847
360	0.679847
361	0.679847
362	0.679847
363	0.679847
364	0.679847
365	0.679847
366	0.679847
367	0.679847
368	0.679847
369	0.679847
370	0.679847
371	0.679847
372	0.679847
373	0.679847
374	0.679847
375	0.679847
376	0.679847
377	0.679847
378	0.679847
379	0.679847
380	0.679847
381	0.679847
382	0.679847
383	0.679847
384	0.679847
385	0.679847
386	0.679847
387	0.679847
388	0.679847
389	0.679847
390	0.679847
391	0.679847
392	0.679847
393	0.679847
394	0.679847
395	0.679847
396	0.679847
397	0.679847
398	0.679847
399	0.679847
400	0.679847
401	0.679847
402	0.679847
403	0.679847
404	0.679847
405	0.679847
406	0.679847
407	0.679847
408	0.679847
409	0.679847
410	0.679847
411	0.679847
412	0.679847
413	0.679847
414	0.679847
415	0.679847
416	0.679847
417	0.679847
418	0.679847
419	0.679847
420	0.679847
421	0.679847
422	0.679847
423	0.679847
424	0.679847
425	0.679847
426	0.679847
427	0.679847
428	0.679847
429	0.679847
430	0.679847
431	0.679847
432	0.679847
433	0.679847
434	0.679847
435	0.679847
436	0.679847
437	0.679847
438	0.679847
439	0.679847
440	0.679847
441	0.679847
442	0.679847
443	0.679847
444	0.679847
445	0.679847
446	0.679847
447	0.679847
448	0.679847
449	0.679847
450	0.679847
451	0.679847
452	0.679847
453	0.679847
454	0.679847
455	0.679847
456	0.679847
457	0.679847
458	0.679847
459	0.679847
460	0.679847
461	0.679847
462	0.679847
463	0.679847
464	0.679847
465	0.679847
466	0.679847
467	0.679847
468	0.679847
469	0.679847
470	0.679847
471	0.679847
472	0.679847
473	0.679847
474	0.679847
475	0.679847
476	0.679847
477	0.679847
478	0.679847
479	0.679847
480	0.691869
481	0.691869
482	0.691869
483	0.704268
484	0.709442
485	0.709442
486	0.709442
487	0.709442
488	0.709442
489	0.709442
490	0.709442
491	0.714086
492	0.714086
493	0.714086
494	0.714086
495	0.714086
496	0.714086
497	0.714086
498	0.714086
499	0.72569
500	0.733445
501	0.73675
502	0.738689
503	0.738689
504	0.738689
505	0.738689
506	0.738689
507	0.738689
508	0.738689
509	0.738689
510	0.742678
511	0.742678
512	0.742678
513	0.742678
514	0.742678
515	0.742678
516	0.742678
517	0.742678
518	0.742678
519	0.742678
520	0.742678
521	0.742678
522	0.742678
523	0.744505
524	0.744505
525	0.744505
526	0.744505
527	0.744505
528	0.744505
529	0.744505
530	0.749428
531	0.749428
532	0.749428
533	0.749428
534	0.749428
535	0.749428
536	0.749428
537	0.749428
538	0.749428
539	0.749428
540	0.749428
541	0.749428
542	0.749428
543	0.749428
544	0.749428
545	0.749428
546	0.749428
547	0.749428
548	0.749428
549	0.749428
550	0.749428
551	0.749428
552	0.749428
553	0.749428
554	0.749428
555	0.749428
556	0.749428
557	0.749428
558	0.749428
559	0.749428
560	0.749428
561	0.749428
562	0.75357
563	0.75357
564	0.75357
565	0.75357
566	0.75357
567	0.75357
568	0.75357
569	0.75357
570	0.75357
571	0.75357
572	0.75357
573	0.75357
574	0.75357
575	0.755941
576	0.755941
577	0.758271
578	0.758271
579	0.758271
580	0.758271
581	0.758271
582	0.758271
583	0.758271
584	0.758271
585	0.758271
586	0.758271
587	0.758271
588	0.758271
589	0.758271
590	0.758271
591	0.758271
592	0.758271
593	0.758271
594	0.758271
595	0.758271
596	0.758271
597	0.758271
598	0.758271
599	0.758271
600	0.758271
601	0.758271
602	0.758271
603	0.758271
604	0.761395
605	0.765021
606	0.765021
607	0.765021
608	0.765021
609	0.765021
610	0.765021
611	0.765021
612	0.765021
613	0.765021
614	0.765021
615	0.765021
616	0.765021
617	0.765021
618	0.765021
619	0.765021
620	0.765021
621	0.765021
622	0.765021
623	0.765021
624	0.765021
625	0.765021
626	0.765021
627	0.769861
628	0.769861
629	0.769861
630	0.769861
631	0.769861
632	0.769861
633	0.769861
634	0.769861
635	0.769861
636	0.769861
637	0.769861
638	0.769861
639	0.769861
640	0.769861
641	0.769861
642	0.769861
643	0.769861
644	0.769861
645	0.769861
646	0.769861
647	0.769861
648	0.769861
649	0.769861
650	0.769861
651	0.769861
652	0.769861
653	0.769861
654	0.769861
655	0.769861
656	0.769861
657	0.769861
658	0.769861
659	0.769861
660	0.769861
661	0.769861
662	0.769861
663	0.769861
664	0.769861
665	0.769861
666	0.769861
667	0.769861
668	0.769861
669	0.769861
670	0.769861
671	0.769861
672	0.769861
673	0.769861
674	0.769861
675	0.769861
676	0.769861
677	0.769861
678	0.769861
679	0.769861
680	0.769861
681	0.769861
682	0.769861
683	0.769861
684	0.769861
685	0.769861
686	0.769861
687	0.769861
688	0.769861
689	0.769861
690	0.769861
691	0.769861
692	0.769861
693	0.769861
694	0.769861
695	0.769861
696	0.769861
697	0.769861
698	0.769861
699	0.769861
700	0.769861
701	0.769861
702	0.769861
703	0.769861
704	0.769861
705	0.769861
706	0.769861
707	0.769861
708	0.769861
709	0.769861
710	0.769861
711	0.769861
712	0.769861
713	0.769861
714	0.769861
715	0.769861
716	0.769861
717	0.769861
718	0.769861
719	0.769861
720	0.769861
721	0.769861
722	0.769861
723	0.769861
724	0.769861
725	0.769861
726	0.769861
727	0.769861
728	0.769861
729	0.769861
730	0.769861
731	0.769861
732	0.769861
733	0.769861
734	0.769861
735	0.769861
736	0.769861
737	0.769861
738	0.769861
739	0.769861
740	0.769861
741	0.769861
742	0.769861
743	0.769861
744	0.769861
745	0.769861
746	0.769861
747	0.769861
748	0.769861
749	0.769861
750	0.769861
751	0.769861
752	0.769861
753	0.769861
754	0.769861
755	0.769861
756	0.769861
757	0.769861
758	0.769861
759	0.769861
760	0.769861
761	0.769861
762	0.769861
763	0.769861
764	0.769861
765	0.769861
766	0.769861
767	0.769861
768	0.769861
769	0.769861
770	0.769861
771	0.769861
772	0.769861
773	0.769861
774	0.769861
775	0.769861
776	0.769861
777	0.769861
778	0.769861
779	0.769861
780	0.769861
781	0.769861
782	0.769861
783	0.769861
784	0.769861
785	0.769861
786	0.769861
787	0.769861
788	0.769861
789	0.769861
790	0.769861
791	0.769861
792	0.769861
793	0.769861
794	0.769861
795	0.769861
796	0.769861
797	0.769861
798	0.769861
799	0.769861
800	0.769861
801	0.769861
802	0.769861
803	0.769861
804	0.769861
805	0.769861
806	0.769861
807	0.769861
808	0.769861
809	0.769861
810	0.769861
811	0.769861
812	0.769861
813	0.769861
814	0.769861
815	0.769861
816	0.769861
817	0.769861
818	0.769861
819	0.769861
820	0.769861
821	0.769861
822	0.769861
823	0.769861
824	0.769861
825	0.769861
826	0.769861
827	0.769861
828	0.769861
829	0.769861
830	0.769861
831	0.769861
832	0.769861
833	0.769861
834	0.769861
835	0.769861
836	0.769861
837	0.769861
838	0.769861
839	0.769861
840	0.769861
841	0.769861
842	0.769861
843	0.769861
844	0.769861
845	0.769861
846	0.769861
847	0.769861
848	0.769861
849	0.769861
850	0.769861
851	0.769861
852	0.769861
853	0.769861
854	0.769861
855	0.769861
856	0.769861
857	0.769861
858	0.769861
859	0.769861
860	0.769861
861	0.769861
862	0.769861
863	0.769861
864	0.769861
865	0.769861
866	0.769861
867	0.769861
868	0.769861
869	0.769861
870	0.769861
871	0.769861
872	0.769861
873	0.769861
874	0.769861
875	0.769861
876	0.769861
877	0.769861
878	0.769861
879	0.769861
880	0.769861
881	0.769861
882	0.769861
883	0.769861
884	0.769861
885	0.769861
886	0.769861
887	0.769861
888	0.769861
889	0.769861
890	0.769861
891	0.769861
892	0.769861
893	0.769861
894	0.769861
895	0.769861
896	0.769861
897	0.769861
898	0.769861
899	0.769861
900	0.769861
901	0.769861
902	0.769861
903	0.769861
904	0.769861
905	0.769861
906	0.769861
907	0.769861
908	0.769861
909	0.769861
910	0.769861
911	0.769861
912	0.769861
913	0.769861
914	0.769861
915	0.769861
916	0.769861
917	0.769861
918	0.769861
919	0.769861
920	0.769861
921	0.769861
922	0.769861
923	0.769861
924	0.769861
925	0.769861
926	0.769861
927	0.769861
928	0.769861
929	0.769861
930	0.769861
931	0.769861
932	0.769861
933	0.769861
934	0.769861
935	0.769861
936	0.769861
937	0.769861
938	0.769861
939	0.769861
940	0.769861
941	0.769861
942	0.769861
943	0.769861
944	0.769861
945	0.769861
946	0.769861
947	0.769861
948	0.769861
949	0.769861
950	0.769861
951	0.769861
952	0.769861
953	0.769861
954	0.769861
955	0.769861
956	0.769861
957	0.769861
958	0.769861
959	0.769861
960	0.769861
961	0.769861
962	0.769861
963	0.769861
964	0.769861
965	0.769861
966	0.769861
967	0.769861
968	0.769861
969	0.769861
970	0.769861
971	0.769861
972	0.769861
973	0.770293
974	0.770293
975	0.770293
976	0.770293
977	0.770293
978	0.770293
979	0.770293
980	0.770293
981	0.770293
982	0.770293
983	0.770293
984	0.770293
985	0.770293
986	0.770293
987	0.770293
988	0.770293
989	0.770293
990	0.770293
991	0.770293
992	0.770293
993	0.770293
994	0.770293
995	0.770293
996	0.773082
997	0.773082
998	0.773082
999	0.773082
1000	0.775927
1001	0.775927
1002	0.775927
1003	0.775927
1004	0.775927
1005	0.775927
1006	0.775927
1007	0.775927
1008	0.77689
1009	0.77689
1010	0.77689
1011	0.777392
1012	0.777392
1013	0.777392
1014	0.777392
1015	0.777392
1016	0.777392
1017	0.777392
1018	0.777392
1019	0.777392
1020	0.777392
1021	0.777392
1022	0.777392
1023	0.777392
1024	0.777392
1025	0.777392
1026	0.777392
1027	0.777601
1028	0.777601
1029	0.777601
1030	0.777601
1031	0.777601
1032	0.777601
1033	0.777601
1034	0.777601
1035	0.777601
1036	0.777601
1037	0.777601
1038	0.777601
1039	0.777601
1040	0.777601
1041	0.777601
1042	0.777601
1043	0.777601
1044	0.777601
1045	0.777601
1046	0.777601
1047	0.777601
1048	0.777601
1049	0.777601
1050	0.777601
1051	0.777601
1052	0.777601
1053	0.777601
1054	0.777601
1055	0.777601
1056	0.777601
1057	0.777601
1058	0.777601
1059	0.777601
1060	0.777601
1061	0.777601
1062	0.777601
1063	0.777601
1064	0.777601
1065	0.777601
1066	0.777601
1067	0.777601
1068	0.777601
1069	0.777601
1070	0.777601
1071	0.777601
1072	0.777601
1073	0.777601
1074	0.777601
1075	0.777601
1076	0.777601
1077	0.777601
1078	0.777601
1079	0.777601
1080	0.777601
1081	0.777601
1082	0.777601
1083	0.777601
1084	0.777601
1085	0.777601
1086	0.777601
1087	0.777601
1088	0.777601
1089	0.777601
1090	0.777601
1091	0.777601
1092	0.777601
1093	0.777601
1094	0.777601
1095	0.777601
1096	0.777601
1097	0.777601
1098	0.777601
1099	0.777601
1100	0.777601
1101	0.777601
1102	0.777601
1103	0.777601
1104	0.777601
1105	0.777601
1106	0.777601
1107	0.777601
1108	0.777601
1109	0.777601
1110	0.777601
1111	0.777601
1112	0.777601
1113	0.777601
1114	0.777601
1115	0.777601
1116	0.777601
1117	0.777601
1118	0.777601
1119	0.777601
1120	0.777601
1121	0.777601
1122	0.777601
1123	0.777601
1124	0.777601
1125	0.777601
1126	0.777601
1127	0.777601
1128	0.777601
1129	0.777601
1130	0.777601
1131	0.777601
1132	0.777601
1133	0.777601
1134	0.777601
1135	0.777601
1136	0.777601
1137	0.777601
1138	0.777601
1139	0.777601
1140	0.777601
1141	0.777601
1142	0.777601
1143	0.777601
1144	0.777601
1145	0.777601
1146	0.777601
1147	0.777601
1148	0.777601
1149	0.777601
1150	0.777601
1151	0.777601
1152	0.777601
1153	0.777601
1154	0.777601
1155	0.777601
1156	0.777601
1157	0.777601
1158	0.777601
1159	0.777601
1160	0.777601
1161	0.777601
1162	0.777601
1163	0.777601
1164	0.777601
1165	0.777601
1166	0.777601
1167	0.777601
1168	0.777601
1169	0.777601
1170	0.777601
1171	0.777601
1172	0.777601
1173	0.777601
1174	0.777601
1175	0.777601
1176	0.777601
1177	0.777601
1178	0.777601
1179	0.777601
1180	0.777601
1181	0.777601
1182	0.777601
1183	0.777601
1184	0.777601
1185	0.777601
1186	0.777601
1187	0.777601
1188	0.777601
1189	0.777601
1190	0.777601
1191	0.777601
1192	0.777601
1193	0.777601
1194	0.777601
1195	0.777601
1196	0.777601
1197	0.777601
1198	0.777601
1199	0.777601
1200	0.777601
1201	0.777601
1202	0.777601
1203	0.777601
1204	0.777601
1205	0.777601
1206	0.777601
1207	0.777601
1208	0.777601
1209	0.777601
1210	0.777601
1211	0.777601
1212	0.777601
1213	0.777601
1214	0.777601
1215	0.777601
1216	0.778271
1217	0.778271
1218	0.778271
1219	0.778271
1220	0.778271
1221	0.778271
1222	0.778271
1223	0.778271
1224	0.778271
1225	0.778271
1226	0.778271
1227	0.778271
1228	0.778271
1229	0.778271
1230	0.778271
1231	0.778271
1232	0.778271
1233	0.778271
1234	0.778271
1235	0.778271
1236	0.778271
1237	0.778271
1238	0.778271
1239	0.778271
1240	0.778271
1241	0.778271
1242	0.778271
1243	0.778271
1244	0.778271
1245	0.778271
1246	0.778271
1247	0.778271
1248	0.778271
1249	0.778271
1250	0.778271
1251	0.778271
1252	0.778271
1253	0.778271
1254	0.778271
1255	0.778271
1256	0.778271
1257	0.778271
1258	0.778271
1259	0.778271
1260	0.778271
1261	0.778271
1262	0.778271
1263	0.778271
1264	0.778271
1265	0.778271
1266	0.778271
1267	0.778271
1268	0.778271
1269	0.778271
1270	0.778271
1271	0.778271
1272	0.778271
1273	0.778271
1274	0.778271
1275	0.778271
1276	0.778271
1277	0.778271
1278	0.778271
1279	0.781911
1280	0.781911
1281	0.781911
1282	0.781911
1283	0.781911
1284	0.781911
1285	0.781911
1286	0.781911
1287	0.781911
1288	0.781911
1289	0.781911
1290	0.781911
1291	0.781911
1292	0.781911
1293	0.78219
1294	0.78219
1295	0.78219
1296	0.78219
1297	0.78219
1298	0.78219
1299	0.78219
1300	0.78219
1301	0.78219
1302	0.78219
1303	0.78219
1304	0.78219
1305	0.78219
1306	0.78219
1307	0.78219
1308	0.78219
1309	0.78219
1310	0.78219
1311	0.78219
1312	0.78219
1313	0.78219
1314	0.78219
1315	0.78219
1316	0.78219
1317	0.78219
1318	0.78219
1319	0.78219
1320	0.78219
1321	0.78219
1322	0.78219
1323	0.78219
1324	0.78219
1325	0.78219
1326	0.78219
1327	0.78219
1328	0.78219
1329	0.78219
1330	0.78219
1331	0.78219
1332	0.78219
1333	0.78219
1334	0.78219
1335	0.78219
1336	0.78219
1337	0.78219
1338	0.78219
1339	0.78219
1340	0.78219
1341	0.78219
1342	0.78219
1343	0.78219
1344	0.78219
1345	0.78219
1346	0.78219
1347	0.78219
1348	0.78219
1349	0.78219
1350	0.78219
1351	0.78219
1352	0.78219
1353	0.78219
1354	0.78219
1355	0.78219
1356	0.78219
1357	0.78219
1358	0.78219
1359	0.78219
1360	0.78219
1361	0.78219
1362	0.78219
1363	0.78219
1364	0.78219
1365	0.78219
1366	0.78219
1367	0.78219
1368	0.78219
1369	0.78219
1370	0.78219
1371	0.78219
1372	0.78219
1373	0.78219
1374	0.78219
1375	0.78219
1376	0.78219
1377	0.78219
1378	0.78219
1379	0.78219
1380	0.78219
1381	0.78219
1382	0.78219
1383	0.78219
1384	0.78219
1385	0.78219
1386	0.78219
1387	0.78219
1388	0.78219
1389	0.78219
1390	0.78219
1391	0.78219
1392	0.78219
1393	0.78219
1394	0.78219
1395	0.78219
1396	0.78219
1397	0.78219
1398	0.78219
1399	0.78219
1400	0.78219
1401	0.78219
1402	0.78219
1403	0.78219
1404	0.78219
1405	0.78219
1406	0.78219
1407	0.78219
1408	0.78219
1409	0.78219
1410	0.78219
1411	0.78219
1412	0.78219
1413	0.78219
1414	0.78219
1415	0.78219
1416	0.78219
1417	0.78219
1418	0.78219
1419	0.78219
1420	0.78219
1421	0.78219
1422	0.78219
1423	0.78219
1424	0.78219
1425	0.78219
1426	0.78219
1427	0.78219
1428	0.78219
1429	0.78219
1430	0.78219
1431	0.78219
1432	0.78219
1433	0.78219
1434	0.78219
1435	0.78219
1436	0.78219
1437	0.78219
1438	0.78219
1439	0.78219
1440	0.78219
1441	0.78219
1442	0.78219
1443	0.78219
1444	0.78219
1445	0.78219
1446	0.78219
1447	0.78219
1448	0.78219
1449	0.78219
1450	0.78219
1451	0.78219
1452	0.78219
1453	0.78219
1454	0.78219
1455	0.78219
1456	0.78219
1457	0.78219
1458	0.78219
1459	0.78219
1460	0.78219
1461	0.78219
1462	0.78219
1463	0.78219
1464	0.78219
1465	0.78219
1466	0.78219
1467	0.78219
1468	0.78219
1469	0.78219
1470	0.78219
1471	0.78219
1472	0.78219
1473	0.78219
1474	0.78219
1475	0.78219
1476	0.78219
1477	0.78219
1478	0.78219
1479	0.78219
1480	0.78219
1481	0.78219
1482	0.78219
1483	0.78219
1484	0.78219
1485	0.78219
1486	0.78219
1487	0.78219
1488	0.78219
1489	0.78219
1490	0.78219
1491	0.78219
1492	0.78219
1493	0.78219
1494	0.78219
1495	0.78219
1496	0.78219
1497	0.78219
1498	0.78219
1499	0.78219
1500	0.78219
1501	0.78219
1502	0.78219
1503	0.78219
1504	0.78219
1505	0.78219
1506	0.78219
1507	0.78219
1508	0.78219
1509	0.78219
1510	0.78219
1511	0.78219
1512	0.78219
1513	0.78219
1514	0.78219
1515	0.78219
1516	0.78219
1517	0.78219
1518	0.78219
1519	0.78219
1520	0.78219
1521	0.78219
1522	0.78219
1523	0.78219
1524	0.78219
1525	0.78219
1526	0.78219
1527	0.78219
1528	0.78219
1529	0.78219
1530	0.78219
1531	0.78219
1532	0.78219
1533	0.78219
1534	0.78219
1535	0.78219
1536	0.78219
1537	0.78219
1538	0.78219
1539	0.78219
1540	0.78219
1541	0.78219
1542	0.78219
1543	0.78219
1544	0.78219
1545	0.78219
1546	0.78219
1547	0.78219
1548	0.78219
1549	0.78219
1550	0.78219
1551	0.78219
1552	0.78219
1553	0.78219
1554	0.78219
1555	0.78219
1556	0.78219
1557	0.78219
1558	0.78219
1559	0.78219
1560	0.78219
1561	0.78219
1562	0.78219
1563	0.78219
1564	0.78219
1565	0.78219
1566	0.78219
1567	0.78219
1568	0.78219
1569	0.78219
1570	0.78219
1571	0.78219
1572	0.78219
1573	0.78219
1574	0.78219
1575	0.78219
1576	0.78219
1577	0.78219
1578	0.78219
1579	0.78219
1580	0.78219
1581	0.78219
1582	0.78219
1583	0.78219
1584	0.78219
1585	0.78219
1586	0.78219
1587	0.78219
1588	0.78219
1589	0.78219
1590	0.78219
1591	0.78219
1592	0.78219
1593	0.78219
1594	0.78219
1595	0.78219
1596	0.78219
1597	0.78219
1598	0.78219
1599	0.78219
1600	0.78219
1601	0.78219
1602	0.78219
1603	0.78219
1604	0.78219
1605	0.78219
1606	0.78219
1607	0.78219
1608	0.78219
1609	0.78219
1610	0.78219
1611	0.78219
1612	0.78219
1613	0.78219
1614	0.78219
1615	0.78219
1616	0.78219
1617	0.78219
1618	0.78219
1619	0.78219
1620	0.78219
1621	0.78219
1622	0.78219
1623	0.78219
1624	0.78219
1625	0.78219
1626	0.78219
1627	0.78219
1628	0.78219
1629	0.78219
1630	0.78219
1631	0.78219
1632	0.78219
1633	0.78219
1634	0.78219
1635	0.78219
1636	0.78219
1637	0.78219
1638	0.78219
1639	0.78219
1640	0.78219
1641	0.78219
1642	0.78219
1643	0.78219
1644	0.78219
1645	0.78219
1646	0.78219
1647	0.78219
1648	0.78219
1649	0.78219
1650	0.78219
1651	0.78219
1652	0.78219
1653	0.78219
1654	0.78219
1655	0.78219
1656	0.78219
1657	0.78219
1658	0.78219
1659	0.78219
1660	0.78219
1661	0.78219
1662	0.78219
1663	0.78219
1664	0.78219
1665	0.78219
1666	0.78219
1667	0.78219
1668	0.78219
1669	0.78219
1670	0.78219
1671	0.78219
1672	0.78219
1673	0.78219
1674	0.78219
1675	0.78219
1676	0.78219
1677	0.78219
1678	0.78219
1679	0.78219
1680	0.78219
1681	0.78219
1682	0.78219
1683	0.78219
1684	0.78219
1685	0.78219
1686	0.78219
1687	0.78219
1688	0.78219
1689	0.78219
1690	0.78219
1691	0.78219
1692	0.78219
1693	0.78219
1694	0.78219
1695	0.78219
1696	0.78219
1697	0.78219
1698	0.78219
1699	0.78219
1700	0.78219
1701	0.78219
1702	0.78219
1703	0.78219
1704	0.78219
1705	0.78219
1706	0.78219
1707	0.78219
1708	0.78219
1709	0.78219
1710	0.78219
1711	0.78219
1712	0.78219
1713	0.78219
1714	0.78219
1715	0.78219
1716	0.78219
1717	0.78219
1718	0.78219
1719	0.78219
1720	0.78219
1721	0.78219
1722	0.78219
1723	0.78219
1724	0.78219
1725	0.78219
1726	0.78219
1727	0.78219
1728	0.78219
1729	0.78219
1730	0.78219
1731	0.78219
1732	0.78219
1733	0.78219
1734	0.78219
1735	0.78219
1736	0.78219
1737	0.78219
1738	0.78219
1739	0.78219
1740	0.78219
1741	0.78219
1742	0.78219
1743	0.78219
1744	0.78219
1745	0.78219
1746	0.78219
1747	0.78219
1748	0.78219
1749	0.78219
1750	0.78219
1751	0.78219
1752	0.78219
1753	0.78219
1754	0.78219
1755	0.78219
1756	0.78219
1757	0.78219
1758	0.78219
1759	0.78219
1760	0.78219
1761	0.78219
1762	0.78219
1763	0.78219
1764	0.78219
1765	0.78219
1766	0.78219
1767	0.78219
1768	0.78219
1769	0.78219
1770	0.78219
1771	0.78219
1772	0.78219
1773	0.78219
1774	0.78219
1775	0.78219
1776	0.78219
1777	0.78219
1778	0.78219
1779	0.78219
1780	0.78219
1781	0.78219
1782	0.78219
1783	0.78219
1784	0.78219
1785	0.78219
1786	0.78219
1787	0.78219
1788	0.78219
1789	0.78219
1790	0.78219
1791	0.78219
1792	0.78219
1793	0.78219
1794	0.78219
1795	0.78219
1796	0.78219
1797	0.78219
1798	0.78219
1799	0.78219
1800	0.78219
1801	0.78219
1802	0.78219
1803	0.78219
1804	0.78219
1805	0.78219
1806	0.78219
1807	0.78219
1808	0.78219
1809	0.78219
1810	0.78219
1811	0.78219
1812	0.78219
1813	0.78219
1814	0.78219
1815	0.78219
1816	0.78219
1817	0.78219
1818	0.78219
1819	0.78219
1820	0.78219
1821	0.78219
1822	0.78219
1823	0.78219
1824	0.78219
1825	0.78219
1826	0.78219
1827	0.78219
1828	0.78219
1829	0.78219
1830	0.78219
1831	0.78219
1832	0.78219
1833	0.78219
1834	0.78219
1835	0.78219
1836	0.78219
1837	0.78219
1838	0.78219
1839	0.78219
1840	0.78219
1841	0.78219
1842	0.78219
1843	0.78219
1844	0.78219
1845	0.78219
1846	0.78219
1847	0.78219
1848	0.78219
1849	0.78219
1850	0.78219
1851	0.78219
1852	0.78219
1853	0.78219
1854	0.78219
1855	0.78219
1856	0.78219
1857	0.78219
1858	0.78219
1859	0.78219
1860	0.78219
1861	0.78219
1862	0.78219
1863	0.78219
1864	0.78219
1865	0.78219
1866	0.78219
1867	0.78219
1868	0.78219
1869	0.78219
1870	0.78219
1871	0.78219
1872	0.78219
1873	0.78219
1874	0.78219
1875	0.78219
1876	0.78219
1877	0.78219
1878	0.78219
1879	0.78219
1880	0.78219
1881	0.78219
1882	0.78219
1883	0.78219
1884	0.78219
1885	0.78219
1886	0.78219
1887	0.78219
1888	0.78219
1889	0.78219
1890	0.78219
1891	0.78219
1892	0.78219
1893	0.78219
1894	0.78219
1895	0.78219
1896	0.78219
1897	0.78219
1898	0.78219
1899	0.78219
1900	0.78219
1901	0.78219
1902	0.78219
1903	0.78219
1904	0.78219
1905	0.78219
1906	0.78219
1907	0.78219
1908	0.78219
1909	0.78219
1910	0.78219
1911	0.78219
1912	0.78219
1913	0.78219
1914	0.78219
1915	0.78219
1916	0.78219
1917	0.78219
1918	0.78219
1919	0.78219
1920	0.78219
1921	0.78219
1922	0.78219
1923	0.78219
1924	0.78219
1925	0.78219
1926	0.78219
1927	0.78219
1928	0.78219
1929	0.78219
1930	0.78219
1931	0.78219
1932	0.78219
1933	0.78219
1934	0.78219
1935	0.78219
1936	0.78219
1937	0.78219
1938	0.78219
1939	0.78219
1940	0.78219
1941	0.78219
1942	0.78219
1943	0.78219
1944	0.78219
1945	0.78219
1946	0.78219
1947	0.78219
1948	0.78219
1949	0.78219
1950	0.78219
1951	0.78219
1952	0.78219
1953	0.78219
1954	0.78219
1955	0.78219
1956	0.78219
1957	0.78219
1958	0.78219
1959	0.78219
1960	0.78219
1961	0.78219
1962	0.78219
1963	0.78219
1964	0.78219
1965	0.78219
1966	0.78219
1967	0.78219
1968	0.78219
1969	0.78219
1970	0.78219
1971	0.78219
1972	0.78219
1973	0.78219
1974	0.78219
1975	0.78219
1976	0.78219
1977	0.78219
1978	0.78219
1979	0.78219
1980	0.78219
1981	0.78219
1982	0.78219
1983	0.78219
1984	0.78219
1985	0.78219
1986	0.78219
1987	0.78219
1988	0.78219
1989	0.78219
1990	0.78219
1991	0.78219
1992	0.78219
1993	0.78219
1994	0.78219
1995	0.783096
1996	0.783096
1997	0.783096
1998	0.783096
1999	0.783096
2000	0.783096
2001	0.783096
2002	0.783096
2003	0.783096
2004	0.783096
2005	0.783096
2006	0.783096
2007	0.783096
2008	0.783096
2009	0.783096
2010	0.783096
2011	0.783096
2012	0.783096
2013	0.783096
2014	0.783096
2015	0.783096
2016	0.783347
2017	0.783347
2018	0.783347
2019	0.783347
2020	0.783347
2021	0.783347
2022	0.783347
2023	0.783347
2024	0.783347
2025	0.783347
2026	0.783347
2027	0.783347
2028	0.783347
2029	0.783347
2030	0.783347
2031	0.783347
2032	0.783347
2033	0.783347
2034	0.783347
2035	0.783347
2036	0.783347
2037	0.783347
2038	0.783347
2039	0.783347
2040	0.783347
2041	0.783347
2042	0.783347
2043	0.783347
2044	0.783347
2045	0.783347
2046	0.783347
2047	0.783347
2048	0.783347
2049	0.783347
2050	0.783347
2051	0.783347
2052	0.783347
2053	0.783347
2054	0.783347
2055	0.783347
2056	0.783347
2057	0.783347
2058	0.783347
2059	0.783347
2060	0.783347
2061	0.783347
2062	0.783347
2063	0.783347
2064	0.783347
2065	0.783347
2066	0.783347
2067	0.788187
2068	0.788187
2069	0.788187
2070	0.788187
2071	0.788187
2072	0.788187
2073	0.788187
2074	0.788187
2075	0.788187
2076	0.788187
2077	0.788187
2078	0.788187
2079	0.788187
2080	0.788187
2081	0.788187
2082	0.788187
2083	0.788187
2084	0.788187
2085	0.788187
2086	0.788187
2087	0.788187
2088	0.788187
2089	0.788187
2090	0.788187
2091	0.788187
2092	0.788187
2093	0.788187
2094	0.788187
2095	0.788187
2096	0.788187
2097	0.788187
2098	0.788187
2099	0.788187
2100	0.788187
2101	0.788187
2102	0.788187
2103	0.788187
2104	0.788187
2105	0.788187
2106	0.788187
2107	0.788187
2108	0.788187
2109	0.788187
2110	0.788187
2111	0.788187
2112	0.788187
2113	0.788187
2114	0.788187
2115	0.788187
2116	0.788187
2117	0.788187
2118	0.788187
2119	0.788187
2120	0.788187
2121	0.788187
2122	0.788187
2123	0.788187
2124	0.788187
2125	0.788187
2126	0.788187
2127	0.788187
2128	0.788187
2129	0.788187
2130	0.788187
2131	0.788187
2132	0.788187
2133	0.788187
2134	0.788187
2135	0.788187
2136	0.788187
2137	0.788187
2138	0.788187
2139	0.788187
2140	0.788187
2141	0.788187
2142	0.79007
2143	0.79007
2144	0.791423
2145	0.791423
2146	0.791423
2147	0.791423
2148	0.791423
2149	0.791423
2150	0.791423
2151	0.791423
2152	0.791423
2153	0.791423
2154	0.791423
2155	0.791423
2156	0.791423
2157	0.791423
2158	0.791423
2159	0.791423
2160	0.791423
2161	0.791423
2162	0.791423
2163	0.791423
2164	0.791423
2165	0.791423
2166	0.791423
2167	0.791423
2168	0.791423
2169	0.791423
2170	0.791423
2171	0.791423
2172	0.791423
2173	0.791423
2174	0.791423
2175	0.791423
2176	0.791423
2177	0.791423
2178	0.791423
2179	0.791423
2180	0.791423
2181	0.791423
2182	0.791423
2183	0.791423
2184	0.791423
2185	0.791423
2186	0.791423
2187	0.791423
2188	0.791423
2189	0.791423
2190	0.791423
2191	0.791423
2192	0.791423
2193	0.791423
2194	0.791423
2195	0.791423
2196	0.791423
2197	0.791423
2198	0.791423
2199	0.791423
2200	0.791423
2201	0.791423
2202	0.791423
2203	0.791423
2204	0.791423
2205	0.791423
2206	0.791423
2207	0.791423
2208	0.791423
2209	0.791423
2210	0.791423
2211	0.791423
2212	0.791423
2213	0.791423
2214	0.791423
2215	0.791423
2216	0.791423
2217	0.791423
2218	0.791423
2219	0.791423
2220	0.791423
2221	0.791423
2222	0.791423
2223	0.791423
2224	0.791423
2225	0.791423
2226	0.791423
2227	0.791423
2228	0.791423
2229	0.791423
2230	0.791423
2231	0.791423
2232	0.791423
2233	0.791423
2234	0.791423
2235	0.791423
2236	0.791423
2237	0.791423
2238	0.791423
2239	0.791423
2240	0.791423
2241	0.791423
2242	0.791423
2243	0.791423
2244	0.791423
2245	0.791423
2246	0.791423
2247	0.791423
2248	0.791423
2249	0.791423
2250	0.791423
2251	0.791423
2252	0.791423
2253	0.791423
2254	0.791423
2255	0.791423
2256	0.791423
2257	0.791423
2258	0.791423
2259	0.791423
2260	0.791423
2261	0.791423
2262	0.791423
2263	0.791423
2264	0.791423
2265	0.791423
2266	0.791423
2267	0.791423
2268	0.791423
2269	0.791423
2270	0.791423
2271	0.791423
2272	0.791423
2273	0.794909
2274	0.794909
2275	0.794909
2276	0.794909
2277	0.794909
2278	0.794909
2279	0.794909
2280	0.794909
2281	0.794909
2282	0.794909
2283	0.794909
2284	0.794909
2285	0.794909
2286	0.794909
2287	0.794909
2288	0.794909
2289	0.794909
2290	0.794909
2291	0.794909
2292	0.794909
2293	0.794909
2294	0.794909
2295	0.794909
2296	0.794909
2297	0.794909
2298	0.794909
2299	0.794909
2300	0.794909
2301	0.794909
2302	0.794909
2303	0.803124
2304	0.803124
2305	0.803124
2306	0.803124
2307	0.803124
2308	0.803124
2309	0.803124
2310	0.803124
2311	0.803124
2312	0.803124
2313	0.803124
2314	0.803124
2315	0.803124
2316	0.803124
2317	0.803124
2318	0.803124
2319	0.803124
2320	0.803124
2321	0.803124
2322	0.803124
2323	0.803124
2324	0.803124
2325	0.803124
2326	0.803124
2327	0.803124
2328	0.803124
2329	0.803124
2330	0.803124
2331	0.803124
2332	0.803124
2333	0.803124
2334	0.803124
2335	0.803124
2336	0.803124
2337	0.803124
2338	0.803124
2339	0.803124
2340	0.803124
2341	0.803124
2342	0.803124
2343	0.803124
2344	0.803124
2345	0.803124
2346	0.803124
2347	0.803124
2348	0.803124
2349	0.803124
2350	0.803124
2351	0.803124
2352	0.803124
2353	0.803124
2354	0.803124
2355	0.803124
2356	0.803124
2357	0.803124
2358	0.803124
2359	0.803124
2360	0.803124
2361	0.803124
2362	0.806444
2363	0.806444
2364	0.806444
2365	0.806444
2366	0.812259
2367	0.812259
2368	0.812259
2369	0.812259
2370	0.812259
2371	0.812259
2372	0.813208
2373	0.813208
2374	0.813208
2375	0.813208
2376	0.813208
2377	0.814672
2378	0.814672
2379	0.814672
2380	0.816764
2381	0.816764
2382	0.816764
2383	0.818647
2384	0.818647
2385	0.818647
2386	0.818647
2387	0.818647
2388	0.818647
2389	0.818647
2390	0.818647
2391	0.818647
2392	0.818647
2393	0.818647
2394	0.818647
2395	0.818647
2396	0.818647
2397	0.818647
2398	0.818647
2399	0.818647
2400	0.818647
2401	0.818647
2402	0.818647
2403	0.818647
2404	0.818647
2405	0.818647
2406	0.818647
2407	0.818647
2408	0.818647
2409	0.818647
2410	0.818647
2411	0.818647
2412	0.818647
2413	0.818647
2414	0.818647
2415	0.824282
2416	0.82431
2417	0.82431
2418	0.82431
2419	0.82431
2420	0.82431
2421	0.82431
2422	0.82431
2423	0.82431
2424	0.82431
2425	0.82431
2426	0.82431
2427	0.82431
2428	0.82431
2429	0.82431
2430	0.824993
2431	0.824993
2432	0.824993
2433	0.824993
2434	0.824993
2435	0.824993
2436	0.824993
2437	0.824993
2438	0.824993
2439	0.824993
2440	0.824993
2441	0.824993
2442	0.824993
2443	0.824993
2444	0.824993
2445	0.824993
2446	0.824993
2447	0.824993
2448	0.824993
2449	0.824993
2450	0.824993
2451	0.824993
2452	0.824993
2453	0.824993
2454	0.824993
2455	0.825774
2456	0.825774
2457	0.825774
2458	0.825774
2459	0.825774
2460	0.825774
2461	0.825774
2462	0.825774
2463	0.825774
2464	0.825774
2465	0.825774
2466	0.825774
2467	0.825774
2468	0.825774
2469	0.825774
2470	0.825774
2471	0.825774
2472	0.827197
2473	0.827197
2474	0.827197
2475	0.827197
2476	0.827197
2477	0.827197
2478	0.827685
2479	0.827685
2480	0.827685
2481	0.827685
2482	0.827685
2483	0.827685
2484	0.827685
2485	0.827685
2486	0.827685
2487	0.827685
2488	0.827685
2489	0.827685
2490	0.827685
2491	0.827685
2492	0.827685
2493	0.827685
2494	0.827685
2495	0.827685
2496	0.827685
2497	0.827685
2498	0.827685
2499	0.827685
2500	0.827685
2501	0.827685
2502	0.827685
2503	0.827685
2504	0.827685
2505	0.827685
2506	0.827685
2507	0.827685
2508	0.827685
2509	0.827685
2510	0.827685
2511	0.827685
2512	0.827685
2513	0.827685
2514	0.827685
2515	0.827685
2516	0.827685
2517	0.827685
2518	0.827685
2519	0.827685
2520	0.827685
2521	0.827685
2522	0.827685
2523	0.827685
2524	0.827685
2525	0.827685
2526	0.827685
2527	0.827685
2528	0.827685
2529	0.827685
2530	0.827685
2531	0.827685
2532	0.827685
2533	0.827685
2534	0.827685
2535	0.827685
2536	0.827685
2537	0.827685
2538	0.827685
2539	0.827685
2540	0.827685
2541	0.827685
2542	0.827685
2543	0.827685
2544	0.827685
2545	0.827685
2546	0.827685
2547	0.827685
2548	0.827685
2549	0.827685
2550	0.827685
2551	0.827685
2552	0.827685
2553	0.827685
2554	0.827685
2555	0.827685
2556	0.827685
2557	0.827685
2558	0.827685
2559	0.827685
2560	0.827685
2561	0.827685
2562	0.827685
2563	0.827685
2564	0.827685
2565	0.827685
2566	0.829916
2567	0.829916
2568	0.829916
2569	0.829916
2570	0.829916
2571	0.829916
2572	0.829916
2573	0.829916
2574	0.829916
2575	0.830139
2576	0.830139
2577	0.830139
2578	0.830139
2579	0.830139
2580	0.830139
2581	0.830139
2582	0.830139
2583	0.830139
2584	0.830139
2585	0.830139
2586	0.830139
2587	0.830139
2588	0.830139
2589	0.830139
2590	0.830139
2591	0.830139
2592	0.830139
2593	0.830139
2594	0.830139
2595	0.830139
2596	0.830139
2597	0.830139
2598	0.830139
2599	0.830139
2600	0.830139
2601	0.830139
2602	0.830139
2603	0.830139
2604	0.830139
2605	0.830139
2606	0.830139
2607	0.830139
2608	0.830139
2609	0.830139
2610	0.830139
2611	0.830139
2612	0.830139
2613	0.830139
2614	0.830139
2615	0.830139
2616	0.830139
2617	0.830139
2618	0.830139
2619	0.830139
2620	0.830139
2621	0.830139
2622	0.830139
2623	0.830139
2624	0.830139
2625	0.830139
2626	0.830139
2627	0.830139
2628	0.830139
2629	0.830139
2630	0.830139
2631	0.830139
2632	0.830139
2633	0.830139
2634	0.830139
2635	0.830139
2636	0.830139
2637	0.830139
2638	0.830139
2639	0.830139
2640	0.830139
2641	0.830139
2642	0.830139
2643	0.830139
2644	0.830139
2645	0.830139
2646	0.830139
2647	0.830139
2648	0.830139
2649	0.830139
2650	0.830139
2651	0.830139
2652	0.830139
2653	0.831562
2654	0.831562
2655	0.831562
2656	0.845565
2657	0.845565
2658	0.845565
2659	0.846053
2660	0.846053
2661	0.846053
2662	0.846053
2663	0.846053
2664	0.846053
2665	0.846053
2666	0.846053
2667	0.846053
2668	0.846053
2669	0.846053
2670	0.846053
2671	0.846053
2672	0.846053
2673	0.846053
2674	0.846053
2675	0.846053
2676	0.846053
2677	0.846053
2678	0.846053
2679	0.846053
2680	0.846053
2681	0.846053
2682	0.850209
2683	0.850209
2684	0.850209
2685	0.850209
2686	0.850209
2687	0.850209
2688	0.850209
2689	0.850209
2690	0.850209
2691	0.850209
2692	0.850209
2693	0.850209
2694	0.850209
2695	0.850209
2696	0.850209
2697	0.850209
2698	0.850209
2699	0.850209
2700	0.850209
2701	0.850209
2702	0.850209
2703	0.850209
2704	0.850209
2705	0.850669
2706	0.850669
2707	0.850669
2708	0.850669
2709	0.850669
2710	0.850669
2711	0.850669
2712	0.850669
2713	0.850669
2714	0.850669
2715	0.850669
2716	0.850669
2717	0.850669
2718	0.850669
2719	0.850669
2720	0.850669
2721	0.850669
2722	0.850669
2723	0.850669
2724	0.850669
2725	0.858968
2726	0.858968
2727	0.858968
2728	0.858968
2729	0.858968
2730	0.858968
2731	0.858968
2732	0.858968
2733	0.858968
2734	0.858968
2735	0.858968
2736	0.858968
2737	0.858968
2738	0.858968
2739	0.858968
2740	0.858968
2741	0.858968
2742	0.858968
2743	0.858968
2744	0.858968
2745	0.858968
2746	0.858968
2747	0.858968
2748	0.858968
2749	0.858968
2750	0.858968
2751	0.858968
2752	0.858968
2753	0.858968
2754	0.858968
2755	0.858968
2756	0.858968
2757	0.858968
2758	0.858968
2759	0.858968
2760	0.858968
2761	0.858968
2762	0.858968
2763	0.869805
2764	0.869805
2765	0.869805
2766	0.869805
2767	0.869805
2768	0.869805
2769	0.869805
2770	0.869805
2771	0.869805
2772	0.869805
2773	0.869805
2774	0.869805
2775	0.869805
2776	0.869805
2777	0.869805
2778	0.869805
2779	0.869805
2780	0.870697
2781	0.870697
2782	0.870697
2783	0.870697
2784	0.870697
2785	0.870697
2786	0.870697
2787	0.870697
2788	0.870697
2789	0.870697
2790	0.870697
2791	0.870697
2792	0.870697
2793	0.870697
2794	0.870697
2795	0.870697
2796	0.870697
2797	0.872887
2798	0.872887
2799	0.872887
2800	0.872887
2801	0.872887
2802	0.872887
2803	0.872887
2804	0.872887
2805	0.872887
2806	0.872887
2807	0.872887
2808	0.872887
2809	0.872887
2810	0.872887
2811	0.872887
2812	0.872887
2813	0.872887
2814	0.872887
2815	0.872887
2816	0.872887
2817	0.872887
2818	0.872887
2819	0.872887
2820	0.872887
2821	0.872887
2822	0.872887
2823	0.872887
2824	0.872887
2825	0.872887
2826	0.872887
2827	0.872887
2828	0.872887
2829	0.872887
2830	0.872887
2831	0.872887
2832	0.872887
2833	0.872887
2834	0.872887
2835	0.872887
2836	0.872887
2837	0.872887
2838	0.872887
2839	0.872887
2840	0.872887
2841	0.872887
2842	0.872887
2843	0.872887
2844	0.872887
2845	0.872887
2846	0.872887
2847	0.875174
2848	0.875174
2849	0.875174
2850	0.875174
2851	0.875174
2852	0.875174
2853	0.875174
2854	0.875174
2855	0.875174
2856	0.875174
2857	0.875174
2858	0.875174
2859	0.875174
2860	0.875174
2861	0.875174
2862	0.875174
2863	0.875174
2864	0.875174
2865	0.875174
2866	0.875174
2867	0.875174
2868	0.875174
2869	0.875174
2870	0.875174
2871	0.875174
2872	0.875174
2873	0.875174
2874	0.875174
2875	0.875174
2876	0.875174
2877	0.875174
2878	0.875174
2879	0.875174
2880	0.875174
2881	0.875174
2882	0.875174
2883	0.875174
2884	0.875174
2885	0.875174
2886	0.875174
2887	0.875174
2888	0.875174
2889	0.875174
2890	0.875174
2891	0.875174
2892	0.875174
2893	0.875174
2894	0.875174
2895	0.875174
2896	0.875174
2897	0.875174
2898	0.875174
2899	0.875174
2900	0.875174
2901	0.875174
2902	0.875174
2903	0.875174
2904	0.875174
2905	0.875174
2906	0.875174
2907	0.875174
2908	0.875174
2909	0.875174
2910	0.875174
2911	0.875174
2912	0.875174
2913	0.875174
2914	0.875174
2915	0.875174
2916	0.875174
2917	0.875174
2918	0.875174
2919	0.875174
2920	0.875174
2921	0.875174
2922	0.875174
2923	0.875174
2924	0.875174
2925	0.875174
2926	0.875174
2927	0.875174
2928	0.875174
2929	0.875174
2930	0.875174
2931	0.875174
2932	0.875174
2933	0.875174
2934	0.875174
2935	0.875174
2936	0.875174
2937	0.875174
2938	0.875174
2939	0.875174
2940	0.875174
2941	0.875174
2942	0.875174
2943	0.875174
2944	0.875174
2945	0.875174
2946	0.875174
2947	0.875174
2948	0.875174
2949	0.875174
2950	0.875174
2951	0.875174
2952	0.875174
2953	0.875174
2954	0.875174
2955	0.875174
2956	0.875174
2957	0.875174
2958	0.875174
2959	0.875174
2960	0.875174
2961	0.875174
2962	0.875174
2963	0.875174
2964	0.875174
2965	0.875174
2966	0.875174
2967	0.875174
2968	0.875174
2969	0.875174
2970	0.875174
2971	0.875174
2972	0.875174
2973	0.875174
2974	0.875174
2975	0.875174
2976	0.875174
2977	0.875174
2978	0.875174
2979	0.875174
2980	0.875174
2981	0.875174
2982	0.875174
2983	0.875174
2984	0.875174
2985	0.875174
2986	0.875174
2987	0.875174
2988	0.875174
2989	0.875174
2990	0.875174
2991	0.875174
2992	0.875174
2993	0.875174
2994	0.875174
2995	0.875174
2996	0.875174
2997	0.875174
2998	0.875174
2999	0.875174
3000	0.875174
3001	0.875174
3002	0.875174
3003	0.875174
3004	0.875174
3005	0.875174
3006	0.875174
3007	0.875174
3008	0.875174
3009	0.875174
3010	0.875174
3011	0.875174
3012	0.875174
3013	0.875174
3014	0.875174
3015	0.875174
3016	0.875174
3017	0.875174
3018	0.875174
3019	0.875174
3020	0.875174
3021	0.875174
3022	0.875174
3023	0.875174
3024	0.875174
3025	0.875174
3026	0.875174
3027	0.875174
3028	0.875174
3029	0.875174
3030	0.875174
3031	0.875174
3032	0.875174
3033	0.875174
3034	0.875174
3035	0.875174
3036	0.875174
3037	0.875174
3038	0.875174
3039	0.875174
3040	0.875174
3041	0.875174
3042	0.875174
3043	0.875174
3044	0.875174
3045	0.875174
3046	0.875174
3047	0.875174
3048	0.875174
3049	0.875174
3050	0.875174
3051	0.875174
3052	0.875174
3053	0.875174
3054	0.875174
3055	0.875174
3056	0.875174
3057	0.875174
3058	0.875174
3059	0.875174
3060	0.875174
3061	0.875174
3062	0.875174
3063	0.875174
3064	0.875174
3065	0.875174
3066	0.875174
3067	0.875174
3068	0.875174
3069	0.875174
3070	0.875174
3071	0.875174
3072	0.875174
3073	0.875174
3074	0.875174
3075	0.875174
3076	0.875174
3077	0.875174
3078	0.875174
3079	0.875174
3080	0.875174
3081	0.875174
3082	0.875174
3083	0.875174
3084	0.875174
3085	0.875174
3086	0.875174
3087	0.875174
3088	0.877992
3089	0.877992
3090	0.877992
3091	0.877992
3092	0.877992
3093	0.877992
3094	0.877992
3095	0.877992
3096	0.877992
3097	0.877992
3098	0.877992
3099	0.877992
3100	0.877992
3101	0.877992
3102	0.877992
3103	0.877992
3104	0.877992
3105	0.877992
3106	0.877992
3107	0.877992
3108	0.877992
3109	0.877992
3110	0.877992
3111	0.877992
3112	0.877992
3113	0.877992
3114	0.877992
3115	0.877992
3116	0.877992
3117	0.877992
3118	0.877992
3119	0.877992
3120	0.877992
3121	0.877992
3122	0.877992
3123	0.877992
3124	0.877992
3125	0.877992
3126	0.877992
3127	0.877992
3128	0.877992
3129	0.877992
3130	0.877992
3131	0.877992
3132	0.877992
3133	0.877992
3134	0.877992
3135	0.877992
3136	0.877992
3137	0.877992
3138	0.877992
3139	0.877992
3140	0.877992
3141	0.877992
3142	0.877992
3143	0.877992
3144	0.877992
3145	0.877992
3146	0.877992
3147	0.877992
3148	0.877992
3149	0.877992
3150	0.877992
3151	0.877992
3152	0.877992
3153	0.877992
3154	0.877992
3155	0.877992
3156	0.877992
3157	0.877992
3158	0.877992
3159	0.877992
3160	0.877992
3161	0.877992
3162	0.877992
3163	0.877992
3164	0.877992
3165	0.877992
3166	0.877992
3167	0.877992
3168	0.877992
3169	0.877992
3170	0.877992
3171	0.877992
3172	0.877992
3173	0.877992
3174	0.877992
3175	0.877992
3176	0.877992
3177	0.877992
3178	0.877992
3179	0.877992
3180	0.877992
3181	0.877992
3182	0.877992
3183	0.877992
3184	0.877992
3185	0.877992
3186	0.877992
3187	0.877992
3188	0.877992
3189	0.877992
3190	0.877992
3191	0.877992
3192	0.877992
3193	0.877992
3194	0.877992
3195	0.877992
3196	0.877992
3197	0.877992
3198	0.877992
3199	0.877992
3200	0.877992
3201	0.877992
3202	0.877992
3203	0.877992
3204	0.877992
3205	0.877992
3206	0.877992
3207	0.877992
3208	0.877992
3209	0.877992
3210	0.877992
3211	0.877992
3212	0.877992
3213	0.877992
3214	0.877992
3215	0.877992
3216	0.877992
3217	0.877992
3218	0.877992
3219	0.877992
3220	0.877992
3221	0.877992
3222	0.877992
3223	0.877992
3224	0.877992
3225	0.877992
3226	0.877992
3227	0.877992
3228	0.877992
3229	0.877992
3230	0.877992
3231	0.877992
3232	0.877992
3233	0.877992
3234	0.877992
3235	0.877992
3236	0.877992
3237	0.877992
3238	0.877992
3239	0.877992
3240	0.877992
3241	0.877992
3242	0.877992
3243	0.877992
3244	0.877992
3245	0.877992
3246	0.877992
3247	0.877992
3248	0.877992
3249	0.877992
3250	0.877992
3251	0.877992
3252	0.877992
3253	0.877992
3254	0.877992
3255	0.877992
3256	0.877992
3257	0.877992
3258	0.877992
3259	0.877992
3260	0.877992
3261	0.877992
3262	0.877992
3263	0.877992
3264	0.877992
3265	0.877992
3266	0.877992
3267	0.877992
3268	0.877992
3269	0.877992
3270	0.877992
3271	0.877992
3272	0.877992
3273	0.877992
3274	0.877992
3275	0.877992
3276	0.877992
3277	0.877992
3278	0.877992
3279	0.877992
3280	0.877992
3281	0.877992
3282	0.877992
3283	0.877992
3284	0.877992
3285	0.877992
3286	0.877992
3287	0.877992
3288	0.877992
3289	0.877992
3290	0.877992
3291	0.877992
3292	0.877992
3293	0.877992
3294	0.877992
3295	0.877992
3296	0.877992
3297	0.877992
3298	0.877992
3299	0.877992
3300	0.877992
3301	0.877992
3302	0.877992
3303	0.877992
3304	0.877992
3305	0.877992
3306	0.877992
3307	0.877992
3308	0.877992
3309	0.877992
3310	0.877992
3311	0.877992
3312	0.877992
3313	0.877992
3314	0.877992
3315	0.877992
3316	0.877992
3317	0.877992
3318	0.877992
3319	0.877992
3320	0.877992
3321	0.877992
3322	0.877992
3323	0.877992
3324	0.877992
3325	0.877992
3326	0.877992
3327	0.877992
3328	0.877992
3329	0.877992
3330	0.877992
3331	0.877992
3332	0.877992
3333	0.877992
3334	0.877992
3335	0.877992
3336	0.877992
3337	0.877992
3338	0.877992
3339	0.877992
3340	0.877992
3341	0.877992
3342	0.877992
3343	0.877992
3344	0.877992
3345	0.877992
3346	0.877992
3347	0.877992
3348	0.877992
3349	0.877992
3350	0.877992
3351	0.877992
3352	0.877992
3353	0.877992
3354	0.877992
3355	0.877992
3356	0.877992
3357	0.877992
3358	0.877992
3359	0.877992
3360	0.877992
3361	0.877992
3362	0.877992
3363	0.877992
3364	0.877992
3365	0.877992
3366	0.877992
3367	0.877992
3368	0.877992
3369	0.877992
3370	0.877992
3371	0.877992
3372	0.877992
3373	0.877992
3374	0.877992
3375	0.877992
3376	0.877992
3377	0.877992
3378	0.877992
3379	0.877992
3380	0.877992
3381	0.877992
3382	0.877992
3383	0.877992
3384	0.877992
3385	0.877992
3386	0.877992
3387	0.877992
3388	0.877992
3389	0.877992
3390	0.877992
3391	0.877992
3392	0.877992
3393	0.877992
3394	0.877992
3395	0.877992
3396	0.877992
3397	0.877992
3398	0.877992
3399	0.877992
3400	0.877992
3401	0.877992
3402	0.877992
3403	0.877992
3404	0.877992
3405	0.877992
3406	0.877992
3407	0.877992
3408	0.877992
3409	0.877992
3410	0.877992
3411	0.877992
3412	0.877992
3413	0.877992
3414	0.877992
3415	0.877992
3416	0.877992
3417	0.877992
3418	0.877992
3419	0.877992
3420	0.877992
3421	0.877992
3422	0.877992
3423	0.877992
3424	0.877992
3425	0.877992
3426	0.877992
3427	0.877992
3428	0.877992
3429	0.877992
3430	0.877992
3431	0.877992
3432	0.877992
3433	0.877992
3434	0.877992
3435	0.877992
3436	0.877992
3437	0.877992
3438	0.877992
3439	0.877992
3440	0.877992
3441	0.877992
3442	0.877992
3443	0.877992
3444	0.877992
3445	0.877992
3446	0.877992
3447	0.877992
3448	0.877992
3449	0.877992
3450	0.877992
3451	0.877992
3452	0.877992
3453	0.877992
3454	0.877992
3455	0.877992
3456	0.877992
3457	0.877992
3458	0.877992
3459	0.877992
3460	0.877992
3461	0.877992
3462	0.877992
3463	0.877992
3464	0.877992
3465	0.877992
3466	0.877992
3467	0.877992
3468	0.877992
3469	0.877992
3470	0.877992
3471	0.877992
3472	0.877992
3473	0.877992
3474	0.877992
3475	0.877992
3476	0.877992
3477	0.877992
3478	0.877992
3479	0.877992
3480	0.877992
3481	0.877992
3482	0.877992
3483	0.877992
3484	0.877992
3485	0.877992
3486	0.877992
3487	0.877992
3488	0.877992
3489	0.877992
3490	0.877992
3491	0.877992
3492	0.877992
3493	0.877992
3494	0.877992
3495	0.877992
3496	0.877992
3497	0.877992
3498	0.877992
3499	0.877992
3500	0.877992
3501	0.877992
3502	0.877992
3503	0.877992
3504	0.877992
3505	0.877992
3506	0.877992
3507	0.877992
3508	0.877992
3509	0.877992
3510	0.877992
3511	0.877992
3512	0.877992
3513	0.877992
3514	0.877992
3515	0.877992
3516	0.877992
3517	0.877992
3518	0.877992
3519	0.877992
3520	0.877992
3521	0.877992
3522	0.877992
3523	0.877992
3524	0.877992
3525	0.877992
3526	0.877992
3527	0.877992
3528	0.877992
3529	0.877992
3530	0.877992
3531	0.877992
3532	0.877992
3533	0.877992
3534	0.877992
3535	0.877992
3536	0.877992
3537	0.877992
3538	0.877992
3539	0.877992
3540	0.877992
3541	0.877992
3542	0.877992
3543	0.877992
3544	0.877992
3545	0.877992
3546	0.877992
3547	0.877992
3548	0.877992
3549	0.877992
3550	0.877992
3551	0.877992
3552	0.877992
3553	0.877992
3554	0.877992
3555	0.877992
3556	0.877992
3557	0.877992
3558	0.877992
3559	0.877992
3560	0.877992
3561	0.877992
3562	0.877992
3563	0.877992
3564	0.877992
3565	0.877992
3566	0.877992
3567	0.877992
3568	0.877992
3569	0.877992
3570	0.877992
3571	0.877992
3572	0.877992
3573	0.877992
3574	0.877992
3575	0.877992
3576	0.877992
3577	0.877992
3578	0.877992
3579	0.877992
3580	0.877992
3581	0.877992
3582	0.877992
3583	0.877992
3584	0.877992
3585	0.877992
3586	0.877992
3587	0.877992
3588	0.877992
3589	0.877992
3590	0.877992
3591	0.877992
3592	0.877992
3593	0.877992
3594	0.877992
3595	0.877992
3596	0.877992
3597	0.877992
3598	0.877992
3599	0.877992
3600	0.877992
3601	0.877992
3602	0.877992
3603	0.877992
3604	0.877992
3605	0.877992
3606	0.877992
3607	0.877992
3608	0.877992
3609	0.877992
3610	0.877992
3611	0.877992
3612	0.877992
3613	0.877992
3614	0.877992
3615	0.877992
3616	0.877992
3617	0.877992
3618	0.877992
3619	0.877992
3620	0.877992
3621	0.877992
3622	0.877992
3623	0.877992
3624	0.877992
3625	0.877992
3626	0.877992
3627	0.877992
3628	0.877992
3629	0.877992
3630	0.877992
3631	0.877992
3632	0.877992
3633	0.877992
3634	0.877992
3635	0.877992
3636	0.877992
3637	0.877992
3638	0.877992
3639	0.877992
3640	0.877992
3641	0.877992
3642	0.877992
3643	0.877992
3644	0.877992
3645	0.877992
3646	0.877992
3647	0.877992
3648	0.877992
3649	0.877992
3650	0.877992
3651	0.877992
3652	0.877992
3653	0.877992
3654	0.877992
3655	0.877992
3656	0.877992
3657	0.877992
3658	0.877992
3659	0.877992
3660	0.877992
3661	0.877992
3662	0.877992
3663	0.877992
3664	0.877992
3665	0.877992
3666	0.877992
3667	0.877992
3668	0.877992
3669	0.877992
3670	0.877992
3671	0.877992
3672	0.877992
3673	0.877992
3674	0.877992
3675	0.877992
3676	0.877992
3677	0.877992
3678	0.877992
3679	0.877992
3680	0.877992
3681	0.877992
3682	0.877992
3683	0.877992
3684	0.877992
3685	0.877992
3686	0.877992
3687	0.877992
3688	0.877992
3689	0.877992
3690	0.877992
3691	0.877992
3692	0.877992
3693	0.877992
3694	0.877992
3695	0.877992
3696	0.877992
3697	0.877992
3698	0.877992
3699	0.877992
3700	0.877992
