1706
1
1	1	2	1	1	00000011000001	10100100110011	00000101110100	0	0
1	2	2	1	2	11011010101000	01111011101010	00001111010011	0	0
1	3	2	1	3	10110111101111	11000001000010	10010110111110	0	0
1	4	3	1	4	11110110100110	00000001011001	01001110001010	0	1
1	5	2	2	1	10001111010011	00010111111110	00100010001110	0	0
1	6	2	2	2	10000100100011	10011010100010	00110101110100	0	0
1	7	2	2	3	00000000001010	10010010000001	10001100000010	0	0
1	8	1	2	4	10110010000111	00000000000000	11010000010110	0	1
1	9	2	3	1	10110001111111	01010100000100	11101001111111	0	0
1	10	1	3	2	01010100111011	10000000000000	01011011001101	0	0
1	11	1	3	3	00000100001010	01000000000000	10110111111011	0	0
1	12	2	3	4	01100010110011	11101001110011	10011110100110	0	1
1	13	2	4	1	00101000011010	10111011000110	11000100010001	0	0
1	14	1	4	2	10010110100000	11000000000000	00000100011010	0	0
1	15	3	4	3	01100111000010	00011000001001	01000001000110	0	0
1	16	2	4	4	01001001111100	00010001000111	11010011100110	0	1
1	17	3	5	1	00001111111111	10010110101001	10010100101010	0	0
1	18	3	5	2	00011000101100	10100111001000	00000110001000	0	0
1	19	2	5	3	01101101000100	11010001100111	10100101100110	0	0
1	20	2	5	4	01100110100111	01000010111101	10000100101100	0	0
2	1	3	1	1	11001100000001	00001111110111	10000010010010	0	0
2	2	3	1	2	10111011011001	00101010101000	10111111110000	0	0
2	3	1	1	3	10011001100001	00000000000000	10101110010000	0	0
2	4	2	1	4	10110001111011	11011101000101	01101011110110	0	0
2	5	2	2	1	00100011010101	10111110000101	10001111011111	0	1
2	6	1	2	2	01011011111100	10000000000000	11010000000000	0	0
2	7	2	2	3	10000100001011	01010101001110	00001100101010	0	0
2	8	1	2	4	01110111101001	01000000000000	10000110010101	0	1
2	9	2	3	1	11101111000100	01111101101001	00101100011111	0	0
2	10	2	3	2	01010111010111	10110010011011	00111101001100	0	0
2	11	2	3	3	11000101111000	10000110000100	00011110001111	0	0
2	12	2	3	4	00001101101010	00000111010110	11011000011000	0	1
2	13	2	4	1	11000100000101	01011011100011	00010101110001	0	0
2	14	2	4	2	01101100110100	01010100001100	00101011010111	0	0
2	15	3	4	3	01111000000101	11111110100011	10011100011000	0	0
2	16	2	4	4	01111000011011	01100011100110	00010110001101	0	0
2	17	2	5	1	00011110100010	10010100110101	10001011000111	0	1
2	18	2	5	2	11110011000111	01000110000011	00110101011110	0	0
2	19	1	5	3	10011000101011	11000000000000	01011011101100	0	0
2	20	3	5	4	00010111101010	10110100011001	00011011101100	0	0
3	1	1	1	1	10110010001100	00000000000000	01110000111101	0	1
3	2	3	1	2	01001101000010	01100110001111	10111000000111	0	0
3	3	2	1	3	01111110101001	10101001101111	01111110001111	0	0
3	4	1	1	4	01110100010100	10000000000000	00111000101111	0	0
3	5	1	2	1	00001101000010	01000000000000	11010011100100	0	0
3	6	2	2	2	01110111110110	00011011110110	10100001101011	0	0
3	7	2	2	3	11011110001000	11000101001101	10101011100100	0	0
3	8	2	2	4	10010100110100	11111110110010	00111111011011	0	0
3	9	2	3	1	00100000110010	01010110000000	00001110101011	0	0
3	10	2	3	2	11001101100100	00101000010101	01000111001011	0	0
3	11	3	3	3	00111101111100	10110100001001	10110101010110	0	0
3	12	2	3	4	00110101010101	00010101100110	10010000110111	0	1
3	13	2	4	1	10100100001001	01111000000010	00001001010111	0	0
3	14	2	4	2	10011001001010	10101011111010	00010010001010	0	1
3	15	3	4	3	10110111101110	10011010001011	10001010111010	0	0
3	16	1	4	4	10010111000011	11000000000000	01011101011100	0	0
3	17	2	5	1	00111001001101	00011100110100	11100010000100	0	1
3	18	2	5	2	01010011001001	01101001000000	01111111000101	0	0
3	19	2	5	3	11110100011100	10101011101101	11000110101110	0	0
3	20	3	5	4	00111011111100	10110101110010	01110110000100	0	0
4	1	2	1	1	10000011100101	01101011101010	00001101000001	0	1
4	2	3	1	2	10011000011111	10010111011000	01000111100100	0	0
4	3	1	1	3	00000011011001	00000000000000	10101010001110	0	1
4	4	2	1	4	10111011001111	11001100110010	01111011001111	0	0
4	5	1	2	1	01110010110011	10000000000000	00010111111011	0	0
4	6	2	2	2	00000010000101	11010000100101	11110111110111	0	0
4	7	3	2	3	10111000111101	01010001000101	11000110100100	0	0
4	8	2	2	4	00101000011001	01010110000101	11111100011111	0	0
4	9	3	3	1	01010101100101	00010010001000	01110101010000	0	0
4	10	2	3	2	10110110000010	01100110011000	10000110101011	0	0
4	11	2	3	3	01110111111111	10100011011101	01011011111111	0	0
4	12	2	3	4	11010110001100	00010111001001	11001010001111	0	0
4	13	3	4	1	10011110100000	01001101110100	10011100111010	0	0
4	14	1	4	2	10010100011000	01000000000000	11101101100111	0	0
4	15	2	4	3	01100011010111	01001001110010	00011111110011	0	1
4	16	2	4	4	00000111100001	00111111011111	01001110001011	0	1
4	17	1	5	1	11011010110001	11000000000000	10111110011010	0	0
4	18	2	5	2	00011100100000	10100010000101	11000100111000	0	0
4	19	2	5	3	10011010100011	10000010011110	11011001010000	0	0
4	20	2	5	4	11000100111110	10000110101010	00110000011101	0	0
5	1	2	1	1	11110111110000	00010100101110	00010111000001	0	0
5	2	2	1	2	01010110100010	11011011100110	01100011101001	0	0
5	3	3	1	3	01111010110101	10111100011101	10111001111010	0	0
5	4	2	1	4	00001001111000	10111100111111	00011100001011	0	0
5	5	2	2	1	10101010110111	11111001000100	10010000111111	0	0
5	6	2	2	2	01111010100000	01011011010010	00110100001000	0	0
5	7	2	2	3	10101111010110	00010100100001	10011010110100	0	0
5	8	2	2	4	01110101000111	00111100000111	10010010011010	0	0
5	9	3	3	1	01001100111111	10110011010101	10100001111010	0	0
5	10	3	3	2	01010101111010	00110010100111	01001110110010	0	0
5	11	1	3	3	01010100001111	00000000000000	11100000101111	0	0
5	12	2	3	4	01010001010110	01001110001100	11101110000100	0	0
5	13	3	4	1	01001110001011	01000010101111	00100011011111	0	1
5	14	2	4	2	01000010011000	10010111001101	01010100011111	0	1
5	15	1	4	3	10100010100100	10000000000000	10000101010101	0	1
5	16	2	4	4	00010000011011	01010001110111	00010101001001	0	1
5	17	1	5	1	11110000001000	01000000000000	10000100100100	0	0
5	18	1	5	2	11010110010000	11000000000000	11010001110101	0	0
5	19	2	5	3	01000011001010	10111110101010	00011111101011	0	0
5	20	2	5	4	10100010100110	01000011010010	01011010101101	0	0
6	1	2	1	1	01101000011000	10111100101101	10010001010000	0	0
6	2	3	1	2	11110111000010	00001001111000	11000010100011	0	0
6	3	2	1	3	11100101100000	10000010110000	01000110100101	0	0
6	4	2	1	4	10111111101011	11100111111100	00100111011111	0	0
6	5	2	2	1	11111001110011	10000000101010	11100100110111	0	0
6	6	2	2	2	00011000101010	00011010010010	00110111101111	0	0
6	7	2	2	3	01001011010101	01011101100111	10001111110010	0	0
6	8	1	2	4	00010010011100	11000010000111	10111111110001	0	0
6	9	2	3	1	01100000111101	11101010001111	00101011010011	0	0
6	10	2	3	2	11000101000001	01001110110111	11001001111000	0	1
6	11	1	3	3	00010111100100	00001101001100	00001010010001	0	0
6	12	2	3	4	10100101010100	10000010000000	00010101010110	0	0
6	13	2	4	1	10100001100100	01001100110010	01000100100110	0	0
6	14	2	4	2	00110100000010	11111011011000	11101101101110	0	1
6	15	3	4	3	00000000100000	00000101110000	00001110100000	0	0
6	16	2	4	4	11000101111010	00100010000111	10001100100100	0	0
6	17	1	5	1	11000101001001	01100000000110	10011111101111	0	1
6	18	3	5	2	11110010101100	01101111011111	10010001111010	0	0
6	19	1	5	3	01010100000100	10010110000111	10111011000111	0	1
6	20	3	5	4	00111111100001	10111100000000	01000011000100	0	0
7	1	2	1	1	01000110011000	00011101010001	11101011100110	0	0
7	2	1	1	2	10010010011100	10010000111001	10100100001100	0	0
7	3	2	1	3	01101101001001	01010011101001	11000001110111	0	0
7	4	2	1	4	01110110001100	11100000011010	11001001100010	0	1
7	5	3	2	1	10110100000010	11010001010110	11101000111000	0	0
7	6	3	2	2	00011011101111	01011110100011	01000001001000	0	0
7	7	2	2	3	10001111011110	10111001110010	00010000101110	0	1
7	8	3	2	4	00000010000100	01101110010100	00100100000101	0	0
7	9	1	3	1	11001101100110	11011110111000	01001101100010	0	0
7	10	2	3	2	10111101111010	11110110000010	00111110101000	0	0
7	11	2	3	3	00011000100010	00001011111100	11111100111101	0	0
7	12	2	3	4	00100000111001	10011100000011	00001010011001	0	0
7	13	1	4	1	00111111001010	00111011101110	00010001000111	0	0
7	14	2	4	2	10101011011100	11101001101010	11101111011000	0	0
7	15	2	4	3	00011010011010	10110111001101	10010101000101	0	0
7	16	1	4	4	00110010100001	11100000110011	01010010110100	0	1
7	17	2	5	1	11110011010000	00010000011011	00001011010010	0	0
7	18	2	5	2	10011000110101	10100111100001	01111001010000	0	1
7	19	3	5	3	11000000101001	01110101110001	01001111001110	0	0
7	20	2	5	4	01110010011001	00110010111000	11101000010010	0	0
8	1	1	1	1	10111100000010	11010001110101	10110001101011	0	0
8	2	2	1	2	01010110100110	00001000011101	00011000110101	0	0
8	3	2	1	3	10010010111011	11111111011111	01000000000011	0	0
8	4	2	1	4	11001110000011	11111001000011	11100000111011	0	0
8	5	2	2	1	10010000111011	01011101001011	11010110110001	0	0
8	6	3	2	2	01001011111001	01100011101010	10100111000010	0	0
8	7	1	2	3	11110010101000	01010011000011	11110100000101	0	0
8	8	2	2	4	01111111010001	00101111111101	10100011111001	0	0
8	9	1	3	1	01101001010111	01111011110111	00110000110101	0	1
8	10	2	3	2	10001010101011	01110111111100	10001011110101	0	0
8	11	2	3	3	00101101111001	11111111101100	00000100110000	0	1
8	12	3	3	4	00101111100010	00000010001010	11110011011100	0	0
8	13	2	4	1	01100111101000	01101000001011	00011110010000	0	1
8	14	2	4	2	11001000011100	01001001111101	10101101110011	0	0
8	15	1	4	3	10100101000111	11110001000110	10111110010110	0	1
8	16	2	4	4	10110111000010	11101111000110	10000010010111	0	0
8	17	3	5	1	11110110100011	11101111100011	01000101101010	0	0
8	18	2	5	2	01110000001100	10101111000110	01000001111111	0	0
8	19	2	5	3	11110000010101	00100111000100	11000000111000	0	0
8	20	3	5	4	10100100011110	01111010010111	11100001001010	0	0
9	1	2	1	1	10111000001100	10101110111001	01001011000000	0	0
9	2	1	1	2	00110101001001	00110100100011	01111001111101	0	0
9	3	3	1	3	11010001100100	11100101011000	00111011010101	0	0
9	4	2	1	4	01001001111001	01011100110011	01001011000000	0	0
9	5	2	2	1	00001110010100	00110010110011	01011111000000	0	0
9	6	2	2	2	11000100100101	10101010111010	11010100111010	0	0
9	7	1	2	3	11110011000100	01101000110010	00010111100110	0	0
9	8	2	2	4	11101011010101	01101101001111	00100101110110	0	0
9	9	3	3	1	10010011110101	10010111100111	01100100010111	0	1
9	10	1	3	2	00001100101110	10100010111011	00010100011011	0	0
9	11	2	3	3	01111100111000	11110111000100	01000010000011	0	0
9	12	2	3	4	10011110011000	11001001111100	11010010000100	0	0
9	13	1	4	1	11110001111001	11111111101100	10001010001101	0	0
9	14	2	4	2	01100010101010	10011110111100	10100000110110	0	1
9	15	2	4	3	10000100001000	01010000111101	00011110000000	0	0
9	16	2	4	4	10001011010000	11100011011001	00100000001010	0	1
9	17	2	5	1	01010000000111	10000111001111	00111110110010	0	0
9	18	3	5	2	10001000010011	11000010000101	11011001111111	0	1
9	19	3	5	3	01001111100011	01111110000010	01110100110111	0	0
9	20	2	5	4	11011110011111	11001100110110	01101000011110	0	0
10	1	3	1	1	11000000101000	01000001011000	11001111110001	0	0
10	2	1	1	2	10011011001111	01001010000100	10000011000101	0	0
10	3	2	1	3	10111111110000	10110110010001	00110011011100	0	0
10	4	2	1	4	00101000000001	01011010111101	11100011000011	0	0
10	5	1	2	1	00001100111001	11000010001110	11100011100111	0	0
10	6	3	2	2	00011101011110	10000000111100	11011010010110	0	0
10	7	1	2	3	01111111010110	11101010101100	00011111111101	0	0
10	8	2	2	4	10001101101110	00101011100000	10001001001001	0	1
10	9	2	3	1	01101100011011	10100110010111	00011101001010	0	0
10	10	2	3	2	11011110111001	10100011011101	10110101110101	0	1
10	11	2	3	3	11010101000000	10101100010110	10011010001001	0	0
10	12	2	3	4	01011101001101	01000110110001	00001011100100	0	1
10	13	3	4	1	00111101101101	11010101000011	10111110001000	0	0
10	14	2	4	2	00100111010001	00101010011111	00101110010000	0	1
10	15	3	4	3	11110011100010	00101110011101	11000110110111	0	0
10	16	2	4	4	10100111101111	00110111111010	10110001101011	0	0
10	17	2	5	1	00110011011101	11001011111011	11001100010101	0	0
10	18	2	5	2	01001101100111	10010000000101	10111110110101	0	0
10	19	1	5	3	11111000110010	01011100100101	11000101011100	0	0
10	20	2	5	4	00100011011001	11111000111101	01011010100000	0	0
11	1	2	1	1	00101001101111	11101100010010	00010001001000	0	1
11	2	3	1	2	11110000000000	10010001100000	01100100110111	0	0
11	3	2	1	3	10000000111110	00111011011011	10100000100000	0	0
11	4	2	1	4	11110101011101	01100101110111	00100011110101	0	0
11	5	1	2	1	01000011000010	11010110011111	00000101110010	0	0
11	6	2	2	2	10000100100011	10111001010011	00000010100101	0	1
11	7	3	2	3	00101110001111	01011100011101	01011110001001	0	0
11	8	2	2	4	01001110111001	11010111011011	10010010011101	0	0
11	9	2	3	1	11111111110110	11100110100111	11110101101110	0	1
11	10	2	3	2	11110011001001	00101000001010	00101101101011	0	0
11	11	1	3	3	01111100100111	01010101101110	01000010110010	0	0
11	12	1	3	4	11001011101001	11010011000100	01100110010111	0	1
11	13	2	4	1	11001110111100	00101100110001	00010101111111	0	0
11	14	1	4	2	01100101100001	10111100101111	01110111111111	0	0
11	15	2	4	3	01010010000100	11010110100001	10110011000100	0	0
11	16	3	4	4	00101100101010	10000110000000	01000101010100	0	0
11	17	2	5	1	10100000011110	10011010011011	10010111001001	0	0
11	18	2	5	2	11010000101000	01100001001001	10111101010101	0	0
11	19	3	5	3	10101101000100	10010101101000	00110101110010	0	0
11	20	2	5	4	10100110110101	10111011110011	11110101100000	0	0
12	1	2	1	1	00100000100011	00001011010000	10001101001010	0	0
12	2	2	1	2	00110101101101	00101011000111	00111001110010	1	0
12	3	3	1	3	11111011011101	11110111000100	11100010111001	0	0
12	4	1	1	4	11101110110100	01110010100010	11101100000100	0	0
12	5	2	1	5	11011100001011	00111101000011	10000001001110	0	0
12	6	2	2	1	01100101000010	11001111011011	10011001111101	1	1
12	7	1	2	2	01101101010100	01110100011101	11101011111110	0	0
12	8	2	2	3	01111010100000	01101100000001	11010001110010	1	0
12	9	2	2	4	01101111101000	11111010000110	11110101110011	0	1
12	10	2	2	5	00111111111010	01100011101000	10010110000000	0	1
12	11	1	3	1	00000111001011	00101100010110	00101110100011	0	0
12	12	2	3	2	01100001011001	10101001111101	10001111000110	0	0
12	13	1	3	3	00101101110000	00101101100110	11111111001011	0	0
12	14	2	3	4	01000101101110	11000001000101	01110110110000	1	1
12	15	3	3	5	01111111000111	00101100011110	11010110000001	0	0
12	16	2	4	1	10100000110101	00000100101001	01001100001001	0	0
12	17	3	4	2	00110100111100	01100001010111	00101100111011	0	1
12	18	2	4	3	10100111101100	00110100010110	00001100001011	0	1
12	19	2	4	4	01011111011100	10111000000101	00011101000100	0	0
12	20	2	4	5	11001000010011	10011101011101	00001111011110	0	1
12	21	3	5	1	01111100000100	11011111001111	01011110010001	0	0
12	22	2	5	2	11010111101010	01111010110111	00111110000001	0	1
12	23	2	5	3	10000101110111	10110011001110	10011111101001	0	0
12	24	2	5	4	00101011111101	11011100100101	00100000000000	0	0
12	25	2	5	5	01010011011111	10110110111001	11011001011110	1	0
13	1	2	1	1	00010011001101	11000000010111	11010000001111	0	0
13	2	2	1	2	11110111001101	01000110110010	01000100100101	1	0
13	3	2	1	3	10101101010110	00101011101000	01101100111010	0	1
13	4	2	1	4	11010111001011	11001000011011	11100101110001	0	0
13	5	3	1	5	10000111011010	11011111010110	01000001001111	0	0
13	6	2	2	1	11011011100001	11110101000001	10010000111000	0	1
13	7	3	2	2	00100001100100	10001110000101	11011100110011	0	0
13	8	1	2	3	01000001111001	00111011011000	00000110010010	0	0
13	9	1	2	4	00110100000100	11110000110101	10011011011001	0	1
13	10	3	2	5	00010010111110	11100111000011	00011011010001	0	0
13	11	1	3	1	10011101111100	11010110011001	01111010111101	0	0
13	12	2	3	2	10000010000011	11110011001000	01111001100100	1	1
13	13	2	3	3	01100001110100	10010111100100	10010110111110	0	1
13	14	2	3	4	11100010110101	10011111111111	11011010000100	0	1
13	15	2	3	5	11100101111011	01111000000011	00110011000011	0	0
13	16	2	4	1	11100100111110	01101011110010	11111111010010	0	1
13	17	2	4	2	00111010100100	11000000010011	01101001101001	0	0
13	18	2	4	3	10011100010000	11010001110111	11100101101010	0	0
13	19	2	4	4	10000101100110	10011111100001	10011010100010	1	0
13	20	2	4	5	00001011000111	00110010010101	11100100000000	0	0
13	21	3	5	1	00011010001100	10100001010100	10101001000011	0	0
13	22	2	5	2	11110110110000	11001000100100	00101010011010	1	0
13	23	2	5	3	10101010111101	01001111011110	11011001100001	0	0
13	24	1	5	4	00111101001000	11010110001000	11010100000001	0	1
13	25	2	5	5	00010000101011	10101100000100	11000100000010	1	0
14	1	2	1	1	11000111111001	01001001100001	10011000000010	0	0
14	2	2	1	2	01011110001011	11000010001001	00000000000010	0	0
14	3	2	1	3	00000101111111	11011011000111	10101101111110	0	0
14	4	2	1	4	10000100001001	11011110110010	11010000101001	1	0
14	5	2	1	5	10010011111011	00111101111010	10111111100000	0	1
14	6	2	2	1	10001010011001	10111011101011	11011011000101	1	0
14	7	2	2	2	10001001101011	11110101100110	10001100011010	1	0
14	8	2	2	3	01010001011011	00010101011100	01101110110100	0	0
14	9	2	2	4	00001011100010	00001101110110	10110001111111	0	1
14	10	2	2	5	00111100011000	00111001011000	10111001100011	0	0
14	11	3	3	1	11110101100111	01010100010011	11100010100010	0	0
14	12	2	3	2	10101010111101	00110000010100	01011011000101	0	0
14	13	2	3	3	01001000010001	01011110100000	00110100010110	1	0
14	14	2	3	4	00101101111010	10000000010001	11101101111001	0	0
14	15	3	3	5	00000001011001	10111110110001	11110010101111	0	0
14	16	1	4	1	01011010010010	01111011100000	01101010100100	0	1
14	17	1	4	2	00010010111001	01001000010001	01010100001101	0	1
14	18	1	4	3	00000010001101	11001111011100	01011010010000	0	1
14	19	2	4	4	11011100100110	11001010001101	00111101000110	0	0
14	20	2	4	5	00111111110100	01101000100101	11111111011101	0	1
14	21	1	5	1	00001000111001	00000010101100	11000101011010	0	0
14	22	2	5	2	01111110000101	00111101001010	00000101110000	1	1
14	23	3	5	3	01101100010011	01001110111111	11010011010111	0	1
14	24	2	5	4	10111001000101	00111010010110	10001010010110	0	0
14	25	3	5	5	11011010111101	00010111111111	11010010101111	0	0
